,data_indexes,lables,Latitude,Longitude,Parent Incident Type
0,0,3,42.897,-78.838,Theft
2,2,3,42.85,-78.803,Assault
9,9,3,42.853,-78.804,Theft of Vehicle
10,10,3,42.898,-78.839,Theft of Vehicle
11,11,3,42.893,-78.841,Robbery
13,13,3,42.87,-78.83,Theft of Vehicle
30,33,3,42.848,-78.812,Theft
36,40,3,42.875,-78.831,Theft of Vehicle
41,45,3,42.872,-78.818,Theft
43,47,3,42.853,-78.82,Assault
45,49,3,42.889,-78.808,Theft of Vehicle
51,56,3,42.85,-78.815,Assault
55,60,3,42.855,-78.828,Assault
58,63,3,42.88,-78.841,Assault
64,70,3,42.858,-78.831,Theft
81,87,3,42.851,-78.823,Theft of Vehicle
82,89,3,42.842,-78.809,Theft of Vehicle
90,98,3,42.856,-78.817,Breaking & Entering
92,100,3,42.845,-78.821,Breaking & Entering
94,102,3,42.845,-78.824,Robbery
103,111,3,42.858,-78.813,Assault
106,114,3,42.851,-78.801,Theft of Vehicle
110,119,3,42.88,-78.804,Theft
115,124,3,42.89,-78.845,Assault
118,128,3,42.858,-78.831,Theft
125,136,3,42.893,-78.841,Assault
136,148,3,42.835,-78.81,Breaking & Entering
141,154,3,42.85,-78.815,Theft of Vehicle
142,155,3,42.85,-78.812,Theft
150,163,3,42.851,-78.802,Assault
154,167,3,42.847,-78.828,Theft of Vehicle
160,173,3,42.854,-78.83,Breaking & Entering
164,177,3,42.881,-78.801,Theft
177,191,3,42.871,-78.839,Theft
179,193,3,42.895,-78.83,Theft
195,209,3,42.896,-78.841,Assault
200,215,3,42.855,-78.81,Theft
202,217,3,42.842,-78.818,Theft
204,219,3,42.847,-78.827,Theft
216,232,3,42.889,-78.811,Assault
217,233,3,42.877,-78.847,Theft of Vehicle
220,236,3,42.896,-78.839,Theft
221,237,3,42.895,-78.807,Breaking & Entering
223,239,3,42.858,-78.818,Theft
224,240,3,42.872,-78.853,Theft of Vehicle
228,244,3,42.87,-78.826,Breaking & Entering
235,251,3,42.897,-78.821,Breaking & Entering
241,257,3,42.872,-78.805,Breaking & Entering
247,263,3,42.856,-78.833,Theft
253,269,3,42.886,-78.817,Theft
256,272,3,42.877,-78.802,Breaking & Entering
266,282,3,42.858,-78.807,Breaking & Entering
270,286,3,42.859,-78.814,Theft of Vehicle
277,293,3,42.885,-78.806,Theft of Vehicle
280,297,3,42.895,-78.828,Theft of Vehicle
286,303,3,42.853,-78.823,Theft
295,313,3,42.862,-78.812,Assault
297,315,3,42.856,-78.809,Theft of Vehicle
309,328,3,42.893,-78.839,Robbery
317,336,3,42.871,-78.81,Assault
321,340,3,42.888,-78.836,Robbery
324,343,3,42.893,-78.838,Robbery
329,348,3,42.889,-78.84,Theft
339,358,3,42.85,-78.831,Theft
342,361,3,42.836,-78.807,Theft
354,375,3,42.874,-78.817,Theft
360,381,3,42.852,-78.834,Theft
363,384,3,42.891,-78.802,Assault
364,385,3,42.879,-78.835,Breaking & Entering
366,387,3,42.872,-78.811,Theft
368,389,3,42.874,-78.827,Assault
387,409,3,42.872,-78.81,Theft
389,411,3,42.858,-78.831,Assault
390,412,3,42.885,-78.839,Assault
391,413,3,42.845,-78.826,Theft
393,415,3,42.856,-78.824,Theft
399,421,3,42.872,-78.843,Breaking & Entering
407,429,3,42.857,-78.811,Assault
416,438,3,42.854,-78.806,Theft of Vehicle
419,441,3,42.839,-78.824,Theft
422,444,3,42.887,-78.806,Homicide
427,449,3,42.891,-78.83,Theft of Vehicle
431,453,3,42.878,-78.801,Theft
432,454,3,42.894,-78.828,Assault
438,460,3,42.879,-78.841,Theft of Vehicle
439,461,3,42.867,-78.846,Robbery
453,476,3,42.881,-78.801,Theft
454,477,3,42.892,-78.831,Theft of Vehicle
457,480,3,42.882,-78.804,Breaking & Entering
459,483,3,42.892,-78.833,Assault
468,493,3,42.871,-78.852,Sexual Offense
469,494,3,42.877,-78.828,Breaking & Entering
479,505,3,42.894,-78.83,Breaking & Entering
482,509,3,42.889,-78.808,Theft
483,510,3,42.896,-78.826,Theft
484,511,3,42.85,-78.815,Theft
497,524,3,42.849,-78.801,Theft of Vehicle
506,534,3,42.873,-78.804,Theft
514,542,3,42.871,-78.811,Breaking & Entering
519,548,3,42.873,-78.807,Assault
522,551,3,42.893,-78.841,Theft
524,553,3,42.887,-78.806,Breaking & Entering
527,556,3,42.891,-78.841,Assault
529,558,3,42.891,-78.833,Assault
533,562,3,42.887,-78.8,Breaking & Entering
538,567,3,42.836,-78.807,Assault
539,568,3,42.885,-78.84,Theft
547,576,3,42.897,-78.831,Breaking & Entering
548,577,3,42.866,-78.83,Theft of Vehicle
549,578,3,42.891,-78.81,Assault
552,581,3,42.889,-78.808,Theft
554,583,3,42.876,-78.827,Breaking & Entering
557,586,3,42.896,-78.822,Breaking & Entering
564,594,3,42.85,-78.828,Theft of Vehicle
567,597,3,42.895,-78.83,Assault
580,610,3,42.894,-78.841,Assault
583,613,3,42.848,-78.824,Robbery
588,618,3,42.892,-78.83,Assault
590,620,3,42.85,-78.823,Theft
595,626,3,42.894,-78.824,Theft of Vehicle
597,628,3,42.879,-78.835,Assault
599,630,3,42.859,-78.813,Breaking & Entering
602,633,3,42.849,-78.824,Theft
614,648,3,42.872,-78.804,Theft
617,651,3,42.852,-78.801,Theft
623,658,3,42.853,-78.822,Theft
631,667,3,42.897,-78.83,Theft of Vehicle
632,668,3,42.892,-78.802,Theft
640,678,3,42.888,-78.813,Breaking & Entering
646,684,3,42.858,-78.832,Assault
649,687,3,42.868,-78.808,Robbery
650,688,3,42.878,-78.833,Theft
655,693,3,42.889,-78.838,Assault
657,695,3,42.877,-78.847,Breaking & Entering
667,705,3,42.858,-78.831,Theft
669,707,3,42.897,-78.818,Theft
671,709,3,42.858,-78.832,Theft
680,719,3,42.857,-78.824,Theft of Vehicle
682,721,3,42.899,-78.838,Assault
683,722,3,42.893,-78.837,Assault
697,737,3,42.896,-78.82,Theft
715,756,3,42.858,-78.831,Theft
719,760,3,42.877,-78.811,Theft
728,769,3,42.847,-78.802,Breaking & Entering
740,782,3,42.842,-78.824,Theft of Vehicle
741,783,3,42.869,-78.85,Theft
745,787,3,42.888,-78.837,Homicide
747,789,3,42.88,-78.802,Theft
748,790,3,42.887,-78.837,Theft
752,794,3,42.881,-78.801,Theft
754,796,3,42.872,-78.805,Theft of Vehicle
759,801,3,42.877,-78.841,Theft
765,808,3,42.893,-78.809,Theft
775,823,3,42.882,-78.834,Assault
777,825,3,42.855,-78.808,Assault
780,828,3,42.873,-78.809,Theft of Vehicle
781,829,3,42.844,-78.825,Theft of Vehicle
783,831,3,42.895,-78.832,Robbery
788,836,3,42.897,-78.82,Theft of Vehicle
791,839,3,42.872,-78.811,Theft of Vehicle
792,840,3,42.873,-78.827,Theft
795,843,3,42.887,-78.816,Theft
802,851,3,42.872,-78.807,Theft
805,855,3,42.856,-78.825,Theft
807,857,3,42.878,-78.801,Theft
809,860,3,42.858,-78.813,Theft of Vehicle
812,863,3,42.837,-78.823,Theft
814,865,3,42.886,-78.802,Theft
816,867,3,42.893,-78.824,Breaking & Entering
818,869,3,42.872,-78.816,Breaking & Entering
821,872,3,42.897,-78.819,Assault
829,880,3,42.863,-78.805,Theft
830,881,3,42.875,-78.826,Theft
834,885,3,42.895,-78.83,Theft of Vehicle
837,888,3,42.891,-78.838,Theft
838,889,3,42.872,-78.804,Breaking & Entering
845,898,3,42.894,-78.835,Theft of Vehicle
846,899,3,42.897,-78.819,Assault
850,903,3,42.887,-78.815,Theft
852,905,3,42.868,-78.81,Theft
857,911,3,42.881,-78.801,Theft
859,914,3,42.852,-78.829,Theft
877,932,3,42.89,-78.807,Theft of Vehicle
879,934,3,42.852,-78.825,Theft of Vehicle
882,938,3,42.84,-78.803,Theft
899,956,3,42.856,-78.808,Assault
905,962,3,42.87,-78.808,Assault
906,963,3,42.898,-78.833,Breaking & Entering
907,964,3,42.872,-78.853,Theft
930,988,3,42.85,-78.815,Theft of Vehicle
947,1007,3,42.885,-78.848,Breaking & Entering
953,1013,3,42.885,-78.81,Theft of Vehicle
960,1020,3,42.886,-78.827,Robbery
965,1025,3,42.896,-78.821,Theft of Vehicle
969,1029,3,42.881,-78.827,Breaking & Entering
972,1032,3,42.89,-78.8,Breaking & Entering
973,1033,3,42.855,-78.811,Breaking & Entering
978,1039,3,42.839,-78.824,Theft
986,1047,3,42.87,-78.834,Breaking & Entering
989,1050,3,42.889,-78.808,Theft
997,1059,3,42.893,-78.839,Assault
998,1060,3,42.848,-78.824,Theft
1010,1073,3,42.881,-78.839,Theft
1011,1074,3,42.878,-78.801,Theft
1013,1076,3,42.848,-78.812,Theft
1016,1080,3,42.849,-78.811,Theft of Vehicle
1026,1091,3,42.874,-78.806,Theft of Vehicle
1027,1092,3,42.875,-78.803,Assault
1034,1099,3,42.899,-78.822,Assault
1035,1100,3,42.89,-78.802,Robbery
1039,1104,3,42.89,-78.807,Assault
1042,1108,3,42.871,-78.85,Theft
1048,1114,3,42.897,-78.825,Theft
1050,1116,3,42.893,-78.839,Assault
1064,1134,3,42.891,-78.833,Assault
1067,1137,3,42.894,-78.835,Theft
1070,1141,3,42.858,-78.811,Theft
1079,1150,3,42.88,-78.814,Theft
1108,1182,3,42.833,-78.824,Theft
1109,1183,3,42.851,-78.802,Sexual Offense
1111,1185,3,42.848,-78.824,Theft
1113,1187,3,42.887,-78.802,Breaking & Entering
1118,1192,3,42.839,-78.856,Theft
1119,1193,3,42.854,-78.804,Theft of Vehicle
1123,1198,3,42.854,-78.805,Theft
1124,1199,3,42.855,-78.806,Sexual Offense
1125,1200,3,42.845,-78.823,Theft
1126,1201,3,42.857,-78.83,Theft of Vehicle
1127,1202,3,42.846,-78.826,Breaking & Entering
1128,1203,3,42.857,-78.813,Theft
1129,1204,3,42.879,-78.833,Breaking & Entering
1131,1206,3,42.883,-78.836,Breaking & Entering
1139,1215,3,42.888,-78.808,Theft
1140,1217,3,42.89,-78.837,Theft of Vehicle
1143,1220,3,42.895,-78.83,Theft
1148,1226,3,42.872,-78.816,Theft of Vehicle
1149,1227,3,42.878,-78.801,Theft
1151,1229,3,42.894,-78.803,Homicide
1152,1230,3,42.893,-78.831,Theft of Vehicle
1153,1231,3,42.881,-78.801,Theft
1160,1238,3,42.88,-78.804,Theft
1164,1242,3,42.858,-78.808,Assault
1165,1243,3,42.894,-78.836,Theft
1172,1250,3,42.896,-78.82,Theft of Vehicle
1178,1259,3,42.841,-78.809,Theft
1179,1260,3,42.874,-78.81,Theft
1193,1275,3,42.848,-78.824,Theft
1201,1283,3,42.88,-78.836,Theft
1205,1287,3,42.855,-78.833,Assault
1207,1289,3,42.891,-78.811,Theft
1208,1290,3,42.859,-78.825,Theft
1209,1291,3,42.86,-78.815,Theft of Vehicle
1222,1304,3,42.852,-78.826,Theft of Vehicle
1225,1307,3,42.885,-78.816,Theft
1226,1308,3,42.893,-78.84,Assault
1227,1309,3,42.854,-78.828,Theft
1228,1310,3,42.837,-78.824,Breaking & Entering
1230,1312,3,42.894,-78.842,Theft
1231,1313,3,42.871,-78.837,Theft of Vehicle
1232,1314,3,42.879,-78.801,Theft of Vehicle
1234,1316,3,42.858,-78.813,Assault
1235,1317,3,42.889,-78.809,Breaking & Entering
1236,1318,3,42.858,-78.815,Theft of Vehicle
1247,1331,3,42.85,-78.83,Theft
1254,1338,3,42.891,-78.808,Theft
1256,1340,3,42.845,-78.83,Theft
1257,1341,3,42.872,-78.802,Robbery
1258,1342,3,42.857,-78.811,Breaking & Entering
1262,1347,3,42.867,-78.849,Assault
1264,1349,3,42.852,-78.804,Theft of Vehicle
1268,1353,3,42.885,-78.804,Theft
1269,1354,3,42.853,-78.823,Theft
1270,1355,3,42.895,-78.82,Breaking & Entering
1271,1356,3,42.897,-78.814,Robbery
1280,1365,3,42.887,-78.812,Theft of Vehicle
1281,1366,3,42.851,-78.827,Sexual Offense
1282,1367,3,42.897,-78.814,Theft of Vehicle
1285,1370,3,42.869,-78.831,Robbery
1286,1371,3,42.893,-78.831,Theft of Vehicle
1288,1373,3,42.85,-78.825,Theft
1300,1386,3,42.854,-78.816,Theft of Vehicle
1312,1398,3,42.86,-78.825,Theft
1314,1400,3,42.842,-78.822,Theft
1324,1411,3,42.843,-78.821,Theft of Vehicle
1333,1420,3,42.878,-78.808,Theft
1341,1429,3,42.865,-78.825,Assault
1344,1433,3,42.873,-78.82,Robbery
1349,1438,3,42.872,-78.801,Theft of Vehicle
1359,1449,3,42.844,-78.825,Breaking & Entering
1365,1455,3,42.894,-78.834,Theft
1366,1456,3,42.848,-78.832,Sexual Offense
1372,1462,3,42.87,-78.839,Theft
1383,1473,3,42.889,-78.808,Theft
1390,1481,3,42.895,-78.827,Theft
1399,1490,3,42.889,-78.837,Theft
1411,1502,3,42.877,-78.845,Theft
1412,1503,3,42.846,-78.828,Theft
1414,1505,3,42.871,-78.802,Breaking & Entering
1422,1514,3,42.878,-78.832,Theft of Vehicle
1434,1526,3,42.888,-78.805,Assault
1436,1529,3,42.855,-78.828,Theft of Vehicle
1438,1532,3,42.855,-78.828,Theft
1443,1538,3,42.895,-78.842,Theft of Vehicle
1449,1545,3,42.838,-78.808,Theft
1451,1547,3,42.856,-78.809,Sexual Offense
1476,1574,3,42.892,-78.814,Theft
1480,1578,3,42.848,-78.801,Assault
1482,1580,3,42.885,-78.839,Robbery
1492,1591,3,42.854,-78.832,Breaking & Entering
1495,1594,3,42.845,-78.823,Assault
1499,1599,3,42.872,-78.821,Theft
1509,1610,3,42.893,-78.84,Theft of Vehicle
1521,1624,3,42.897,-78.838,Theft
1523,1626,3,42.893,-78.823,Breaking & Entering
1527,1630,3,42.848,-78.824,Sexual Offense
1537,1641,3,42.843,-78.82,Assault
1548,1654,3,42.894,-78.83,Theft
1561,1669,3,42.833,-78.824,Theft of Vehicle
1562,1670,3,42.867,-78.808,Theft
1585,1695,3,42.893,-78.83,Theft
1594,1706,3,42.876,-78.852,Theft
1596,1708,3,42.897,-78.838,Assault
1613,1726,3,42.894,-78.804,Theft of Vehicle
1616,1730,3,42.869,-78.802,Assault
1619,1733,3,42.851,-78.824,Theft of Vehicle
1625,1739,3,42.896,-78.817,Theft
1628,1742,3,42.881,-78.801,Theft
1629,1743,3,42.882,-78.84,Robbery
1639,1753,3,42.893,-78.841,Theft
1642,1756,3,42.896,-78.815,Theft
1648,1763,3,42.872,-78.8,Theft
1650,1765,3,42.858,-78.831,Theft
1656,1771,3,42.846,-78.816,Theft of Vehicle
1657,1772,3,42.893,-78.831,Theft of Vehicle
1661,1777,3,42.894,-78.805,Sexual Offense
1665,1781,3,42.878,-78.801,Theft
1666,1782,3,42.895,-78.827,Theft
1670,1786,3,42.873,-78.819,Theft
1672,1788,3,42.898,-78.807,Theft
1679,1796,3,42.857,-78.811,Theft of Vehicle
1686,1803,3,42.85,-78.803,Theft of Vehicle
1688,1805,3,42.853,-78.814,Theft
1709,1826,3,42.889,-78.813,Theft
1710,1827,3,42.868,-78.806,Assault
1717,1834,3,42.888,-78.8,Theft
1734,1852,3,42.868,-78.808,Breaking & Entering
1735,1853,3,42.842,-78.828,Assault
1737,1855,3,42.854,-78.806,Theft of Vehicle
1745,1863,3,42.87,-78.847,Theft
1752,1870,3,42.857,-78.824,Theft
1755,1873,3,42.894,-78.835,Robbery
1765,1885,3,42.887,-78.803,Breaking & Entering
1772,1892,3,42.884,-78.835,Breaking & Entering
1775,1895,3,42.86,-78.812,Assault
1779,1899,3,42.887,-78.814,Breaking & Entering
1781,1902,3,42.869,-78.812,Theft of Vehicle
1783,1904,3,42.897,-78.815,Assault
1794,1915,3,42.895,-78.825,Theft
1800,1921,3,42.887,-78.815,Theft
1803,1924,3,42.85,-78.815,Theft
1805,1926,3,42.852,-78.823,Assault
1806,1927,3,42.851,-78.82,Theft of Vehicle
1807,1928,3,42.85,-78.802,Theft
1813,1934,3,42.872,-78.815,Theft
1814,1935,3,42.851,-78.806,Assault
1822,1943,3,42.861,-78.81,Assault
1826,1947,3,42.871,-78.839,Robbery
1834,1955,3,42.872,-78.834,Theft
1843,1965,3,42.859,-78.804,Breaking & Entering
1859,1981,3,42.87,-78.815,Assault
1862,1984,3,42.895,-78.825,Theft
1865,1988,3,42.848,-78.812,Assault
1866,1989,3,42.897,-78.825,Theft
1869,1992,3,42.855,-78.81,Theft of Vehicle
1871,1994,3,42.89,-78.807,Theft of Vehicle
1876,1999,3,42.898,-78.816,Theft of Vehicle
1882,2006,3,42.841,-78.816,Theft
1883,2007,3,42.888,-78.835,Theft
1886,2010,3,42.858,-78.831,Theft
1891,2015,3,42.869,-78.817,Breaking & Entering
1892,2016,3,42.871,-78.809,Theft of Vehicle
1900,2024,3,42.855,-78.811,Theft
1903,2027,3,42.844,-78.825,Assault
1915,2040,3,42.889,-78.807,Assault
1919,2044,3,42.843,-78.824,Assault
1932,2058,3,42.874,-78.811,Assault
1933,2061,3,42.886,-78.817,Theft
1942,2070,3,42.897,-78.819,Theft
1943,2071,3,42.892,-78.811,Theft
1950,2079,3,42.842,-78.82,Theft
1962,2091,3,42.841,-78.809,Theft
1969,2098,3,42.896,-78.836,Assault
1975,2104,3,42.863,-78.814,Breaking & Entering
1981,2110,3,42.894,-78.821,Assault
1983,2112,3,42.894,-78.82,Robbery
1984,2113,3,42.899,-78.824,Theft
1985,2114,3,42.881,-78.801,Theft
1988,2117,3,42.88,-78.842,Theft
1991,2121,3,42.848,-78.812,Assault
1996,2126,3,42.872,-78.802,Assault
2000,2130,3,42.879,-78.841,Assault
2009,2139,3,42.896,-78.826,Theft
2010,2140,3,42.887,-78.845,Assault
2013,2143,3,42.841,-78.821,Theft
2017,2147,3,42.898,-78.835,Assault
2018,2148,3,42.867,-78.846,Theft of Vehicle
2023,2154,3,42.896,-78.817,Theft of Vehicle
2024,2155,3,42.898,-78.816,Theft
2035,2169,3,42.857,-78.809,Assault
2039,2173,3,42.896,-78.821,Breaking & Entering
2041,2175,3,42.87,-78.809,Theft of Vehicle
2042,2176,3,42.873,-78.804,Theft
2053,2187,3,42.867,-78.85,Assault
2056,2190,3,42.897,-78.824,Assault
2057,2191,3,42.856,-78.828,Theft
2058,2192,3,42.84,-78.824,Theft of Vehicle
2061,2195,3,42.886,-78.805,Breaking & Entering
2065,2199,3,42.832,-78.811,Theft
2068,2202,3,42.87,-78.839,Assault
2075,2209,3,42.848,-78.824,Robbery
2077,2211,3,42.897,-78.819,Robbery
2078,2212,3,42.897,-78.838,Theft
2084,2218,3,42.838,-78.806,Theft
2087,2221,3,42.867,-78.809,Theft
2091,2226,3,42.85,-78.827,Theft
2094,2229,3,42.898,-78.823,Theft
2095,2230,3,42.845,-78.811,Assault
2100,2236,3,42.862,-78.815,Theft
2108,2244,3,42.833,-78.805,Theft
2116,2253,3,42.879,-78.835,Theft of Vehicle
2127,2267,3,42.848,-78.824,Assault
2129,2269,3,42.895,-78.819,Theft
2130,2270,3,42.885,-78.84,Theft
2131,2271,3,42.873,-78.829,Breaking & Entering
2138,2278,3,42.858,-78.813,Robbery
2144,2284,3,42.878,-78.801,Theft
2186,2330,3,42.896,-78.817,Robbery
2196,2341,3,42.857,-78.831,Theft of Vehicle
2197,2342,3,42.846,-78.824,Assault
2200,2345,3,42.857,-78.812,Theft of Vehicle
2209,2355,3,42.868,-78.809,Assault
2215,2361,3,42.894,-78.825,Theft
2217,2363,3,42.893,-78.81,Theft
2224,2370,3,42.886,-78.802,Breaking & Entering
2226,2372,3,42.873,-78.805,Sexual Offense
2229,2375,3,42.856,-78.809,Robbery
2239,2385,3,42.893,-78.837,Robbery
2244,2390,3,42.856,-78.824,Theft
2245,2392,3,42.841,-78.809,Theft
2251,2398,3,42.863,-78.815,Assault
2258,2405,3,42.892,-78.841,Theft
2261,2409,3,42.858,-78.807,Breaking & Entering
2263,2411,3,42.858,-78.811,Assault
2283,2432,3,42.857,-78.812,Theft
2293,2443,3,42.891,-78.804,Assault
2295,2445,3,42.888,-78.815,Assault
2299,2452,3,42.862,-78.816,Theft
2318,2472,3,42.889,-78.837,Assault
2319,2473,3,42.886,-78.8,Theft
2321,2475,3,42.892,-78.837,Theft
2325,2479,3,42.88,-78.802,Theft
2328,2482,3,42.852,-78.801,Theft
2331,2486,3,42.889,-78.846,Theft of Vehicle
2333,2488,3,42.885,-78.802,Breaking & Entering
2334,2489,3,42.893,-78.839,Robbery
2338,2493,3,42.893,-78.837,Theft
2342,2497,3,42.851,-78.822,Assault
2345,2500,3,42.852,-78.805,Theft
2347,2502,3,42.866,-78.83,Theft of Vehicle
2349,2504,3,42.898,-78.805,Theft of Vehicle
2352,2507,3,42.881,-78.801,Theft
2353,2508,3,42.898,-78.803,Assault
2358,2513,3,42.862,-78.813,Assault
2359,2514,3,42.847,-78.824,Robbery
2364,2519,3,42.833,-78.824,Assault
2374,2532,3,42.879,-78.84,Assault
2384,2542,3,42.895,-78.807,Theft of Vehicle
2386,2544,3,42.874,-78.801,Theft
2400,2560,3,42.85,-78.815,Theft
2402,2562,3,42.886,-78.808,Theft
2403,2563,3,42.888,-78.838,Assault
2411,2571,3,42.856,-78.808,Theft of Vehicle
2420,2581,3,42.882,-78.84,Theft
2423,2584,3,42.856,-78.808,Assault
2426,2587,3,42.852,-78.815,Theft of Vehicle
2456,2620,3,42.859,-78.808,Assault
2462,2626,3,42.872,-78.842,Theft
2465,2629,3,42.894,-78.822,Theft of Vehicle
2470,2634,3,42.857,-78.83,Theft
2471,2635,3,42.878,-78.816,Theft
2476,2640,3,42.869,-78.828,Assault
2483,2650,3,42.856,-78.809,Theft
2489,2656,3,42.878,-78.815,Assault
2490,2657,3,42.855,-78.81,Theft of Vehicle
2498,2665,3,42.873,-78.807,Theft
2502,2669,3,42.852,-78.826,Theft of Vehicle
2504,2671,3,42.853,-78.831,Theft of Vehicle
2505,2672,3,42.86,-78.825,Theft
2506,2673,3,42.848,-78.824,Theft
2515,2682,3,42.872,-78.821,Theft
2521,2690,3,42.891,-78.83,Theft
2530,2699,3,42.893,-78.805,Theft
2531,2700,3,42.894,-78.824,Sexual Offense
2532,2701,3,42.893,-78.841,Theft
2533,2702,3,42.878,-78.8,Theft
2534,2703,3,42.896,-78.838,Breaking & Entering
2536,2706,3,42.869,-78.846,Robbery
2544,2715,3,42.895,-78.83,Theft of Vehicle
2547,2718,3,42.895,-78.83,Assault
2549,2720,3,42.867,-78.808,Theft
2554,2725,3,42.84,-78.806,Theft
2555,2726,3,42.897,-78.814,Theft
2556,2727,3,42.89,-78.812,Theft
2563,2734,3,42.899,-78.84,Theft
2564,2735,3,42.849,-78.801,Theft
2568,2739,3,42.857,-78.824,Theft
2571,2742,3,42.897,-78.817,Robbery
2572,2743,3,42.88,-78.802,Theft
2583,2755,3,42.848,-78.813,Assault
2586,2758,3,42.871,-78.811,Breaking & Entering
2596,2768,3,42.896,-78.836,Breaking & Entering
2597,2769,3,42.885,-78.814,Breaking & Entering
2598,2770,3,42.894,-78.836,Assault
2604,2777,3,42.87,-78.846,Assault
2605,2778,3,42.872,-78.821,Theft
2621,2795,3,42.893,-78.824,Theft
2624,2798,3,42.855,-78.81,Theft of Vehicle
2626,2800,3,42.859,-78.822,Breaking & Entering
2653,2829,3,42.88,-78.814,Theft
2667,2844,3,42.86,-78.825,Theft of Vehicle
2675,2855,3,42.857,-78.808,Theft
2680,2861,3,42.846,-78.801,Theft
2685,2866,3,42.858,-78.831,Theft
2689,2871,3,42.842,-78.824,Robbery
2693,2875,3,42.837,-78.818,Assault
2708,2890,3,42.885,-78.825,Breaking & Entering
2713,2895,3,42.896,-78.842,Robbery
2714,2896,3,42.894,-78.821,Theft of Vehicle
2722,2904,3,42.858,-78.809,Theft of Vehicle
2726,2908,3,42.888,-78.809,Theft
2731,2913,3,42.892,-78.834,Homicide
2743,2925,3,42.838,-78.808,Theft
2752,2934,3,42.89,-78.808,Theft of Vehicle
2756,2938,3,42.891,-78.807,Theft
2762,2944,3,42.853,-78.829,Robbery
2764,2946,3,42.851,-78.831,Theft
2770,2952,3,42.857,-78.809,Theft
2776,2958,3,42.87,-78.817,Theft of Vehicle
2778,2960,3,42.895,-78.83,Theft
2783,2966,3,42.862,-78.802,Theft
2785,2968,3,42.852,-78.802,Assault
2790,2973,3,42.835,-78.828,Breaking & Entering
2791,2974,3,42.896,-78.836,Theft of Vehicle
2792,2975,3,42.878,-78.801,Breaking & Entering
2806,2991,3,42.853,-78.805,Theft of Vehicle
2809,2994,3,42.854,-78.828,Theft of Vehicle
2830,3015,3,42.853,-78.823,Assault
2840,3028,3,42.86,-78.809,Assault
2855,3045,3,42.878,-78.801,Theft
2856,3046,3,42.852,-78.821,Theft of Vehicle
2857,3048,3,42.855,-78.801,Theft
2864,3057,3,42.838,-78.808,Theft
2872,3065,3,42.897,-78.838,Theft
2878,3071,3,42.897,-78.838,Theft
2882,3075,3,42.866,-78.85,Assault
2883,3076,3,42.894,-78.824,Theft
2886,3079,3,42.876,-78.825,Theft of Vehicle
2889,3082,3,42.854,-78.808,Assault
2892,3085,3,42.857,-78.824,Theft
2893,3086,3,42.893,-78.82,Theft of Vehicle
2895,3088,3,42.877,-78.848,Theft
2896,3089,3,42.845,-78.824,Assault
2901,3094,3,42.863,-78.816,Breaking & Entering
2905,3098,3,42.894,-78.839,Breaking & Entering
2910,3103,3,42.859,-78.807,Breaking & Entering
2917,3111,3,42.856,-78.817,Theft
2920,3115,3,42.858,-78.831,Theft
2925,3120,3,42.87,-78.847,Breaking & Entering
2930,3125,3,42.887,-78.803,Theft of Vehicle
2943,3138,3,42.854,-78.808,Theft
2948,3143,3,42.896,-78.82,Assault
2953,3148,3,42.898,-78.805,Theft of Vehicle
2956,3151,3,42.875,-78.843,Assault
2960,3155,3,42.847,-78.832,Assault
2966,3161,3,42.892,-78.833,Breaking & Entering
2972,3167,3,42.897,-78.816,Robbery
2974,3169,3,42.871,-78.834,Theft
2975,3170,3,42.869,-78.811,Breaking & Entering
2976,3171,3,42.842,-78.809,Theft
2979,3174,3,42.889,-78.838,Assault
2980,3175,3,42.853,-78.806,Theft
2988,3183,3,42.86,-78.825,Theft
3001,3198,3,42.853,-78.807,Theft of Vehicle
3004,3202,3,42.873,-78.843,Theft of Vehicle
3010,3208,3,42.858,-78.825,Assault
3016,3214,3,42.893,-78.839,Assault
3018,3216,3,42.842,-78.829,Theft
3031,3229,3,42.853,-78.806,Breaking & Entering
3044,3242,3,42.854,-78.828,Assault
3047,3245,3,42.888,-78.801,Theft
3048,3246,3,42.854,-78.808,Theft
3049,3247,3,42.853,-78.819,Assault
3059,3257,3,42.879,-78.835,Assault
3060,3258,3,42.887,-78.815,Theft
3061,3259,3,42.847,-78.828,Theft
3062,3260,3,42.849,-78.823,Breaking & Entering
3064,3262,3,42.848,-78.812,Theft
3065,3263,3,42.849,-78.814,Theft of Vehicle
3067,3265,3,42.888,-78.803,Breaking & Entering
3071,3270,3,42.885,-78.839,Theft of Vehicle
3077,3276,3,42.833,-78.823,Breaking & Entering
3078,3277,3,42.873,-78.824,Breaking & Entering
3094,3294,3,42.892,-78.84,Assault
3096,3296,3,42.857,-78.812,Assault
3097,3297,3,42.873,-78.823,Breaking & Entering
3114,3315,3,42.862,-78.815,Sexual Offense
3115,3316,3,42.866,-78.858,Theft of Vehicle
3119,3320,3,42.892,-78.825,Theft of Vehicle
3128,3331,3,42.856,-78.836,Theft
3132,3335,3,42.853,-78.828,Assault
3138,3342,3,42.896,-78.821,Robbery
3139,3343,3,42.87,-78.828,Breaking & Entering
3143,3348,3,42.85,-78.815,Theft
3144,3349,3,42.855,-78.807,Breaking & Entering
3145,3350,3,42.897,-78.819,Theft
3150,3355,3,42.856,-78.812,Theft
3156,3362,3,42.85,-78.826,Assault
3163,3369,3,42.872,-78.809,Theft of Vehicle
3166,3372,3,42.848,-78.812,Assault
3170,3376,3,42.896,-78.808,Theft
3188,3396,3,42.898,-78.807,Theft
3191,3399,3,42.893,-78.829,Theft
3199,3408,3,42.896,-78.818,Theft of Vehicle
3201,3410,3,42.875,-78.807,Theft of Vehicle
3205,3414,3,42.897,-78.814,Theft of Vehicle
3214,3423,3,42.833,-78.824,Theft
3219,3428,3,42.845,-78.823,Theft
3220,3429,3,42.89,-78.803,Theft
3222,3431,3,42.872,-78.853,Breaking & Entering
3223,3432,3,42.896,-78.822,Breaking & Entering
3227,3437,3,42.89,-78.806,Assault
3228,3438,3,42.892,-78.825,Theft
3233,3443,3,42.881,-78.801,Theft
3236,3446,3,42.893,-78.805,Theft of Vehicle
3237,3448,3,42.858,-78.813,Assault
3239,3450,3,42.85,-78.804,Theft of Vehicle
3251,3463,3,42.885,-78.81,Theft
3252,3464,3,42.857,-78.81,Theft
3262,3476,3,42.837,-78.812,Assault
3263,3477,3,42.867,-78.857,Breaking & Entering
3266,3480,3,42.875,-78.829,Breaking & Entering
3272,3487,3,42.865,-78.824,Homicide
3284,3499,3,42.871,-78.83,Assault
3286,3501,3,42.887,-78.836,Theft
3289,3504,3,42.899,-78.814,Theft of Vehicle
3290,3505,3,42.879,-78.835,Theft
3291,3506,3,42.899,-78.818,Assault
3295,3510,3,42.85,-78.83,Theft of Vehicle
3297,3512,3,42.879,-78.849,Assault
3304,3521,3,42.877,-78.841,Theft
3313,3530,3,42.89,-78.811,Theft
3318,3535,3,42.854,-78.825,Theft
3323,3541,3,42.89,-78.81,Assault
3333,3551,3,42.871,-78.807,Theft
3335,3553,3,42.89,-78.808,Theft of Vehicle
3344,3562,3,42.893,-78.807,Theft
3345,3563,3,42.89,-78.807,Theft
3358,3577,3,42.895,-78.832,Theft of Vehicle
3363,3582,3,42.889,-78.808,Theft of Vehicle
3377,3596,3,42.843,-78.823,Theft
3382,3601,3,42.891,-78.833,Assault
3385,3604,3,42.847,-78.824,Theft
3393,3612,3,42.85,-78.815,Theft
3396,3615,3,42.836,-78.828,Sexual Offense
3397,3617,3,42.846,-78.823,Assault
3400,3621,3,42.897,-78.817,Theft of Vehicle
3405,3626,3,42.846,-78.823,Breaking & Entering
3412,3633,3,42.878,-78.835,Assault
3415,3636,3,42.886,-78.815,Theft
3416,3637,3,42.842,-78.825,Assault
3422,3644,3,42.856,-78.807,Theft of Vehicle
3447,3670,3,42.898,-78.836,Theft of Vehicle
3449,3672,3,42.857,-78.833,Theft
3455,3679,3,42.89,-78.832,Theft of Vehicle
3470,3696,3,42.893,-78.839,Theft of Vehicle
3478,3704,3,42.897,-78.816,Robbery
3479,3705,3,42.894,-78.835,Theft
3488,3715,3,42.877,-78.841,Theft
3494,3723,3,42.858,-78.814,Theft
3503,3732,3,42.888,-78.813,Theft of Vehicle
3506,3735,3,42.869,-78.811,Theft
3512,3742,3,42.885,-78.843,Breaking & Entering
3518,3748,3,42.879,-78.84,Theft
3521,3751,3,42.855,-78.812,Theft of Vehicle
3528,3759,3,42.891,-78.844,Assault
3533,3765,3,42.86,-78.825,Theft of Vehicle
3534,3766,3,42.85,-78.815,Theft
3537,3769,3,42.848,-78.812,Assault
3542,3775,3,42.857,-78.826,Breaking & Entering
3544,3777,3,42.895,-78.837,Theft
3546,3779,3,42.889,-78.808,Theft
3549,3784,3,42.854,-78.804,Theft of Vehicle
3564,3801,3,42.847,-78.802,Theft
3573,3810,3,42.884,-78.834,Theft
3586,3824,3,42.857,-78.824,Theft
3587,3825,3,42.873,-78.822,Theft
3595,3835,3,42.896,-78.82,Theft of Vehicle
3596,3836,3,42.873,-78.801,Robbery
3598,3838,3,42.891,-78.833,Theft
3599,3839,3,42.895,-78.809,Assault
3615,3855,3,42.898,-78.831,Theft
3617,3857,3,42.871,-78.831,Theft
3618,3858,3,42.884,-78.824,Assault
3621,3861,3,42.849,-78.823,Theft
3632,3872,3,42.879,-78.846,Theft
3637,3879,3,42.879,-78.807,Theft
3643,3887,3,42.858,-78.827,Theft
3646,3890,3,42.856,-78.827,Theft
3647,3891,3,42.888,-78.8,Theft of Vehicle
3648,3892,3,42.861,-78.812,Theft
3651,3895,3,42.896,-78.82,Theft of Vehicle
3652,3896,3,42.877,-78.825,Assault
3655,3899,3,42.899,-78.819,Theft of Vehicle
3656,3900,3,42.875,-78.827,Breaking & Entering
3658,3902,3,42.844,-78.825,Breaking & Entering
3664,3910,3,42.833,-78.822,Assault
3665,3911,3,42.894,-78.834,Robbery
3671,3917,3,42.861,-78.812,Assault
3680,3927,3,42.872,-78.818,Theft
3681,3928,3,42.835,-78.826,Theft
3683,3930,3,42.838,-78.808,Theft
3691,3938,3,42.857,-78.809,Theft
3693,3940,3,42.857,-78.831,Theft
3694,3941,3,42.891,-78.826,Theft of Vehicle
3702,3949,3,42.87,-78.811,Theft
3710,3957,3,42.89,-78.806,Theft
3711,3958,3,42.854,-78.83,Breaking & Entering
3730,3977,3,42.848,-78.812,Assault
3735,3982,3,42.86,-78.807,Theft of Vehicle
3745,3992,3,42.858,-78.831,Theft
3747,3994,3,42.897,-78.839,Theft
3748,3995,3,42.884,-78.839,Theft of Vehicle
3750,3997,3,42.834,-78.811,Theft
3754,4001,3,42.86,-78.825,Theft
3755,4002,3,42.886,-78.81,Assault
3759,4007,3,42.896,-78.826,Assault
3772,4020,3,42.867,-78.847,Theft
3778,4027,3,42.843,-78.827,Theft
3781,4030,3,42.889,-78.809,Theft
3797,4047,3,42.88,-78.802,Breaking & Entering
3807,4058,3,42.896,-78.82,Robbery
3809,4060,3,42.857,-78.833,Assault
3812,4063,3,42.858,-78.823,Breaking & Entering
3813,4064,3,42.862,-78.818,Assault
3818,4069,3,42.852,-78.802,Breaking & Entering
3831,4083,3,42.875,-78.803,Assault
3833,4085,3,42.872,-78.814,Robbery
3851,4105,3,42.838,-78.808,Theft
3856,4110,3,42.855,-78.81,Assault
3858,4112,3,42.87,-78.845,Theft
3862,4116,3,42.882,-78.842,Theft of Vehicle
3864,4118,3,42.879,-78.835,Theft
3865,4119,3,42.853,-78.807,Robbery
3879,4134,3,42.851,-78.824,Theft
3882,4137,3,42.896,-78.836,Theft of Vehicle
3886,4142,3,42.891,-78.8,Theft
3890,4147,3,42.871,-78.831,Theft
3891,4148,3,42.892,-78.84,Breaking & Entering
3895,4152,3,42.857,-78.821,Theft
3897,4154,3,42.889,-78.814,Theft of Vehicle
3912,4172,3,42.897,-78.814,Assault
3918,4178,3,42.894,-78.834,Theft
3922,4182,3,42.898,-78.807,Theft
3927,4188,3,42.87,-78.804,Assault
3932,4194,3,42.885,-78.814,Assault
3933,4195,3,42.869,-78.83,Theft
3953,4217,3,42.853,-78.807,Robbery
3954,4218,3,42.897,-78.837,Theft of Vehicle
3968,4235,3,42.894,-78.821,Theft of Vehicle
3971,4239,3,42.891,-78.83,Theft
3981,4250,3,42.85,-78.803,Theft
3986,4256,3,42.872,-78.805,Breaking & Entering
3989,4259,3,42.849,-78.814,Theft
3994,4265,3,42.895,-78.82,Theft
3997,4268,3,42.842,-78.82,Theft
4002,4273,3,42.878,-78.801,Theft
4004,4275,3,42.872,-78.801,Theft of Vehicle
4029,4302,3,42.894,-78.82,Assault
4043,4316,3,42.86,-78.815,Theft of Vehicle
4053,4326,3,42.859,-78.819,Assault
4060,4333,3,42.892,-78.808,Theft
4066,4339,3,42.854,-78.809,Theft of Vehicle
4072,4345,3,42.893,-78.837,Theft
4075,4348,3,42.897,-78.814,Assault
4082,4357,3,42.843,-78.82,Theft of Vehicle
4093,4369,3,42.888,-78.808,Theft
4103,4381,3,42.888,-78.801,Breaking & Entering
4109,4388,3,42.887,-78.8,Theft
4117,4396,3,42.866,-78.822,Theft of Vehicle
4118,4397,3,42.859,-78.814,Theft
4123,4402,3,42.848,-78.812,Assault
4125,4404,3,42.855,-78.83,Theft of Vehicle
4130,4411,3,42.885,-78.811,Theft
4132,4413,3,42.854,-78.805,Assault
4133,4414,3,42.889,-78.808,Theft
4134,4415,3,42.855,-78.807,Theft
4137,4418,3,42.89,-78.834,Assault
4142,4423,3,42.85,-78.801,Theft
4145,4426,3,42.894,-78.835,Assault
4154,4436,3,42.898,-78.818,Breaking & Entering
4155,4438,3,42.889,-78.808,Robbery
4164,4449,3,42.874,-78.803,Assault
4172,4457,3,42.88,-78.841,Assault
4177,4462,3,42.852,-78.802,Robbery
4182,4468,3,42.828,-78.824,Theft
4183,4469,3,42.899,-78.818,Breaking & Entering
4186,4472,3,42.857,-78.824,Theft
4193,4480,3,42.856,-78.833,Theft
4195,4482,3,42.897,-78.839,Robbery
4197,4484,3,42.88,-78.841,Theft of Vehicle
4205,4494,3,42.878,-78.8,Theft
4206,4495,3,42.875,-78.831,Theft
4208,4497,3,42.872,-78.81,Breaking & Entering
4212,4503,3,42.856,-78.816,Breaking & Entering
4214,4505,3,42.857,-78.824,Theft
4215,4506,3,42.878,-78.8,Theft
4228,4519,3,42.888,-78.811,Assault
4260,4552,3,42.899,-78.838,Assault
4262,4554,3,42.891,-78.83,Theft
4271,4563,3,42.851,-78.804,Robbery
4274,4567,3,42.894,-78.82,Homicide
4295,4588,3,42.893,-78.833,Theft of Vehicle
4298,4594,3,42.854,-78.808,Theft
4299,4595,3,42.895,-78.833,Theft
4303,4599,3,42.872,-78.821,Theft
4308,4604,3,42.858,-78.827,Theft
4311,4607,3,42.884,-78.846,Theft of Vehicle
4312,4608,3,42.873,-78.825,Breaking & Entering
4317,4613,3,42.896,-78.804,Assault
4330,4627,3,42.892,-78.83,Breaking & Entering
4332,4629,3,42.889,-78.801,Assault
4335,4632,3,42.891,-78.833,Theft
4344,4641,3,42.892,-78.831,Assault
4346,4643,3,42.892,-78.833,Assault
4355,4655,3,42.854,-78.83,Theft of Vehicle
4379,4679,3,42.869,-78.829,Theft of Vehicle
4389,4690,3,42.867,-78.849,Theft
4392,4693,3,42.864,-78.825,Theft of Vehicle
4395,4696,3,42.84,-78.824,Theft
4396,4697,3,42.851,-78.825,Theft
4397,4698,3,42.886,-78.839,Breaking & Entering
4400,4701,3,42.891,-78.824,Robbery
4413,4714,3,42.852,-78.825,Theft
4422,4724,3,42.897,-78.838,Robbery
4423,4725,3,42.855,-78.81,Breaking & Entering
4425,4727,3,42.882,-78.84,Assault
4427,4729,3,42.846,-78.83,Theft of Vehicle
4439,4743,3,42.895,-78.833,Breaking & Entering
4448,4752,3,42.891,-78.837,Breaking & Entering
4451,4755,3,42.898,-78.81,Assault
4452,4756,3,42.859,-78.817,Theft
4459,4763,3,42.855,-78.825,Assault
4464,4769,3,42.881,-78.801,Theft
4475,4781,3,42.844,-78.819,Theft
4478,4784,3,42.861,-78.811,Assault
4481,4788,3,42.838,-78.801,Theft of Vehicle
4483,4790,3,42.842,-78.825,Theft
4494,4802,3,42.891,-78.815,Theft
4504,4813,3,42.853,-78.833,Assault
4506,4815,3,42.88,-78.834,Theft
4524,4834,3,42.855,-78.828,Breaking & Entering
4532,4843,3,42.881,-78.833,Robbery
4533,4844,3,42.839,-78.823,Theft
4559,4873,3,42.896,-78.82,Assault
4568,4882,3,42.856,-78.808,Assault
4570,4884,3,42.876,-78.852,Theft
4573,4887,3,42.893,-78.814,Theft
4576,4890,3,42.897,-78.819,Assault
4587,4901,3,42.885,-78.843,Theft
4589,4903,3,42.857,-78.82,Theft
4590,4904,3,42.897,-78.815,Theft
4593,4907,3,42.837,-78.812,Breaking & Entering
4602,4916,3,42.874,-78.844,Theft
4604,4918,3,42.892,-78.84,Assault
4610,4925,3,42.878,-78.801,Theft
4612,4927,3,42.876,-78.827,Breaking & Entering
4615,4930,3,42.867,-78.812,Theft
4618,4933,3,42.872,-78.818,Theft
4624,4939,3,42.837,-78.811,Assault
4628,4944,3,42.871,-78.831,Assault
4629,4945,3,42.882,-78.844,Theft
4632,4949,3,42.892,-78.84,Assault
4646,4964,3,42.869,-78.805,Assault
4651,4971,3,42.835,-78.817,Assault
4652,4972,3,42.888,-78.8,Assault
4658,4978,3,42.892,-78.832,Breaking & Entering
4676,4997,3,42.854,-78.808,Theft
4678,4999,3,42.886,-78.843,Assault
4690,5011,3,42.888,-78.8,Theft
4696,5017,3,42.855,-78.828,Theft
4711,5034,3,42.856,-78.832,Breaking & Entering
4721,5044,3,42.859,-78.809,Theft
4724,5047,3,42.875,-78.829,Theft of Vehicle
4731,5054,3,42.866,-78.843,Theft
4736,5059,3,42.887,-78.806,Assault
4737,5060,3,42.838,-78.811,Theft of Vehicle
4739,5062,3,42.893,-78.837,Theft
4740,5063,3,42.848,-78.824,Sexual Offense
4741,5064,3,42.872,-78.806,Theft
4747,5071,3,42.86,-78.807,Robbery
4749,5073,3,42.899,-78.822,Assault
4759,5083,3,42.892,-78.842,Theft
4760,5084,3,42.885,-78.824,Robbery
4765,5089,3,42.87,-78.809,Theft
4768,5092,3,42.879,-78.841,Assault
4773,5098,3,42.837,-78.828,Theft
4777,5103,3,42.872,-78.844,Breaking & Entering
4779,5105,3,42.874,-78.81,Assault
4791,5117,3,42.885,-78.81,Theft of Vehicle
4793,5119,3,42.872,-78.809,Breaking & Entering
4794,5120,3,42.892,-78.835,Assault
4795,5121,3,42.895,-78.837,Theft
4798,5124,3,42.878,-78.837,Robbery
4802,5128,3,42.873,-78.823,Theft
4811,5137,3,42.876,-78.844,Breaking & Entering
4823,5150,3,42.89,-78.802,Theft of Vehicle
4833,5160,3,42.878,-78.801,Assault
4834,5161,3,42.835,-78.823,Theft
4837,5164,3,42.832,-78.806,Theft
4845,5174,3,42.872,-78.853,Theft of Vehicle
4849,5178,3,42.838,-78.826,Theft
4851,5180,3,42.872,-78.853,Theft
4852,5181,3,42.846,-78.823,Assault
4853,5182,3,42.871,-78.843,Theft of Vehicle
4854,5183,3,42.854,-78.812,Assault
4856,5185,3,42.872,-78.813,Theft of Vehicle
4857,5186,3,42.872,-78.81,Theft of Vehicle
4862,5192,3,42.871,-78.823,Theft
4868,5199,3,42.899,-78.818,Assault
4887,5218,3,42.887,-78.805,Breaking & Entering
4899,5230,3,42.855,-78.806,Theft
4902,5233,3,42.881,-78.841,Breaking & Entering
4906,5237,3,42.856,-78.824,Theft
4914,5245,3,42.875,-78.804,Theft of Vehicle
4917,5250,3,42.847,-78.831,Assault
4918,5251,3,42.858,-78.808,Assault
4926,5259,3,42.851,-78.806,Theft
4929,5262,3,42.889,-78.808,Assault
4950,5285,3,42.862,-78.815,Assault
4953,5289,3,42.85,-78.815,Theft
4954,5290,3,42.855,-78.805,Theft of Vehicle
4958,5294,3,42.834,-78.819,Theft
4963,5300,3,42.854,-78.808,Theft
4970,5307,3,42.853,-78.819,Assault
4974,5311,3,42.896,-78.826,Theft
4978,5316,3,42.839,-78.824,Theft
4979,5317,3,42.876,-78.829,Theft
4982,5320,3,42.858,-78.831,Theft
4985,5323,3,42.851,-78.83,Theft
4989,5328,3,42.887,-78.808,Theft of Vehicle
5008,5351,3,42.844,-78.808,Sexual Offense
5014,5357,3,42.872,-78.808,Theft
5017,5360,3,42.847,-78.835,Theft
5023,5366,3,42.863,-78.813,Theft
5027,5371,3,42.868,-78.808,Assault
5030,5374,3,42.883,-78.846,Theft of Vehicle
5034,5378,3,42.879,-78.832,Theft
5041,5385,3,42.89,-78.81,Theft
5043,5388,3,42.872,-78.844,Theft of Vehicle
5046,5391,3,42.875,-78.827,Theft
5047,5392,3,42.861,-78.819,Theft
5049,5394,3,42.879,-78.839,Theft of Vehicle
5052,5397,3,42.878,-78.801,Theft
5060,5407,3,42.853,-78.819,Theft of Vehicle
5061,5408,3,42.855,-78.81,Theft of Vehicle
5064,5412,3,42.872,-78.813,Breaking & Entering
5080,5428,3,42.876,-78.828,Assault
5081,5429,3,42.879,-78.836,Theft
5086,5434,3,42.858,-78.833,Breaking & Entering
5087,5435,3,42.869,-78.811,Assault
5089,5437,3,42.856,-78.808,Breaking & Entering
5091,5439,3,42.867,-78.836,Robbery
5096,5444,3,42.893,-78.83,Assault
5101,5449,3,42.863,-78.812,Breaking & Entering
5109,5457,3,42.872,-78.83,Theft
5114,5462,3,42.855,-78.834,Assault
5116,5464,3,42.884,-78.841,Robbery
5117,5466,3,42.878,-78.801,Theft
5120,5469,3,42.871,-78.811,Theft of Vehicle
5123,5472,3,42.836,-78.824,Theft
5132,5481,3,42.889,-78.807,Breaking & Entering
5140,5489,3,42.848,-78.824,Theft
5141,5490,3,42.881,-78.849,Breaking & Entering
5147,5496,3,42.851,-78.818,Assault
5148,5497,3,42.854,-78.829,Theft
5157,5507,3,42.856,-78.817,Theft of Vehicle
5158,5508,3,42.857,-78.824,Theft
5175,5527,3,42.868,-78.848,Theft
5178,5530,3,42.898,-78.807,Theft of Vehicle
5182,5534,3,42.857,-78.824,Theft
5212,5568,3,42.86,-78.825,Theft
5230,5587,3,42.867,-78.806,Assault
5232,5590,3,42.871,-78.829,Theft
5244,5603,3,42.889,-78.809,Assault
5246,5605,3,42.874,-78.804,Assault
5260,5620,3,42.889,-78.808,Theft
5262,5622,3,42.894,-78.822,Theft of Vehicle
5273,5637,3,42.845,-78.823,Theft
5276,5640,3,42.856,-78.824,Theft
5282,5646,3,42.848,-78.812,Theft
5302,5668,3,42.871,-78.81,Assault
5303,5669,3,42.859,-78.804,Breaking & Entering
5305,5671,3,42.849,-78.863,Theft of Vehicle
5308,5674,3,42.851,-78.827,Assault
5312,5678,3,42.836,-78.821,Theft
5319,5685,3,42.874,-78.827,Theft
5339,5706,3,42.857,-78.823,Assault
5341,5708,3,42.857,-78.811,Assault
5342,5709,3,42.854,-78.828,Theft of Vehicle
5348,5715,3,42.897,-78.816,Theft
5352,5719,3,42.854,-78.81,Breaking & Entering
5363,5730,3,42.881,-78.801,Theft
5364,5731,3,42.898,-78.836,Theft of Vehicle
5366,5733,3,42.879,-78.813,Theft
5381,5750,3,42.86,-78.825,Theft
5383,5752,3,42.86,-78.815,Theft of Vehicle
5387,5756,3,42.894,-78.829,Breaking & Entering
5390,5759,3,42.872,-78.807,Theft of Vehicle
5394,5763,3,42.882,-78.84,Breaking & Entering
5398,5767,3,42.835,-78.823,Assault
5399,5768,3,42.892,-78.841,Theft
5401,5770,3,42.892,-78.814,Theft
5408,5778,3,42.873,-78.822,Breaking & Entering
5410,5780,3,42.87,-78.826,Theft
5412,5782,3,42.887,-78.804,Theft
5421,5791,3,42.897,-78.826,Assault
5422,5792,3,42.858,-78.831,Theft
5423,5793,3,42.878,-78.837,Theft of Vehicle
5435,5806,3,42.852,-78.825,Robbery
5436,5807,3,42.883,-78.835,Breaking & Entering
5440,5811,3,42.852,-78.825,Robbery
5455,5828,3,42.877,-78.828,Assault
5460,5834,3,42.895,-78.819,Theft
5467,5841,3,42.857,-78.824,Theft
5468,5842,3,42.872,-78.806,Theft of Vehicle
5491,5866,3,42.853,-78.828,Breaking & Entering
5493,5868,3,42.837,-78.823,Theft
5498,5873,3,42.844,-78.824,Assault
5508,5883,3,42.853,-78.827,Theft
5515,5890,3,42.844,-78.823,Assault
5517,5892,3,42.861,-78.825,Theft
5520,5895,3,42.879,-78.814,Theft
5521,5896,3,42.858,-78.831,Theft
5524,5899,3,42.849,-78.801,Theft of Vehicle
5525,5900,3,42.833,-78.822,Assault
5526,5901,3,42.888,-78.815,Theft
5539,5916,3,42.894,-78.834,Theft
5543,5920,3,42.886,-78.84,Assault
5548,5925,3,42.897,-78.832,Theft
5550,5927,3,42.855,-78.809,Breaking & Entering
5556,5933,3,42.872,-78.805,Theft of Vehicle
5564,5942,3,42.87,-78.829,Breaking & Entering
5578,5956,3,42.87,-78.832,Theft
5586,5964,3,42.875,-78.829,Sexual Offense
5588,5966,3,42.899,-78.835,Breaking & Entering
5590,5968,3,42.871,-78.833,Theft
5598,5976,3,42.869,-78.829,Theft of Vehicle
5601,5979,3,42.895,-78.821,Assault
5605,5983,3,42.887,-78.815,Theft of Vehicle
5608,5986,3,42.833,-78.806,Theft
5610,5988,3,42.842,-78.829,Theft
5615,5993,3,42.888,-78.809,Breaking & Entering
5616,5994,3,42.893,-78.837,Theft
5625,6004,3,42.89,-78.807,Theft of Vehicle
5629,6008,3,42.84,-78.821,Theft of Vehicle
5630,6009,3,42.867,-78.808,Theft of Vehicle
5632,6011,3,42.858,-78.831,Theft
5635,6014,3,42.892,-78.844,Theft
5637,6016,3,42.849,-78.814,Theft of Vehicle
5644,6023,3,42.876,-78.828,Robbery
5654,6035,3,42.887,-78.805,Theft
5660,6041,3,42.891,-78.801,Breaking & Entering
5664,6045,3,42.856,-78.831,Theft
5674,6055,3,42.865,-78.825,Assault
5676,6057,3,42.89,-78.832,Assault
5683,6064,3,42.881,-78.832,Theft
5689,6073,3,42.892,-78.832,Assault
5693,6077,3,42.895,-78.832,Theft of Vehicle
5694,6078,3,42.855,-78.831,Assault
5697,6081,3,42.838,-78.808,Theft
5702,6086,3,42.897,-78.825,Assault
5704,6088,3,42.894,-78.819,Theft
5706,6090,3,42.87,-78.809,Theft
5710,6095,3,42.896,-78.824,Theft
5723,6108,3,42.852,-78.819,Theft of Vehicle
5730,6115,3,42.844,-78.824,Theft of Vehicle
5744,6129,3,42.868,-78.808,Theft
5749,6135,3,42.834,-78.81,Theft
5750,6136,3,42.881,-78.801,Theft
5757,6144,3,42.896,-78.814,Breaking & Entering
5760,6147,3,42.859,-78.819,Theft
5763,6151,3,42.886,-78.814,Assault
5770,6158,3,42.882,-78.801,Breaking & Entering
5772,6160,3,42.858,-78.831,Theft
5779,6168,3,42.869,-78.829,Robbery
5791,6181,3,42.875,-78.805,Breaking & Entering
5796,6186,3,42.879,-78.833,Theft
5806,6196,3,42.875,-78.81,Theft
5811,6201,3,42.846,-78.81,Theft
5815,6205,3,42.84,-78.808,Theft
5817,6207,3,42.894,-78.821,Theft
5818,6208,3,42.842,-78.82,Theft
5821,6212,3,42.855,-78.837,Theft
5823,6214,3,42.889,-78.808,Theft
5827,6218,3,42.875,-78.809,Breaking & Entering
5828,6219,3,42.858,-78.818,Theft
5829,6220,3,42.891,-78.804,Theft
5842,6233,3,42.853,-78.823,Assault
5843,6234,3,42.89,-78.8,Theft
5850,6241,3,42.885,-78.809,Breaking & Entering
5851,6242,3,42.85,-78.823,Assault
5853,6245,3,42.858,-78.831,Theft
5855,6248,3,42.893,-78.815,Theft
5860,6253,3,42.863,-78.816,Assault
5866,6260,3,42.885,-78.81,Theft of Vehicle
5867,6261,3,42.87,-78.839,Theft
5871,6265,3,42.841,-78.824,Assault
5875,6269,3,42.852,-78.823,Theft
5879,6273,3,42.886,-78.817,Breaking & Entering
5881,6275,3,42.893,-78.829,Theft of Vehicle
5890,6285,3,42.896,-78.819,Theft
5892,6287,3,42.873,-78.803,Theft
5897,6292,3,42.858,-78.807,Sexual Offense
5900,6295,3,42.894,-78.835,Theft
5910,6306,3,42.853,-78.807,Theft of Vehicle
5929,6326,3,42.859,-78.834,Theft of Vehicle
5931,6328,3,42.88,-78.842,Theft
5943,6340,3,42.893,-78.837,Theft of Vehicle
5946,6343,3,42.852,-78.813,Sexual Offense
5948,6345,3,42.855,-78.826,Theft
5949,6346,3,42.898,-78.806,Assault
5959,6356,3,42.891,-78.834,Robbery
5961,6358,3,42.88,-78.841,Breaking & Entering
5974,6372,3,42.87,-78.826,Assault
5975,6373,3,42.881,-78.801,Theft
5979,6378,3,42.863,-78.82,Theft
5983,6382,3,42.896,-78.82,Assault
5987,6386,3,42.872,-78.853,Theft of Vehicle
6002,6401,3,42.889,-78.807,Assault
6005,6404,3,42.857,-78.813,Theft of Vehicle
6007,6406,3,42.887,-78.815,Theft
6011,6411,3,42.852,-78.805,Theft
6027,6427,3,42.897,-78.813,Robbery
6029,6431,3,42.893,-78.841,Theft
6038,6442,3,42.86,-78.825,Theft of Vehicle
6041,6445,3,42.887,-78.802,Breaking & Entering
6042,6446,3,42.837,-78.823,Breaking & Entering
6045,6449,3,42.847,-78.827,Theft
6047,6452,3,42.85,-78.831,Robbery
6050,6455,3,42.839,-78.802,Theft
6057,6462,3,42.867,-78.857,Theft of Vehicle
6066,6471,3,42.872,-78.801,Theft of Vehicle
6069,6474,3,42.837,-78.817,Assault
6072,6477,3,42.856,-78.827,Theft
6076,6481,3,42.886,-78.84,Theft
6078,6483,3,42.862,-78.813,Assault
6080,6485,3,42.844,-78.825,Assault
6081,6486,3,42.893,-78.807,Theft
6082,6487,3,42.896,-78.804,Assault
6085,6490,3,42.896,-78.824,Robbery
6089,6494,3,42.856,-78.809,Theft
6093,6500,3,42.85,-78.803,Theft of Vehicle
6107,6515,3,42.833,-78.802,Theft
6111,6519,3,42.898,-78.807,Robbery
6112,6520,3,42.847,-78.824,Theft
6113,6521,3,42.871,-78.832,Theft
6117,6526,3,42.857,-78.824,Theft
6120,6529,3,42.842,-78.823,Breaking & Entering
6130,6541,3,42.88,-78.8,Assault
6132,6543,3,42.891,-78.805,Breaking & Entering
6133,6544,3,42.851,-78.806,Assault
6141,6552,3,42.877,-78.816,Theft
6145,6556,3,42.894,-78.826,Theft
6147,6558,3,42.894,-78.843,Assault
6156,6568,3,42.86,-78.814,Theft of Vehicle
6159,6571,3,42.865,-78.827,Breaking & Entering
6162,6575,3,42.845,-78.824,Theft of Vehicle
6165,6578,3,42.898,-78.824,Theft
6166,6579,3,42.852,-78.812,Theft
6168,6581,3,42.89,-78.81,Breaking & Entering
6171,6584,3,42.896,-78.824,Theft of Vehicle
6192,6605,3,42.857,-78.812,Theft
6193,6606,3,42.854,-78.831,Breaking & Entering
6195,6608,3,42.85,-78.816,Assault
6197,6610,3,42.897,-78.838,Theft of Vehicle
6199,6613,3,42.855,-78.812,Breaking & Entering
6201,6615,3,42.872,-78.853,Theft of Vehicle
6203,6617,3,42.897,-78.82,Assault
6205,6619,3,42.858,-78.806,Theft
6208,6622,3,42.892,-78.836,Robbery
6213,6628,3,42.889,-78.808,Breaking & Entering
6222,6637,3,42.849,-78.803,Theft
6233,6651,3,42.87,-78.85,Theft
6235,6653,3,42.896,-78.836,Breaking & Entering
6243,6661,3,42.881,-78.833,Theft of Vehicle
6254,6673,3,42.894,-78.803,Sexual Offense
6255,6675,3,42.857,-78.807,Theft
6262,6683,3,42.854,-78.811,Breaking & Entering
6263,6684,3,42.899,-78.839,Theft of Vehicle
6287,6710,3,42.857,-78.824,Theft
6291,6714,3,42.851,-78.814,Assault
6293,6717,3,42.856,-78.824,Theft
6304,6728,3,42.853,-78.82,Theft
6308,6732,3,42.893,-78.804,Assault
6312,6736,3,42.86,-78.825,Theft
6313,6737,3,42.889,-78.808,Robbery
6314,6738,3,42.897,-78.807,Assault
6316,6740,3,42.885,-78.805,Theft
6326,6752,3,42.872,-78.844,Breaking & Entering
6336,6762,3,42.858,-78.813,Assault
6338,6764,3,42.842,-78.825,Theft
6340,6766,3,42.895,-78.83,Theft
6343,6769,3,42.87,-78.836,Theft of Vehicle
6350,6778,3,42.892,-78.806,Theft
6351,6779,3,42.89,-78.807,Theft
6357,6786,3,42.85,-78.824,Assault
6364,6794,3,42.834,-78.807,Assault
6375,6805,3,42.893,-78.83,Theft
6378,6808,3,42.856,-78.833,Sexual Offense
6382,6812,3,42.848,-78.824,Assault
6390,6820,3,42.869,-78.807,Theft
6391,6821,3,42.896,-78.819,Theft
6393,6823,3,42.836,-78.821,Theft
6398,6828,3,42.855,-78.828,Theft of Vehicle
6402,6832,3,42.892,-78.828,Homicide
6406,6836,3,42.865,-78.827,Theft
6408,6838,3,42.89,-78.807,Theft of Vehicle
6414,6846,3,42.892,-78.834,Breaking & Entering
6428,6863,3,42.855,-78.81,Theft
6451,6888,3,42.887,-78.847,Assault
6456,6893,3,42.89,-78.803,Theft
6457,6894,3,42.897,-78.836,Breaking & Entering
6461,6899,3,42.874,-78.808,Theft
6465,6905,3,42.875,-78.844,Assault
6481,6921,3,42.898,-78.837,Theft
6506,6948,3,42.874,-78.804,Assault
6507,6949,3,42.886,-78.815,Theft
6508,6950,3,42.898,-78.833,Assault
6526,6970,3,42.89,-78.815,Theft
6528,6972,3,42.858,-78.831,Assault
6531,6975,3,42.856,-78.834,Breaking & Entering
6534,6978,3,42.887,-78.805,Robbery
6538,6982,3,42.893,-78.839,Theft
6540,6984,3,42.891,-78.808,Theft
6542,6986,3,42.895,-78.826,Robbery
6548,6993,3,42.841,-78.825,Assault
6549,6994,3,42.843,-78.822,Theft of Vehicle
6553,6998,3,42.855,-78.808,Breaking & Entering
6555,7000,3,42.858,-78.814,Theft
6558,7003,3,42.878,-78.835,Breaking & Entering
6562,7007,3,42.892,-78.821,Theft
6564,7009,3,42.855,-78.808,Theft of Vehicle
6566,7011,3,42.839,-78.823,Theft
6567,7012,3,42.895,-78.836,Homicide
6568,7013,3,42.854,-78.817,Theft of Vehicle
6571,7017,3,42.894,-78.826,Sexual Offense
6575,7021,3,42.858,-78.831,Theft
6577,7023,3,42.899,-78.821,Theft
6582,7028,3,42.889,-78.846,Breaking & Entering
6583,7029,3,42.872,-78.807,Assault
6584,7030,3,42.86,-78.815,Theft of Vehicle
6592,7038,3,42.878,-78.837,Theft
6595,7041,3,42.862,-78.815,Assault
6605,7051,3,42.848,-78.83,Theft of Vehicle
6617,7065,3,42.885,-78.808,Theft
6620,7068,3,42.896,-78.805,Theft of Vehicle
6622,7070,3,42.894,-78.83,Theft
6624,7072,3,42.869,-78.809,Assault
6629,7077,3,42.896,-78.817,Theft of Vehicle
6630,7079,3,42.852,-78.803,Breaking & Entering
6633,7082,3,42.851,-78.803,Theft
6641,7091,3,42.838,-78.806,Theft
6650,7100,3,42.857,-78.829,Theft of Vehicle
6658,7108,3,42.896,-78.815,Theft of Vehicle
6660,7110,3,42.898,-78.803,Assault
6669,7119,3,42.886,-78.805,Theft
6671,7121,3,42.851,-78.801,Assault
6678,7128,3,42.873,-78.825,Theft of Vehicle
6685,7136,3,42.854,-78.825,Theft
6700,7155,3,42.896,-78.824,Assault
6719,7175,3,42.888,-78.815,Theft
6722,7178,3,42.843,-78.823,Assault
6731,7189,3,42.858,-78.813,Assault
6733,7191,3,42.897,-78.833,Theft
6734,7192,3,42.877,-78.828,Breaking & Entering
6741,7200,3,42.869,-78.81,Theft of Vehicle
6744,7203,3,42.895,-78.826,Assault
6745,7204,3,42.86,-78.815,Theft of Vehicle
6747,7206,3,42.842,-78.825,Assault
6748,7208,3,42.896,-78.815,Theft
6752,7212,3,42.89,-78.814,Theft
6755,7215,3,42.873,-78.803,Robbery
6764,7224,3,42.899,-78.835,Breaking & Entering
6772,7232,3,42.855,-78.81,Theft of Vehicle
6785,7246,3,42.895,-78.828,Breaking & Entering
6788,7249,3,42.848,-78.832,Theft
6789,7250,3,42.887,-78.808,Theft of Vehicle
6791,7252,3,42.888,-78.815,Sexual Offense
6795,7256,3,42.894,-78.835,Robbery
6797,7258,3,42.857,-78.824,Theft
6798,7259,3,42.881,-78.801,Theft
6799,7260,3,42.896,-78.828,Theft
6800,7261,3,42.88,-78.844,Assault
6805,7266,3,42.898,-78.82,Theft of Vehicle
6807,7268,3,42.851,-78.83,Theft of Vehicle
6813,7275,3,42.889,-78.839,Robbery
6818,7280,3,42.876,-78.825,Theft of Vehicle
6823,7285,3,42.897,-78.809,Theft of Vehicle
6832,7294,3,42.891,-78.836,Robbery
6833,7295,3,42.872,-78.808,Assault
6845,7307,3,42.853,-78.808,Breaking & Entering
6851,7313,3,42.856,-78.808,Theft
6852,7314,3,42.895,-78.82,Theft of Vehicle
6863,7327,3,42.848,-78.812,Theft
6864,7328,3,42.896,-78.824,Robbery
6877,7343,3,42.897,-78.838,Theft of Vehicle
6879,7345,3,42.846,-78.828,Theft of Vehicle
6881,7347,3,42.88,-78.841,Breaking & Entering
6890,7356,3,42.87,-78.832,Theft
6891,7357,3,42.843,-78.834,Theft
6895,7361,3,42.835,-78.817,Theft
6901,7367,3,42.853,-78.827,Sexual Offense
6906,7372,3,42.895,-78.822,Theft
6909,7377,3,42.872,-78.853,Theft
6916,7384,3,42.896,-78.836,Assault
6918,7386,3,42.899,-78.838,Homicide
6926,7394,3,42.896,-78.815,Theft
6933,7401,3,42.892,-78.831,Theft of Vehicle
6934,7402,3,42.895,-78.83,Robbery
6941,7409,3,42.842,-78.823,Theft
6944,7412,3,42.886,-78.842,Theft
6953,7422,3,42.848,-78.824,Breaking & Entering
6956,7425,3,42.842,-78.823,Theft
6971,7441,3,42.896,-78.836,Robbery
6975,7446,3,42.842,-78.816,Assault
6984,7455,3,42.896,-78.835,Theft
6989,7460,3,42.886,-78.817,Theft of Vehicle
6990,7461,3,42.87,-78.807,Theft of Vehicle
6992,7463,3,42.854,-78.808,Theft
7000,7471,3,42.844,-78.824,Assault
7001,7472,3,42.891,-78.8,Sexual Offense
7009,7481,3,42.899,-78.816,Assault
7011,7483,3,42.893,-78.814,Breaking & Entering
7013,7485,3,42.872,-78.825,Theft of Vehicle
7016,7488,3,42.889,-78.837,Theft
7023,7495,3,42.851,-78.806,Theft of Vehicle
7028,7500,3,42.855,-78.812,Assault
7029,7501,3,42.894,-78.836,Theft
7035,7507,3,42.879,-78.835,Theft
7041,7514,3,42.868,-78.807,Theft of Vehicle
7044,7517,3,42.862,-78.813,Assault
7046,7519,3,42.89,-78.807,Assault
7050,7523,3,42.872,-78.806,Theft of Vehicle
7051,7524,3,42.888,-78.805,Homicide
7059,7532,3,42.857,-78.837,Theft
7068,7541,3,42.886,-78.841,Assault
7071,7544,3,42.891,-78.837,Theft of Vehicle
7075,7548,3,42.897,-78.803,Theft
7076,7549,3,42.896,-78.814,Theft
7078,7551,3,42.851,-78.822,Assault
7080,7553,3,42.871,-78.806,Breaking & Entering
7083,7556,3,42.884,-78.839,Assault
7086,7559,3,42.852,-78.813,Theft
7090,7563,3,42.85,-78.815,Theft
7095,7568,3,42.891,-78.825,Theft of Vehicle
7101,7575,3,42.848,-78.824,Theft
7103,7577,3,42.887,-78.837,Theft
7105,7580,3,42.896,-78.836,Theft of Vehicle
7109,7584,3,42.895,-78.821,Theft
7114,7589,3,42.852,-78.825,Theft of Vehicle
7118,7593,3,42.888,-78.803,Theft
7119,7594,3,42.853,-78.811,Theft
7122,7597,3,42.85,-78.815,Assault
7123,7598,3,42.857,-78.833,Breaking & Entering
7124,7599,3,42.858,-78.831,Theft
7129,7605,3,42.857,-78.812,Theft
7131,7607,3,42.846,-78.81,Breaking & Entering
7148,7625,3,42.866,-78.826,Assault
7153,7630,3,42.868,-78.84,Theft
7154,7631,3,42.856,-78.808,Breaking & Entering
7158,7636,3,42.896,-78.82,Assault
7161,7639,3,42.886,-78.843,Theft
7165,7643,3,42.869,-78.847,Theft
7184,7663,3,42.858,-78.812,Theft
7186,7665,3,42.872,-78.82,Robbery
7205,7686,3,42.858,-78.808,Assault
7209,7690,3,42.885,-78.81,Assault
7218,7699,3,42.852,-78.825,Theft of Vehicle
7223,7704,3,42.85,-78.827,Theft of Vehicle
7229,7711,3,42.869,-78.81,Theft of Vehicle
7231,7713,3,42.885,-78.839,Theft
7241,7723,3,42.842,-78.821,Assault
7244,7726,3,42.843,-78.82,Breaking & Entering
7247,7729,3,42.879,-78.835,Theft
7250,7732,3,42.855,-78.829,Theft
7253,7735,3,42.853,-78.801,Assault
7256,7738,3,42.841,-78.822,Theft
7264,7746,3,42.897,-78.816,Theft
7266,7748,3,42.851,-78.811,Theft
7270,7753,3,42.89,-78.837,Theft
7274,7757,3,42.876,-78.852,Theft
7275,7758,3,42.869,-78.809,Assault
7283,7766,3,42.876,-78.826,Theft
7285,7768,3,42.853,-78.828,Assault
7289,7772,3,42.85,-78.803,Assault
7294,7777,3,42.854,-78.808,Theft
7295,7778,3,42.899,-78.822,Assault
7302,7786,3,42.881,-78.801,Theft
7307,7791,3,42.881,-78.833,Theft of Vehicle
7310,7795,3,42.891,-78.844,Theft
7311,7796,3,42.891,-78.838,Theft
7312,7797,3,42.872,-78.804,Theft of Vehicle
7316,7801,3,42.868,-78.848,Theft
7326,7811,3,42.888,-78.8,Theft
7336,7822,3,42.896,-78.832,Theft
7359,7845,3,42.89,-78.805,Theft
7366,7852,3,42.833,-78.806,Theft
7370,7857,3,42.895,-78.839,Theft
7385,7872,3,42.898,-78.817,Homicide
7388,7876,3,42.85,-78.803,Assault
7389,7877,3,42.885,-78.841,Assault
7397,7886,3,42.841,-78.821,Theft
7400,7889,3,42.85,-78.812,Assault
7411,7901,3,42.843,-78.824,Assault
7425,7918,3,42.852,-78.825,Breaking & Entering
7448,7941,3,42.872,-78.832,Theft of Vehicle
7449,7942,3,42.896,-78.826,Theft of Vehicle
7471,7966,3,42.868,-78.808,Theft
7472,7967,3,42.856,-78.833,Theft of Vehicle
7481,7977,3,42.848,-78.821,Theft
7496,7993,3,42.897,-78.826,Sexual Offense
7501,7999,3,42.885,-78.839,Theft
7502,8001,3,42.895,-78.829,Theft of Vehicle
7526,8026,3,42.836,-78.824,Theft
7534,8035,3,42.888,-78.807,Breaking & Entering
7549,8050,3,42.888,-78.809,Assault
7551,8053,3,42.893,-78.835,Theft of Vehicle
7554,8056,3,42.85,-78.825,Assault
7559,8061,3,42.87,-78.822,Theft
7561,8063,3,42.869,-78.85,Theft
7563,8065,3,42.898,-78.823,Breaking & Entering
7564,8067,3,42.893,-78.832,Assault
7570,8073,3,42.894,-78.834,Theft of Vehicle
7573,8076,3,42.897,-78.807,Assault
7574,8077,3,42.876,-78.852,Theft
7579,8084,3,42.853,-78.802,Theft of Vehicle
7580,8085,3,42.855,-78.803,Sexual Offense
7582,8087,3,42.892,-78.84,Assault
7589,8094,3,42.888,-78.809,Assault
7599,8106,3,42.873,-78.811,Breaking & Entering
7603,8111,3,42.872,-78.811,Theft
7604,8112,3,42.854,-78.804,Assault
7607,8117,3,42.855,-78.812,Breaking & Entering
7608,8118,3,42.847,-78.824,Theft
7615,8125,3,42.859,-78.826,Breaking & Entering
7618,8129,3,42.853,-78.83,Theft
7622,8133,3,42.893,-78.803,Theft of Vehicle
7623,8134,3,42.833,-78.805,Breaking & Entering
7626,8137,3,42.872,-78.845,Breaking & Entering
7632,8144,3,42.832,-78.801,Theft
7635,8147,3,42.898,-78.816,Assault
7636,8149,3,42.892,-78.813,Breaking & Entering
7641,8154,3,42.857,-78.824,Theft
7643,8156,3,42.879,-78.81,Theft
7648,8161,3,42.872,-78.853,Theft of Vehicle
7649,8162,3,42.899,-78.822,Assault
7650,8164,3,42.891,-78.834,Theft of Vehicle
7653,8167,3,42.895,-78.82,Theft of Vehicle
7655,8169,3,42.882,-78.841,Assault
7657,8172,3,42.882,-78.8,Theft of Vehicle
7670,8186,3,42.856,-78.826,Theft
7671,8187,3,42.875,-78.804,Theft
7673,8189,3,42.851,-78.821,Theft
7676,8192,3,42.848,-78.812,Assault
7678,8195,3,42.841,-78.819,Breaking & Entering
7687,8206,3,42.89,-78.811,Theft
7688,8207,3,42.854,-78.825,Breaking & Entering
7690,8209,3,42.853,-78.815,Theft
7697,8217,3,42.887,-78.812,Theft
7698,8218,3,42.888,-78.836,Assault
7703,8223,3,42.853,-78.807,Theft of Vehicle
7704,8224,3,42.852,-78.824,Theft
7705,8225,3,42.86,-78.825,Robbery
7708,8228,3,42.872,-78.807,Theft
7714,8235,3,42.859,-78.826,Assault
7719,8240,3,42.884,-78.835,Theft
7722,8243,3,42.877,-78.825,Assault
7726,8247,3,42.877,-78.828,Breaking & Entering
7731,8252,3,42.869,-78.831,Assault
7738,8260,3,42.897,-78.819,Theft
7740,8262,3,42.854,-78.831,Theft of Vehicle
7743,8265,3,42.89,-78.805,Theft of Vehicle
7746,8268,3,42.897,-78.807,Assault
7749,8272,3,42.833,-78.813,Theft
7754,8277,3,42.87,-78.805,Assault
7758,8281,3,42.84,-78.824,Theft of Vehicle
7765,8288,3,42.898,-78.801,Assault
7766,8289,3,42.885,-78.81,Theft
7784,8307,3,42.873,-78.821,Sexual Offense
7804,8328,3,42.848,-78.824,Assault
7805,8329,3,42.85,-78.832,Theft of Vehicle
7821,8348,3,42.871,-78.85,Theft
7823,8350,3,42.876,-78.843,Theft
7828,8356,3,42.893,-78.805,Theft of Vehicle
7838,8366,3,42.894,-78.826,Theft of Vehicle
7843,8371,3,42.876,-78.83,Theft
7853,8382,3,42.881,-78.835,Breaking & Entering
7855,8384,3,42.872,-78.844,Breaking & Entering
7861,8390,3,42.837,-78.812,Theft
7875,8407,3,42.871,-78.81,Theft of Vehicle
7884,8417,3,42.884,-78.845,Theft
7895,8428,3,42.871,-78.809,Theft of Vehicle
7896,8429,3,42.86,-78.825,Theft of Vehicle
7897,8430,3,42.872,-78.807,Assault
7898,8431,3,42.889,-78.808,Theft
7910,8443,3,42.854,-78.808,Theft of Vehicle
7916,8451,3,42.844,-78.808,Theft of Vehicle
7934,8470,3,42.855,-78.812,Assault
7937,8473,3,42.85,-78.815,Theft
7939,8475,3,42.86,-78.816,Assault
7940,8476,3,42.873,-78.825,Homicide
7948,8486,3,42.857,-78.804,Theft of Vehicle
7951,8489,3,42.899,-78.822,Assault
7953,8491,3,42.876,-78.816,Theft
7956,8494,3,42.861,-78.839,Sexual Offense
7957,8495,3,42.854,-78.825,Theft of Vehicle
7958,8496,3,42.869,-78.807,Assault
7961,8500,3,42.848,-78.824,Theft of Vehicle
7965,8505,3,42.872,-78.804,Assault
7986,8529,3,42.878,-78.801,Theft of Vehicle
7998,8542,3,42.874,-78.827,Assault
8006,8550,3,42.896,-78.83,Breaking & Entering
8008,8552,3,42.875,-78.83,Theft
8014,8558,3,42.889,-78.838,Theft
8016,8560,3,42.886,-78.842,Theft of Vehicle
8023,8567,3,42.838,-78.808,Theft
8026,8570,3,42.833,-78.805,Theft
8038,8582,3,42.86,-78.815,Robbery
8047,8593,3,42.854,-78.808,Theft
8056,8602,3,42.854,-78.809,Theft of Vehicle
8065,8611,3,42.858,-78.831,Theft
8066,8612,3,42.886,-78.814,Breaking & Entering
8076,8623,3,42.869,-78.811,Theft of Vehicle
8078,8626,3,42.835,-78.823,Assault
8080,8628,3,42.853,-78.82,Breaking & Entering
8087,8635,3,42.874,-78.825,Theft of Vehicle
8090,8638,3,42.835,-78.823,Theft
8091,8639,3,42.871,-78.804,Robbery
8105,8654,3,42.882,-78.801,Assault
8109,8659,3,42.852,-78.803,Theft
8113,8663,3,42.872,-78.81,Assault
8122,8673,3,42.885,-78.838,Theft of Vehicle
8130,8682,3,42.86,-78.808,Assault
8132,8684,3,42.859,-78.816,Theft
8139,8692,3,42.879,-78.835,Assault
8143,8696,3,42.859,-78.817,Theft of Vehicle
8160,8714,3,42.873,-78.811,Assault
8163,8717,3,42.889,-78.807,Theft
8164,8719,3,42.836,-78.816,Assault
8172,8727,3,42.846,-78.831,Assault
8196,8751,3,42.856,-78.821,Theft
8197,8752,3,42.857,-78.828,Theft
8199,8754,3,42.853,-78.802,Theft of Vehicle
8201,8756,3,42.877,-78.828,Theft of Vehicle
8227,8782,3,42.845,-78.823,Theft
8230,8785,3,42.849,-78.803,Theft
8233,8788,3,42.874,-78.804,Assault
8236,8791,3,42.89,-78.837,Theft
8237,8792,3,42.879,-78.847,Theft
8248,8803,3,42.894,-78.825,Homicide
8249,8804,3,42.896,-78.804,Theft
8253,8808,3,42.857,-78.824,Theft
8260,8816,3,42.86,-78.815,Theft of Vehicle
8267,8824,3,42.882,-78.8,Theft
8270,8827,3,42.872,-78.842,Robbery
8272,8829,3,42.878,-78.833,Theft
8278,8835,3,42.885,-78.806,Robbery
8281,8838,3,42.89,-78.803,Theft
8285,8842,3,42.898,-78.824,Theft of Vehicle
8294,8851,3,42.896,-78.815,Theft of Vehicle
8301,8858,3,42.891,-78.84,Assault
8306,8864,3,42.849,-78.803,Theft
8311,8870,3,42.857,-78.824,Theft of Vehicle
8315,8874,3,42.871,-78.834,Theft of Vehicle
8327,8886,3,42.858,-78.807,Assault
8331,8892,3,42.854,-78.81,Theft
8337,8898,3,42.895,-78.825,Assault
8338,8899,3,42.899,-78.819,Robbery
8346,8907,3,42.894,-78.836,Theft
8349,8910,3,42.862,-78.818,Theft of Vehicle
8352,8914,3,42.885,-78.803,Theft
8364,8926,3,42.872,-78.805,Theft
8365,8927,3,42.855,-78.833,Assault
8368,8930,3,42.897,-78.819,Breaking & Entering
8369,8931,3,42.869,-78.81,Theft of Vehicle
8381,8946,3,42.854,-78.824,Theft
8383,8948,3,42.889,-78.808,Theft
8385,8950,3,42.897,-78.809,Theft of Vehicle
8386,8951,3,42.895,-78.803,Assault
8395,8962,3,42.895,-78.83,Theft
8401,8968,3,42.837,-78.827,Theft
8408,8977,3,42.885,-78.81,Theft
8409,8978,3,42.895,-78.83,Theft
8417,8986,3,42.834,-78.822,Theft
8443,9012,3,42.853,-78.814,Theft
8444,9013,3,42.892,-78.827,Robbery
8463,9033,3,42.848,-78.827,Theft
8468,9039,3,42.894,-78.825,Theft
8471,9043,3,42.841,-78.804,Theft of Vehicle
8473,9045,3,42.895,-78.835,Theft of Vehicle
8476,9048,3,42.859,-78.816,Theft
8477,9049,3,42.853,-78.811,Theft of Vehicle
8478,9050,3,42.855,-78.808,Theft
8479,9051,3,42.897,-78.84,Theft of Vehicle
8485,9059,3,42.854,-78.827,Assault
8487,9061,3,42.895,-78.829,Assault
8489,9063,3,42.855,-78.812,Theft of Vehicle
8492,9066,3,42.872,-78.816,Breaking & Entering
8494,9068,3,42.896,-78.839,Assault
8496,9070,3,42.879,-78.842,Breaking & Entering
8500,9074,3,42.851,-78.802,Theft
8504,9078,3,42.872,-78.82,Sexual Offense
8509,9087,3,42.888,-78.806,Theft of Vehicle
8511,9089,3,42.889,-78.835,Theft
8513,9091,3,42.881,-78.801,Theft
8514,9092,3,42.89,-78.808,Theft
8520,9098,3,42.843,-78.823,Theft
8523,9101,3,42.885,-78.839,Assault
8527,9106,3,42.89,-78.84,Theft
8534,9113,3,42.886,-78.827,Theft
8540,9119,3,42.852,-78.816,Theft
8542,9121,3,42.858,-78.811,Assault
8544,9123,3,42.853,-78.805,Assault
8546,9126,3,42.856,-78.811,Assault
8549,9129,3,42.852,-78.826,Theft of Vehicle
8550,9131,3,42.848,-78.822,Theft
8572,9153,3,42.853,-78.828,Theft of Vehicle
8575,9156,3,42.89,-78.812,Theft
8576,9157,3,42.878,-78.8,Theft
8577,9158,3,42.874,-78.801,Theft
8580,9161,3,42.854,-78.812,Theft
8585,9166,3,42.858,-78.813,Theft
8592,9173,3,42.896,-78.818,Theft of Vehicle
8596,9177,3,42.853,-78.804,Assault
8599,9180,3,42.884,-78.824,Breaking & Entering
8603,9184,3,42.858,-78.831,Robbery
8618,9201,3,42.893,-78.827,Assault
8627,9211,3,42.86,-78.825,Theft
8634,9218,3,42.891,-78.834,Assault
8643,9228,3,42.882,-78.842,Breaking & Entering
8660,9245,3,42.89,-78.808,Theft
8664,9249,3,42.838,-78.808,Theft
8668,9254,3,42.895,-78.809,Assault
8669,9255,3,42.892,-78.84,Breaking & Entering
8681,9268,3,42.881,-78.801,Theft
8687,9274,3,42.898,-78.8,Breaking & Entering
8697,9284,3,42.897,-78.838,Theft
8705,9292,3,42.845,-78.817,Theft of Vehicle
8706,9293,3,42.895,-78.83,Theft
8711,9299,3,42.872,-78.813,Theft
8713,9301,3,42.869,-78.808,Assault
8720,9308,3,42.898,-78.8,Breaking & Entering
8723,9311,3,42.888,-78.801,Theft
8733,9321,3,42.896,-78.816,Theft
8743,9331,3,42.855,-78.806,Theft
8745,9333,3,42.893,-78.83,Theft
8747,9335,3,42.858,-78.831,Theft
8749,9337,3,42.896,-78.816,Breaking & Entering
8754,9342,3,42.891,-78.83,Theft
8759,9347,3,42.88,-78.802,Theft
8762,9350,3,42.855,-78.812,Theft of Vehicle
8770,9358,3,42.895,-78.822,Assault
8780,9368,3,42.838,-78.824,Theft
8781,9369,3,42.85,-78.815,Theft
8783,9371,3,42.894,-78.821,Assault
8789,9378,3,42.87,-78.85,Theft
8796,9385,3,42.873,-78.82,Robbery
8806,9395,3,42.897,-78.833,Theft
8812,9401,3,42.855,-78.826,Assault
8815,9404,3,42.872,-78.844,Assault
8818,9407,3,42.837,-78.825,Assault
8819,9408,3,42.839,-78.857,Assault
8822,9411,3,42.852,-78.805,Theft
8823,9412,3,42.899,-78.834,Robbery
8828,9419,3,42.885,-78.825,Theft
8831,9422,3,42.86,-78.825,Theft of Vehicle
8832,9423,3,42.877,-78.802,Breaking & Entering
8833,9424,3,42.899,-78.831,Theft
8846,9438,3,42.844,-78.808,Theft of Vehicle
8847,9439,3,42.899,-78.818,Assault
8858,9450,3,42.893,-78.841,Theft
8859,9451,3,42.878,-78.833,Theft
8867,9460,3,42.849,-78.823,Theft
8868,9461,3,42.844,-78.823,Theft
8877,9470,3,42.855,-78.827,Robbery
8881,9474,3,42.87,-78.839,Assault
8883,9476,3,42.87,-78.816,Theft of Vehicle
8891,9484,3,42.843,-78.814,Theft
8893,9486,3,42.851,-78.806,Theft
8895,9488,3,42.885,-78.815,Breaking & Entering
8903,9496,3,42.856,-78.808,Assault
8906,9499,3,42.833,-78.824,Theft
8907,9500,3,42.891,-78.812,Assault
8913,9507,3,42.889,-78.808,Theft
8915,9509,3,42.852,-78.82,Theft of Vehicle
8919,9514,3,42.841,-78.824,Theft
8933,9530,3,42.881,-78.849,Breaking & Entering
8939,9536,3,42.89,-78.807,Theft of Vehicle
8943,9540,3,42.869,-78.831,Theft
8946,9544,3,42.897,-78.82,Theft of Vehicle
8958,9558,3,42.886,-78.806,Theft
8962,9562,3,42.894,-78.821,Assault
8969,9569,3,42.878,-78.801,Theft
8971,9571,3,42.876,-78.826,Theft of Vehicle
8973,9573,3,42.845,-78.823,Assault
8976,9576,3,42.896,-78.817,Robbery
8978,9578,3,42.85,-78.815,Theft of Vehicle
8982,9582,3,42.875,-78.829,Assault
8983,9583,3,42.856,-78.822,Theft of Vehicle
8988,9589,3,42.869,-78.811,Theft of Vehicle
8998,9599,3,42.886,-78.811,Assault
9007,9611,3,42.897,-78.814,Robbery
9011,9615,3,42.897,-78.815,Assault
9014,9620,3,42.896,-78.824,Theft of Vehicle
9016,9622,3,42.845,-78.823,Breaking & Entering
9018,9624,3,42.855,-78.834,Assault
9019,9625,3,42.856,-78.834,Theft
9029,9638,3,42.885,-78.814,Theft
9033,9642,3,42.874,-78.827,Theft
9034,9643,3,42.857,-78.824,Theft
9041,9651,3,42.87,-78.808,Assault
9043,9653,3,42.893,-78.807,Theft
9044,9654,3,42.899,-78.815,Theft
9049,9659,3,42.88,-78.814,Theft
9057,9667,3,42.891,-78.808,Theft
9069,9679,3,42.857,-78.821,Theft
9073,9683,3,42.857,-78.812,Theft
9077,9687,3,42.889,-78.808,Theft
9079,9689,3,42.897,-78.819,Assault
9083,9694,3,42.851,-78.802,Breaking & Entering
9088,9699,3,42.898,-78.802,Theft
9094,9705,3,42.877,-78.841,Breaking & Entering
9098,9709,3,42.884,-78.839,Theft
9105,9717,3,42.895,-78.83,Assault
9123,9735,3,42.886,-78.8,Theft
9136,9748,3,42.873,-78.806,Theft
9137,9749,3,42.848,-78.823,Breaking & Entering
9138,9750,3,42.878,-78.834,Theft
9142,9754,3,42.89,-78.803,Theft
9143,9755,3,42.854,-78.803,Breaking & Entering
9145,9758,3,42.898,-78.801,Assault
9149,9762,3,42.88,-78.839,Assault
9157,9771,3,42.894,-78.806,Theft
9159,9774,3,42.878,-78.801,Theft
9164,9779,3,42.879,-78.834,Theft
9171,9786,3,42.896,-78.809,Theft
9174,9789,3,42.893,-78.841,Theft
9176,9791,3,42.854,-78.828,Theft of Vehicle
9180,9795,3,42.859,-78.811,Theft
9182,9797,3,42.888,-78.8,Breaking & Entering
9184,9799,3,42.894,-78.806,Theft of Vehicle
9193,9809,3,42.895,-78.83,Assault
9196,9812,3,42.885,-78.807,Robbery
9198,9814,3,42.873,-78.826,Robbery
9199,9815,3,42.891,-78.832,Theft
9207,9823,3,42.895,-78.839,Assault
9210,9826,3,42.841,-78.824,Theft
9222,9839,3,42.872,-78.803,Breaking & Entering
9223,9840,3,42.855,-78.81,Robbery
9227,9847,3,42.885,-78.839,Theft of Vehicle
9229,9849,3,42.895,-78.805,Assault
9233,9853,3,42.857,-78.815,Theft
9236,9856,3,42.886,-78.803,Breaking & Entering
9239,9859,3,42.891,-78.812,Robbery
9244,9864,3,42.852,-78.805,Robbery
9253,9873,3,42.877,-78.828,Theft of Vehicle
9256,9876,3,42.898,-78.824,Theft of Vehicle
9257,9877,3,42.892,-78.83,Breaking & Entering
9287,9912,3,42.858,-78.816,Assault
9288,9913,3,42.899,-78.819,Assault
9291,9916,3,42.896,-78.825,Theft of Vehicle
9294,9919,3,42.886,-78.84,Robbery
9300,9925,3,42.881,-78.801,Theft
9310,9935,3,42.855,-78.825,Assault
9311,9937,3,42.856,-78.818,Homicide
9312,9938,3,42.838,-78.808,Theft
9313,9939,3,42.846,-78.802,Theft
9318,9945,3,42.86,-78.825,Theft
9319,9946,3,42.851,-78.806,Assault
9320,9947,3,42.891,-78.832,Assault
9322,9950,3,42.885,-78.814,Theft
9323,9951,3,42.895,-78.837,Robbery
9325,9953,3,42.891,-78.839,Theft
9329,9957,3,42.856,-78.811,Breaking & Entering
9334,9962,3,42.855,-78.826,Theft
9336,9964,3,42.893,-78.841,Theft
9342,9970,3,42.838,-78.808,Theft
9346,9974,3,42.878,-78.801,Theft
9347,9975,3,42.876,-78.852,Theft
9351,9979,3,42.853,-78.808,Assault
9356,9984,3,42.898,-78.807,Assault
9357,9985,3,42.847,-78.822,Breaking & Entering
9362,9991,3,42.841,-78.809,Theft
9373,10004,3,42.848,-78.827,Theft of Vehicle
9377,10008,3,42.859,-78.814,Assault
9382,10013,3,42.87,-78.828,Assault
9387,10018,3,42.89,-78.81,Sexual Offense
9393,10025,3,42.897,-78.838,Theft
9397,10029,3,42.887,-78.8,Assault
9418,10051,3,42.863,-78.82,Theft
9427,10060,3,42.863,-78.818,Assault
9430,10064,3,42.888,-78.811,Assault
9432,10066,3,42.849,-78.824,Theft of Vehicle
9438,10072,3,42.87,-78.834,Theft
9444,10078,3,42.872,-78.843,Assault
9469,10105,3,42.868,-78.807,Assault
9471,10107,3,42.896,-78.809,Breaking & Entering
9479,10115,3,42.86,-78.822,Assault
9480,10116,3,42.872,-78.834,Theft
9487,10123,3,42.851,-78.827,Theft
9499,10135,3,42.878,-78.85,Assault
9504,10140,3,42.858,-78.823,Breaking & Entering
9510,10146,3,42.853,-78.828,Assault
9518,10157,3,42.852,-78.825,Assault
9520,10159,3,42.871,-78.81,Theft
9525,10164,3,42.842,-78.82,Assault
9534,10173,3,42.87,-78.807,Theft
9536,10175,3,42.858,-78.832,Breaking & Entering
9537,10176,3,42.853,-78.828,Theft
9553,10194,3,42.85,-78.825,Theft
9554,10195,3,42.889,-78.844,Breaking & Entering
9561,10202,3,42.871,-78.815,Breaking & Entering
9565,10206,3,42.848,-78.824,Assault
9569,10210,3,42.848,-78.824,Theft of Vehicle
9571,10212,3,42.895,-78.82,Breaking & Entering
9575,10216,3,42.85,-78.83,Theft
9576,10217,3,42.839,-78.805,Theft
9579,10220,3,42.843,-78.821,Assault
9585,10226,3,42.878,-78.849,Theft
9589,10231,3,42.872,-78.853,Theft of Vehicle
9609,10251,3,42.885,-78.838,Theft
9611,10253,3,42.893,-78.827,Theft
9617,10259,3,42.892,-78.814,Theft
9622,10265,3,42.859,-78.817,Assault
9624,10267,3,42.842,-78.82,Theft
9630,10274,3,42.887,-78.846,Theft
9633,10277,3,42.857,-78.829,Assault
9644,10288,3,42.852,-78.803,Breaking & Entering
9651,10295,3,42.855,-78.821,Assault
9652,10296,3,42.855,-78.8,Assault
9654,10299,3,42.872,-78.853,Theft of Vehicle
9660,10306,3,42.859,-78.816,Assault
9662,10308,3,42.85,-78.813,Assault
9664,10310,3,42.858,-78.807,Theft
9671,10319,3,42.891,-78.841,Theft
9673,10321,3,42.878,-78.801,Theft
9677,10325,3,42.855,-78.812,Theft of Vehicle
9679,10327,3,42.872,-78.804,Assault
9681,10329,3,42.893,-78.814,Assault
9684,10332,3,42.872,-78.81,Assault
9691,10339,3,42.857,-78.813,Assault
9693,10341,3,42.883,-78.836,Assault
9698,10346,3,42.87,-78.805,Assault
9704,10353,3,42.897,-78.825,Sexual Offense
9707,10356,3,42.878,-78.851,Assault
9714,10363,3,42.852,-78.825,Breaking & Entering
9734,10384,3,42.871,-78.804,Theft
9746,10397,3,42.866,-78.822,Theft of Vehicle
9749,10400,3,42.879,-78.834,Breaking & Entering
9750,10401,3,42.893,-78.814,Breaking & Entering
9756,10408,3,42.855,-78.832,Assault
9758,10410,3,42.873,-78.844,Breaking & Entering
9762,10414,3,42.869,-78.831,Theft
9763,10415,3,42.895,-78.815,Assault
9767,10420,3,42.89,-78.815,Assault
9769,10422,3,42.896,-78.804,Robbery
9774,10428,3,42.869,-78.847,Assault
9776,10431,3,42.891,-78.81,Theft
9780,10435,3,42.889,-78.836,Assault
9784,10441,3,42.874,-78.851,Assault
9799,10456,3,42.862,-78.814,Assault
9804,10462,3,42.893,-78.835,Theft of Vehicle
9805,10463,3,42.851,-78.802,Theft
9808,10466,3,42.871,-78.81,Breaking & Entering
9812,10470,3,42.886,-78.804,Theft
9815,10473,3,42.877,-78.85,Theft
9818,10476,3,42.873,-78.811,Assault
9822,10480,3,42.869,-78.831,Assault
9831,10489,3,42.889,-78.844,Assault
9839,10498,3,42.853,-78.808,Theft
9843,10504,3,42.891,-78.834,Theft
9860,10522,3,42.892,-78.84,Theft
9861,10523,3,42.869,-78.808,Theft
9863,10525,3,42.853,-78.822,Breaking & Entering
9864,10526,3,42.883,-78.836,Assault
9877,10540,3,42.876,-78.828,Assault
9882,10545,3,42.858,-78.807,Assault
9883,10546,3,42.893,-78.806,Theft
9886,10549,3,42.896,-78.816,Theft of Vehicle
9894,10557,3,42.897,-78.804,Assault
9904,10568,3,42.878,-78.815,Assault
9911,10575,3,42.893,-78.837,Theft
9912,10576,3,42.891,-78.81,Theft
9914,10578,3,42.887,-78.803,Breaking & Entering
9917,10581,3,42.897,-78.838,Assault
9921,10585,3,42.862,-78.815,Breaking & Entering
9922,10586,3,42.863,-78.82,Theft
9926,10590,3,42.884,-78.833,Theft of Vehicle
9930,10594,3,42.861,-78.813,Theft
9934,10600,3,42.872,-78.815,Breaking & Entering
9938,10606,3,42.849,-78.818,Theft
9942,10610,3,42.896,-78.836,Assault
9947,10615,3,42.89,-78.835,Homicide
9958,10626,3,42.858,-78.815,Assault
9959,10627,3,42.861,-78.802,Theft
9961,10629,3,42.865,-78.824,Theft
9965,10633,3,42.891,-78.804,Assault
9966,10634,3,42.857,-78.825,Theft
9968,10636,3,42.832,-78.821,Theft
9973,10641,3,42.853,-78.802,Assault
9976,10644,3,42.859,-78.817,Theft of Vehicle
9980,10648,3,42.875,-78.803,Theft of Vehicle
9986,10654,3,42.871,-78.815,Assault
9993,10663,3,42.898,-78.82,Assault
9995,10665,3,42.895,-78.834,Breaking & Entering
9997,10667,3,42.852,-78.823,Theft
10002,10673,3,42.877,-78.846,Breaking & Entering
10004,10675,3,42.863,-78.818,Assault
10005,10676,3,42.884,-78.824,Assault
10006,10677,3,42.882,-78.846,Theft of Vehicle
10007,10678,3,42.854,-78.812,Breaking & Entering
10011,10682,3,42.855,-78.811,Theft
10016,10687,3,42.89,-78.81,Assault
10026,10698,3,42.864,-78.844,Theft
10035,10708,3,42.892,-78.83,Sexual Offense
10038,10711,3,42.875,-78.843,Assault
10039,10712,3,42.872,-78.853,Theft of Vehicle
10043,10716,3,42.881,-78.85,Assault
10050,10723,3,42.881,-78.833,Theft of Vehicle
10055,10728,3,42.835,-78.824,Theft
10056,10729,3,42.872,-78.839,Theft
10057,10730,3,42.866,-78.806,Theft
10070,10744,3,42.894,-78.809,Sexual Offense
10072,10746,3,42.886,-78.806,Theft
10073,10747,3,42.872,-78.81,Theft of Vehicle
10075,10749,3,42.862,-78.815,Theft
10077,10751,3,42.899,-78.818,Assault
10080,10755,3,42.888,-78.805,Assault
10086,10761,3,42.872,-78.843,Breaking & Entering
10091,10768,3,42.882,-78.848,Assault
10093,10770,3,42.845,-78.812,Assault
10095,10772,3,42.897,-78.823,Breaking & Entering
10103,10781,3,42.895,-78.829,Theft
10112,10791,3,42.853,-78.823,Assault
10115,10795,3,42.876,-78.83,Assault
10123,10804,3,42.857,-78.812,Assault
10125,10806,3,42.888,-78.838,Assault
10133,10816,3,42.89,-78.802,Theft
10146,10829,3,42.891,-78.8,Assault
10150,10834,3,42.87,-78.805,Breaking & Entering
10151,10835,3,42.844,-78.826,Theft
10154,10838,3,42.886,-78.802,Theft
10156,10840,3,42.869,-78.847,Assault
10158,10842,3,42.893,-78.83,Assault
10164,10848,3,42.869,-78.83,Theft
10167,10851,3,42.875,-78.827,Theft
10168,10852,3,42.859,-78.819,Assault
10170,10854,3,42.893,-78.804,Assault
10171,10855,3,42.891,-78.808,Assault
10191,10875,3,42.885,-78.815,Assault
10197,10881,3,42.896,-78.808,Assault
10199,10883,3,42.85,-78.815,Robbery
10215,10899,3,42.899,-78.815,Assault
10218,10902,3,42.844,-78.808,Theft
10223,10907,3,42.848,-78.824,Assault
10226,10910,3,42.895,-78.826,Theft
10229,10913,3,42.85,-78.803,Assault
10232,10917,3,42.853,-78.824,Theft
10237,10923,3,42.853,-78.805,Assault
10242,10929,3,42.889,-78.844,Breaking & Entering
10243,10930,3,42.891,-78.832,Assault
10248,10936,3,42.893,-78.843,Theft
10249,10937,3,42.853,-78.831,Assault
10254,10942,3,42.896,-78.82,Theft
10255,10943,3,42.834,-78.807,Theft
10261,10949,3,42.874,-78.827,Theft
10263,10951,3,42.875,-78.827,Theft
10265,10953,3,42.854,-78.807,Theft
10274,10962,3,42.828,-78.824,Assault
10275,10963,3,42.895,-78.82,Theft
10277,10965,3,42.894,-78.83,Theft
10283,10972,3,42.855,-78.826,Theft
10284,10973,3,42.856,-78.809,Assault
10301,10991,3,42.889,-78.808,Theft
10303,10993,3,42.874,-78.807,Assault
10310,11001,3,42.851,-78.819,Sexual Offense
10319,11010,3,42.855,-78.812,Theft of Vehicle
10322,11013,3,42.896,-78.826,Assault
10323,11014,3,42.892,-78.843,Theft
10324,11015,3,42.853,-78.824,Assault
10329,11020,3,42.894,-78.821,Assault
10330,11022,3,42.871,-78.811,Sexual Offense
10333,11026,3,42.89,-78.802,Theft
10339,11032,3,42.844,-78.824,Breaking & Entering
10344,11037,3,42.855,-78.809,Theft of Vehicle
10372,11068,3,42.874,-78.823,Assault
10374,11070,3,42.896,-78.805,Breaking & Entering
10380,11077,3,42.86,-78.815,Assault
10382,11079,3,42.868,-78.835,Theft
10399,11096,3,42.896,-78.815,Theft
10400,11097,3,42.898,-78.807,Theft
10406,11104,3,42.89,-78.833,Assault
10407,11105,3,42.874,-78.852,Theft of Vehicle
10410,11109,3,42.886,-78.802,Theft
10411,11110,3,42.858,-78.81,Theft
10419,11119,3,42.875,-78.826,Breaking & Entering
10421,11121,3,42.895,-78.807,Theft
10437,11138,3,42.851,-78.802,Robbery
10439,11140,3,42.852,-78.805,Robbery
10440,11141,3,42.888,-78.836,Assault
10450,11151,3,42.869,-78.812,Theft of Vehicle
10451,11152,3,42.886,-78.805,Theft
10462,11164,3,42.894,-78.825,Robbery
10481,11184,3,42.832,-78.805,Robbery
10483,11187,3,42.898,-78.807,Assault
10484,11188,3,42.875,-78.803,Theft of Vehicle
10485,11190,3,42.895,-78.805,Theft
10489,11194,3,42.856,-78.826,Breaking & Entering
10492,11198,3,42.888,-78.815,Theft
10494,11200,3,42.868,-78.808,Theft
10497,11203,3,42.885,-78.814,Theft
10507,11213,3,42.893,-78.84,Robbery
10514,11220,3,42.842,-78.823,Theft of Vehicle
10517,11223,3,42.854,-78.803,Theft of Vehicle
10521,11227,3,42.899,-78.831,Theft of Vehicle
10528,11234,3,42.891,-78.815,Theft of Vehicle
10530,11236,3,42.896,-78.824,Robbery
10538,11244,3,42.894,-78.834,Assault
10539,11245,3,42.891,-78.808,Theft of Vehicle
10542,11248,3,42.878,-78.801,Theft
10553,11261,3,42.84,-78.808,Theft of Vehicle
10554,11262,3,42.844,-78.827,Assault
10569,11277,3,42.878,-78.801,Theft
10573,11281,3,42.856,-78.833,Theft
10578,11286,3,42.879,-78.802,Breaking & Entering
10579,11287,3,42.833,-78.824,Theft
10597,11307,3,42.896,-78.808,Breaking & Entering
10613,11327,3,42.872,-78.811,Robbery
10643,11357,3,42.841,-78.809,Theft
10644,11358,3,42.895,-78.83,Theft
10650,11364,3,42.886,-78.809,Theft
10655,11370,3,42.893,-78.833,Theft
10656,11371,3,42.895,-78.82,Theft of Vehicle
10660,11376,3,42.857,-78.812,Theft
10662,11378,3,42.856,-78.833,Assault
10674,11393,3,42.873,-78.818,Breaking & Entering
10684,11403,3,42.869,-78.833,Robbery
10686,11405,3,42.855,-78.81,Theft of Vehicle
10694,11413,3,42.888,-78.815,Theft of Vehicle
10699,11418,3,42.894,-78.836,Theft
10707,11426,3,42.85,-78.813,Theft of Vehicle
10709,11429,3,42.892,-78.84,Robbery
10711,11431,3,42.85,-78.832,Breaking & Entering
10719,11439,3,42.895,-78.832,Theft
10722,11442,3,42.868,-78.806,Assault
10723,11443,3,42.876,-78.815,Assault
10724,11444,3,42.89,-78.803,Theft of Vehicle
10728,11448,3,42.877,-78.85,Assault
10733,11455,3,42.846,-78.825,Theft
10737,11459,3,42.884,-78.839,Assault
10741,11463,3,42.891,-78.812,Assault
10763,11490,3,42.855,-78.815,Theft
10771,11499,3,42.88,-78.84,Homicide
10772,11500,3,42.891,-78.814,Theft
10778,11506,3,42.872,-78.82,Theft of Vehicle
10779,11507,3,42.838,-78.808,Theft of Vehicle
10781,11509,3,42.893,-78.835,Theft
10790,11519,3,42.857,-78.812,Theft
10793,11522,3,42.875,-78.829,Theft
10798,11528,3,42.878,-78.801,Robbery
10805,11536,3,42.888,-78.811,Assault
10814,11545,3,42.851,-78.801,Theft
10816,11548,3,42.884,-78.848,Theft
10818,11550,3,42.884,-78.839,Theft
10819,11551,3,42.894,-78.802,Theft
10824,11556,3,42.892,-78.83,Assault
10827,11559,3,42.895,-78.83,Theft
10829,11561,3,42.885,-78.839,Theft of Vehicle
10832,11564,3,42.896,-78.824,Theft of Vehicle
10842,11576,3,42.848,-78.823,Theft
10847,11581,3,42.868,-78.808,Theft
10853,11587,3,42.872,-78.804,Theft of Vehicle
10854,11588,3,42.856,-78.811,Theft
10859,11594,3,42.894,-78.839,Theft
10863,11598,3,42.895,-78.83,Theft
10868,11603,3,42.86,-78.807,Theft of Vehicle
10873,11610,3,42.846,-78.817,Theft of Vehicle
10902,11640,3,42.852,-78.814,Theft
10908,11646,3,42.841,-78.809,Theft
10919,11659,3,42.862,-78.818,Theft of Vehicle
10931,11673,3,42.872,-78.811,Theft of Vehicle
10933,11675,3,42.854,-78.809,Theft
10935,11678,3,42.851,-78.806,Sexual Offense
10940,11684,3,42.832,-78.806,Theft
10945,11689,3,42.872,-78.83,Theft
10957,11702,3,42.867,-78.857,Theft
10958,11703,3,42.871,-78.802,Theft
10968,11714,3,42.898,-78.835,Breaking & Entering
10975,11722,3,42.871,-78.835,Assault
10986,11733,3,42.844,-78.828,Theft
10987,11734,3,42.851,-78.832,Theft of Vehicle
10988,11735,3,42.887,-78.813,Assault
10994,11741,3,42.852,-78.82,Breaking & Entering
10997,11745,3,42.846,-78.817,Theft of Vehicle
11008,11756,3,42.878,-78.801,Theft of Vehicle
11009,11757,3,42.859,-78.815,Theft of Vehicle
11010,11758,3,42.872,-78.804,Theft of Vehicle
11017,11766,3,42.849,-78.863,Theft
11027,11777,3,42.848,-78.824,Sexual Offense
11037,11788,3,42.841,-78.809,Theft
11040,11791,3,42.843,-78.823,Breaking & Entering
11041,11792,3,42.879,-78.836,Theft of Vehicle
11042,11793,3,42.861,-78.821,Theft
11078,11832,3,42.852,-78.821,Breaking & Entering
11082,11836,3,42.896,-78.836,Theft
11095,11850,3,42.892,-78.814,Theft of Vehicle
11104,11859,3,42.843,-78.823,Breaking & Entering
11108,11863,3,42.889,-78.809,Assault
11117,11874,3,42.891,-78.826,Theft of Vehicle
11122,11879,3,42.848,-78.817,Theft of Vehicle
11123,11881,3,42.853,-78.829,Theft
11133,11891,3,42.893,-78.839,Theft
11135,11894,3,42.875,-78.826,Theft
11137,11896,3,42.893,-78.839,Assault
11149,11910,3,42.872,-78.838,Theft
11151,11912,3,42.862,-78.819,Theft of Vehicle
11162,11923,3,42.89,-78.814,Sexual Offense
11163,11924,3,42.858,-78.81,Breaking & Entering
11165,11927,3,42.893,-78.841,Robbery
11166,11928,3,42.893,-78.839,Robbery
11185,11947,3,42.896,-78.841,Theft
11187,11949,3,42.886,-78.803,Theft
11190,11952,3,42.887,-78.837,Theft
11194,11956,3,42.893,-78.837,Theft
11199,11961,3,42.893,-78.841,Theft
11204,11968,3,42.891,-78.802,Theft of Vehicle
11206,11971,3,42.878,-78.801,Theft
11209,11974,3,42.886,-78.803,Theft
11210,11975,3,42.85,-78.811,Theft of Vehicle
11213,11978,3,42.897,-78.82,Breaking & Entering
11220,11985,3,42.895,-78.827,Robbery
11223,11988,3,42.841,-78.809,Theft
11229,11996,3,42.862,-78.812,Assault
11230,11997,3,42.889,-78.816,Theft
11250,12017,3,42.857,-78.826,Theft
11272,12040,3,42.898,-78.836,Theft of Vehicle
11277,12045,3,42.891,-78.805,Theft
11286,12055,3,42.893,-78.841,Robbery
11288,12057,3,42.897,-78.838,Theft
11290,12059,3,42.869,-78.831,Assault
11297,12066,3,42.894,-78.824,Theft
11303,12073,3,42.841,-78.809,Theft
11304,12074,3,42.861,-78.813,Theft of Vehicle
11308,12078,3,42.845,-78.824,Theft of Vehicle
11319,12089,3,42.884,-78.841,Theft
11326,12097,3,42.893,-78.835,Breaking & Entering
11330,12101,3,42.852,-78.803,Theft
11339,12111,3,42.852,-78.809,Theft
11342,12115,3,42.853,-78.801,Theft
11357,12130,3,42.893,-78.839,Theft
11360,12133,3,42.861,-78.818,Theft of Vehicle
11369,12143,3,42.836,-78.816,Breaking & Entering
11370,12144,3,42.864,-78.844,Theft
11375,12149,3,42.869,-78.812,Theft of Vehicle
11378,12152,3,42.898,-78.807,Theft
11385,12159,3,42.874,-78.808,Breaking & Entering
11388,12162,3,42.888,-78.814,Theft of Vehicle
11389,12163,3,42.871,-78.81,Theft of Vehicle
11395,12171,3,42.872,-78.801,Assault
11421,12200,3,42.873,-78.806,Sexual Offense
11427,12206,3,42.878,-78.837,Robbery
11442,12222,3,42.837,-78.806,Assault
11457,12239,3,42.88,-78.841,Assault
11462,12244,3,42.853,-78.819,Theft
11464,12246,3,42.856,-78.833,Assault
11466,12248,3,42.877,-78.848,Theft
11467,12249,3,42.896,-78.815,Theft
11469,12253,3,42.893,-78.809,Assault
11472,12257,3,42.851,-78.805,Breaking & Entering
11476,12262,3,42.883,-78.835,Theft
11486,12273,3,42.897,-78.839,Theft of Vehicle
11494,12282,3,42.866,-78.824,Theft
11495,12283,3,42.896,-78.836,Assault
11496,12284,3,42.869,-78.847,Assault
11497,12285,3,42.889,-78.816,Theft
11503,12291,3,42.881,-78.835,Theft
11506,12294,3,42.843,-78.824,Robbery
11507,12295,3,42.86,-78.815,Theft of Vehicle
11517,12305,3,42.876,-78.829,Theft of Vehicle
11518,12306,3,42.892,-78.844,Theft of Vehicle
11533,12322,3,42.89,-78.802,Theft
11534,12323,3,42.893,-78.825,Theft
11536,12325,3,42.879,-78.835,Theft
11537,12326,3,42.893,-78.841,Theft
11541,12331,3,42.895,-78.827,Robbery
11548,12338,3,42.892,-78.815,Theft
11552,12342,3,42.879,-78.834,Assault
11568,12358,3,42.854,-78.835,Assault
11572,12362,3,42.836,-78.807,Theft
11575,12365,3,42.891,-78.81,Robbery
11584,12375,3,42.856,-78.826,Assault
11587,12378,3,42.852,-78.804,Theft
11589,12380,3,42.84,-78.808,Theft
11593,12385,3,42.839,-78.824,Breaking & Entering
11598,12390,3,42.841,-78.809,Theft
11611,12404,3,42.853,-78.808,Theft
11612,12405,3,42.888,-78.815,Theft
11632,12428,3,42.871,-78.834,Assault
11634,12430,3,42.885,-78.839,Theft of Vehicle
11635,12431,3,42.888,-78.803,Assault
11639,12435,3,42.888,-78.803,Breaking & Entering
11642,12438,3,42.857,-78.83,Robbery
11652,12449,3,42.857,-78.824,Theft
11658,12455,3,42.877,-78.833,Breaking & Entering
11662,12459,3,42.841,-78.809,Theft
11680,12480,3,42.895,-78.808,Breaking & Entering
11685,12485,3,42.842,-78.831,Theft
11689,12489,3,42.854,-78.811,Robbery
11698,12498,3,42.851,-78.802,Theft
11703,12503,3,42.886,-78.842,Breaking & Entering
11709,12509,3,42.854,-78.805,Theft
11712,12513,3,42.876,-78.823,Theft of Vehicle
11717,12518,3,42.862,-78.821,Breaking & Entering
11731,12535,3,42.897,-78.814,Robbery
11733,12538,3,42.897,-78.801,Theft
11736,12541,3,42.861,-78.82,Theft
11750,12557,3,42.887,-78.809,Theft
11756,12563,3,42.88,-78.834,Assault
11758,12565,3,42.866,-78.824,Robbery
11761,12568,3,42.898,-78.84,Breaking & Entering
11773,12580,3,42.849,-78.814,Theft
11808,12618,3,42.843,-78.823,Theft
11812,12622,3,42.87,-78.847,Robbery
11813,12625,3,42.872,-78.844,Theft
11826,12640,3,42.851,-78.802,Theft
11830,12644,3,42.872,-78.807,Assault
11841,12655,3,42.895,-78.815,Breaking & Entering
11842,12656,3,42.857,-78.825,Breaking & Entering
11844,12658,3,42.875,-78.846,Theft
11856,12671,3,42.885,-78.814,Other Sexual Offense
11863,12678,3,42.89,-78.812,Assault
11867,12682,3,42.852,-78.801,Assault
11869,12684,3,42.875,-78.802,Theft
11873,12688,3,42.858,-78.815,Theft
11876,12691,3,42.894,-78.842,Breaking & Entering
11877,12692,3,42.897,-78.814,Assault
11878,12693,3,42.852,-78.811,Theft of Vehicle
11879,12694,3,42.848,-78.812,Assault
11896,12713,3,42.857,-78.829,Other Sexual Offense
11903,12720,3,42.889,-78.803,Other Sexual Offense
11912,12730,3,42.891,-78.844,Assault
11917,12735,3,42.846,-78.82,Breaking & Entering
11920,12738,3,42.888,-78.838,Assault
11933,12752,3,42.893,-78.825,Theft
11936,12755,3,42.857,-78.812,Assault
11937,12756,3,42.898,-78.824,Theft
11940,12759,3,42.898,-78.803,Assault
11947,12766,3,42.867,-78.851,Homicide
11952,12772,3,42.87,-78.807,Assault
11955,12776,3,42.871,-78.81,Theft
11962,12783,3,42.852,-78.822,Breaking & Entering
11967,12788,3,42.858,-78.831,Robbery
11970,12792,3,42.849,-78.822,Theft
11978,12800,3,42.862,-78.813,Theft
11979,12801,3,42.893,-78.831,Theft
11982,12804,3,42.84,-78.818,Breaking & Entering
11997,12820,3,42.844,-78.824,Assault
11998,12821,3,42.894,-78.819,Breaking & Entering
12012,12835,3,42.892,-78.831,Assault
12015,12838,3,42.873,-78.809,Breaking & Entering
12020,12843,3,42.838,-78.819,Theft
12024,12847,3,42.858,-78.813,Theft
12033,12857,3,42.87,-78.811,Sexual Assault
12036,12860,3,42.898,-78.837,Theft
12037,12861,3,42.848,-78.824,Other Sexual Offense
12041,12865,3,42.889,-78.809,Theft
12052,12876,3,42.854,-78.832,Assault
12056,12880,3,42.868,-78.846,Assault
12073,12898,3,42.895,-78.807,Theft of Vehicle
12084,12910,3,42.855,-78.819,Assault
12086,12912,3,42.894,-78.837,Assault
12094,12920,3,42.839,-78.857,Breaking & Entering
12100,12926,3,42.894,-78.841,Assault
12103,12929,3,42.896,-78.82,Breaking & Entering
12105,12931,3,42.867,-78.825,Theft
12114,12940,3,42.887,-78.844,Breaking & Entering
12118,12944,3,42.874,-78.817,Theft
12126,12952,3,42.87,-78.845,Breaking & Entering
12128,12954,3,42.885,-78.815,Breaking & Entering
12130,12956,3,42.873,-78.852,Breaking & Entering
12136,12962,3,42.841,-78.808,Robbery
12152,12979,3,42.856,-78.829,Assault
12157,12984,3,42.895,-78.83,Robbery
12165,12992,3,42.898,-78.807,Theft
12168,12995,3,42.897,-78.838,Assault
12169,12996,3,42.833,-78.803,Robbery
12173,13001,3,42.85,-78.804,Assault
12180,13008,3,42.838,-78.805,Theft
12184,13012,3,42.854,-78.81,Breaking & Entering
12187,13015,3,42.89,-78.805,Assault
12192,13020,3,42.873,-78.804,Theft
12216,13045,3,42.86,-78.806,Breaking & Entering
12218,13047,3,42.882,-78.833,Breaking & Entering
12226,13055,3,42.89,-78.802,Assault
12230,13059,3,42.851,-78.805,Breaking & Entering
12233,13062,3,42.88,-78.846,Theft
12237,13066,3,42.898,-78.815,Theft
12245,13074,3,42.896,-78.823,Assault
12256,13085,3,42.857,-78.829,Theft
12260,13089,3,42.862,-78.814,Theft
12268,13097,3,42.845,-78.825,Breaking & Entering
12274,13103,3,42.837,-78.825,Theft
12277,13106,3,42.892,-78.839,Breaking & Entering
12279,13108,3,42.898,-78.817,Breaking & Entering
12287,13116,3,42.897,-78.819,Breaking & Entering
12290,13119,3,42.876,-78.843,Theft
12296,13125,3,42.895,-78.82,Theft
12297,13126,3,42.858,-78.808,Theft
12318,13148,3,42.896,-78.842,Breaking & Entering
12321,13151,3,42.894,-78.834,Theft
12322,13152,3,42.872,-78.819,Assault
12323,13153,3,42.884,-78.839,Breaking & Entering
12326,13156,3,42.859,-78.835,Breaking & Entering
12327,13157,3,42.836,-78.824,Theft
12332,13163,3,42.848,-78.812,Theft of Vehicle
12340,13173,3,42.867,-78.849,Theft
12349,13182,3,42.886,-78.84,Assault
12361,13194,3,42.897,-78.838,Theft
12363,13196,3,42.876,-78.852,Theft
12370,13203,3,42.88,-78.847,Theft
12372,13205,3,42.856,-78.833,Theft
12376,13209,3,42.856,-78.826,Assault
12385,13218,3,42.857,-78.812,Theft
12402,13235,3,42.851,-78.804,Breaking & Entering
12404,13237,3,42.893,-78.822,Assault
12407,13240,3,42.857,-78.833,Assault
12411,13244,3,42.894,-78.806,Theft
12421,13254,3,42.885,-78.839,Assault
12422,13255,3,42.855,-78.819,Theft
12423,13256,3,42.858,-78.823,Theft of Vehicle
12424,13257,3,42.888,-78.811,Theft
12434,13267,3,42.858,-78.826,Theft
12435,13268,3,42.871,-78.835,Assault
12438,13271,3,42.893,-78.842,Assault
12449,13282,3,42.875,-78.829,Theft
12453,13286,3,42.873,-78.825,Theft
12456,13289,3,42.871,-78.834,Theft
12465,13298,3,42.85,-78.814,Theft of Vehicle
12469,13302,3,42.86,-78.815,Assault
12471,13304,3,42.85,-78.824,Theft
12473,13306,3,42.888,-78.813,Breaking & Entering
12475,13308,3,42.849,-78.828,Theft
12482,13315,3,42.886,-78.813,Theft
12484,13317,3,42.847,-78.801,Breaking & Entering
12485,13318,3,42.86,-78.814,Assault
12502,13335,3,42.856,-78.809,Theft of Vehicle
12515,13348,3,42.858,-78.831,Theft
12520,13353,3,42.859,-78.824,Breaking & Entering
12526,13359,3,42.87,-78.812,Theft
12540,13374,3,42.854,-78.807,Theft
12541,13375,3,42.891,-78.814,Robbery
12579,13413,3,42.898,-78.816,Assault
12588,13422,3,42.895,-78.823,Breaking & Entering
12602,13436,3,42.898,-78.807,Theft
12603,13437,3,42.856,-78.801,Assault
12622,13456,3,42.894,-78.806,Assault
12625,13459,3,42.843,-78.82,Theft of Vehicle
12627,13461,3,42.885,-78.804,Theft
12647,13482,3,42.872,-78.822,Theft
12650,13486,3,42.834,-78.816,Assault
12655,13491,3,42.894,-78.807,Theft
12668,13504,3,42.898,-78.803,Other Sexual Offense
12672,13508,3,42.837,-78.822,Assault
12687,13523,3,42.848,-78.812,Theft of Vehicle
12689,13525,3,42.897,-78.804,Theft
12695,13531,3,42.895,-78.829,Theft of Vehicle
12700,13536,3,42.857,-78.82,Theft
12702,13538,3,42.841,-78.805,Theft
12704,13540,3,42.866,-78.822,Theft
12710,13547,3,42.854,-78.812,Other Sexual Offense
12720,13557,3,42.855,-78.812,Assault
12730,13568,3,42.854,-78.805,Breaking & Entering
12756,13596,3,42.845,-78.816,Theft
12758,13598,3,42.89,-78.807,Breaking & Entering
12761,13601,3,42.872,-78.801,Breaking & Entering
12770,13611,3,42.889,-78.808,Theft
12773,13614,3,42.897,-78.816,Theft
12775,13616,3,42.86,-78.813,Theft of Vehicle
12794,13635,3,42.869,-78.846,Breaking & Entering
12797,13638,3,42.887,-78.815,Breaking & Entering
12801,13642,3,42.87,-78.81,Theft
12806,13647,3,42.885,-78.839,Assault
12818,13660,3,42.871,-78.83,Assault
12822,13664,3,42.855,-78.81,Assault
12829,13671,3,42.87,-78.848,Breaking & Entering
12830,13672,3,42.877,-78.814,Theft
12831,13673,3,42.883,-78.832,Theft of Vehicle
12835,13678,3,42.833,-78.824,Theft
12836,13679,3,42.842,-78.832,Breaking & Entering
12838,13681,3,42.862,-78.8,Breaking & Entering
12840,13683,3,42.898,-78.815,Assault
12841,13684,3,42.89,-78.834,Theft
12843,13686,3,42.841,-78.832,Theft
12864,13707,3,42.857,-78.812,Theft
12865,13708,3,42.833,-78.824,Theft
12872,13715,3,42.856,-78.828,Theft
12874,13717,3,42.885,-78.84,Theft of Vehicle
12884,13727,3,42.872,-78.82,Theft
12892,13735,3,42.893,-78.84,Theft of Vehicle
12896,13739,3,42.895,-78.83,Robbery
12897,13740,3,42.889,-78.838,Theft
12899,13742,3,42.845,-78.813,Theft
12912,13755,3,42.85,-78.83,Theft
12914,13757,3,42.834,-78.817,Theft
12924,13767,3,42.891,-78.832,Assault
12929,13772,3,42.873,-78.804,Assault
12933,13776,3,42.86,-78.807,Assault
12941,13784,3,42.893,-78.837,Assault
12946,13790,3,42.857,-78.826,Breaking & Entering
12949,13793,3,42.85,-78.821,Assault
12951,13795,3,42.898,-78.831,Theft
12964,13809,3,42.858,-78.831,Theft
12965,13810,3,42.841,-78.821,Theft
12968,13813,3,42.891,-78.813,Assault
12972,13817,3,42.858,-78.825,Theft
12989,13834,3,42.846,-78.829,Theft
12990,13835,3,42.892,-78.807,Theft
13007,13852,3,42.855,-78.835,Theft
13030,13875,3,42.896,-78.816,Breaking & Entering
13038,13883,3,42.857,-78.811,Theft
13042,13887,3,42.899,-78.832,Breaking & Entering
13046,13891,3,42.891,-78.806,Theft
13047,13892,3,42.894,-78.834,Robbery
13053,13899,3,42.854,-78.825,Assault
13058,13905,3,42.873,-78.813,Theft
13060,13907,3,42.863,-78.82,Theft
13063,13910,3,42.898,-78.819,Robbery
13064,13911,3,42.879,-78.842,Assault
13069,13916,3,42.894,-78.808,Breaking & Entering
13076,13923,3,42.856,-78.817,Theft
13086,13933,3,42.855,-78.831,Assault
13090,13939,3,42.897,-78.812,Breaking & Entering
13094,13943,3,42.879,-78.834,Theft of Vehicle
13102,13951,3,42.885,-78.839,Theft of Vehicle
13103,13952,3,42.845,-78.826,Theft
13120,13969,3,42.85,-78.803,Assault
13121,13970,3,42.839,-78.815,Theft
13129,13978,3,42.832,-78.815,Theft
13146,13995,3,42.89,-78.812,Theft
13155,14005,3,42.879,-78.841,Robbery
13157,14007,3,42.876,-78.852,Theft
13160,14010,3,42.89,-78.806,Assault
13163,14013,3,42.868,-78.807,Assault
13165,14015,3,42.892,-78.833,Theft
13178,14028,3,42.844,-78.813,Theft
13179,14029,3,42.898,-78.821,Theft of Vehicle
13180,14031,3,42.882,-78.845,Theft
13187,14038,3,42.872,-78.801,Theft
13188,14039,3,42.862,-78.818,Assault
13194,14045,3,42.854,-78.808,Assault
13198,14049,3,42.897,-78.803,Theft
13203,14054,3,42.898,-78.801,Robbery
13204,14055,3,42.87,-78.847,Breaking & Entering
13207,14058,3,42.851,-78.803,Assault
13213,14064,3,42.888,-78.807,Theft
13216,14067,3,42.848,-78.824,Theft
13219,14070,3,42.872,-78.807,Theft
13221,14072,3,42.869,-78.834,Theft
13228,14079,3,42.848,-78.824,Theft
13236,14087,3,42.846,-78.824,Assault
13238,14089,3,42.885,-78.838,Assault
13253,14105,3,42.889,-78.811,Breaking & Entering
13263,14115,3,42.889,-78.811,Breaking & Entering
13264,14116,3,42.838,-78.808,Theft
13269,14121,3,42.89,-78.801,Breaking & Entering
13270,14122,3,42.897,-78.818,Robbery
13271,14123,3,42.835,-78.805,Theft of Vehicle
13272,14124,3,42.844,-78.812,Theft
13278,14130,3,42.892,-78.803,Breaking & Entering
13283,14135,3,42.869,-78.85,Assault
13285,14137,3,42.869,-78.847,Assault
13286,14138,3,42.868,-78.81,Theft
13293,14145,3,42.893,-78.837,Theft
13298,14150,3,42.867,-78.824,Assault
13301,14153,3,42.852,-78.805,Robbery
13308,14161,3,42.875,-78.842,Theft
13313,14166,3,42.878,-78.815,Theft of Vehicle
13315,14168,3,42.89,-78.809,Breaking & Entering
13319,14172,3,42.88,-78.84,Assault
13352,14205,3,42.853,-78.829,Theft of Vehicle
13366,14219,3,42.854,-78.808,Breaking & Entering
13368,14221,3,42.848,-78.812,Theft
13369,14222,3,42.869,-78.831,Theft
13378,14231,3,42.895,-78.839,Theft
13380,14233,3,42.891,-78.809,Theft
13381,14234,3,42.873,-78.829,Assault
13382,14235,3,42.857,-78.805,Theft
13389,14242,3,42.892,-78.814,Assault
13404,14257,3,42.899,-78.834,Assault
13406,14259,3,42.851,-78.823,Theft
13409,14262,3,42.885,-78.806,Theft
13412,14265,3,42.891,-78.812,Breaking & Entering
13419,14272,3,42.841,-78.808,Breaking & Entering
13425,14278,3,42.849,-78.832,Theft
13433,14286,3,42.89,-78.809,Assault
13436,14289,3,42.862,-78.819,Assault
13441,14294,3,42.899,-78.836,Robbery
13451,14304,3,42.896,-78.835,Breaking & Entering
13454,14307,3,42.871,-78.837,Assault
13460,14313,3,42.872,-78.82,Assault
13462,14315,3,42.842,-78.821,Assault
13463,14316,3,42.877,-78.843,Breaking & Entering
13466,14319,3,42.843,-78.826,Breaking & Entering
13474,14327,3,42.884,-78.834,Assault
13481,14335,3,42.874,-78.81,Theft of Vehicle
13490,14344,3,42.89,-78.844,Breaking & Entering
13510,14364,3,42.868,-78.838,Theft
13518,14372,3,42.871,-78.807,Robbery
13527,14381,3,42.844,-78.818,Assault
13529,14383,3,42.898,-78.821,Theft
13530,14384,3,42.894,-78.819,Breaking & Entering
13544,14398,3,42.897,-78.819,Other Sexual Offense
13556,14410,3,42.892,-78.83,Theft
13561,14415,3,42.861,-78.802,Assault
13566,14420,3,42.857,-78.829,Theft
13569,14423,3,42.843,-78.81,Theft
13593,14447,3,42.897,-78.804,Theft
13594,14448,3,42.87,-78.801,Theft
13602,14456,3,42.867,-78.849,Assault
13606,14460,3,42.855,-78.832,Theft
13608,14462,3,42.891,-78.801,Breaking & Entering
13610,14464,3,42.893,-78.833,Robbery
13618,14472,3,42.875,-78.808,Theft
13626,14480,3,42.884,-78.835,Theft of Vehicle
13635,14489,3,42.892,-78.831,Breaking & Entering
13644,14498,3,42.897,-78.824,Theft of Vehicle
13660,14514,3,42.853,-78.806,Theft of Vehicle
13663,14517,3,42.839,-78.82,Breaking & Entering
13666,14520,3,42.883,-78.834,Breaking & Entering
13668,14522,3,42.859,-78.814,Robbery
13672,14526,3,42.895,-78.827,Theft of Vehicle
13680,14535,3,42.869,-78.85,Assault
13699,14554,3,42.898,-78.815,Assault
13707,14563,3,42.894,-78.835,Assault
13712,14568,3,42.849,-78.817,Theft
13717,14573,3,42.869,-78.831,Breaking & Entering
13720,14576,3,42.89,-78.808,Assault
13727,14583,3,42.899,-78.838,Breaking & Entering
13739,14595,3,42.85,-78.815,Theft
13744,14600,3,42.871,-78.852,Assault
13751,14607,3,42.895,-78.825,Breaking & Entering
13761,14617,3,42.857,-78.814,Theft
13762,14618,3,42.879,-78.842,Assault
13767,14623,3,42.873,-78.812,Theft of Vehicle
13770,14626,3,42.895,-78.826,Theft of Vehicle
13773,14629,3,42.863,-78.819,Theft
13775,14631,3,42.872,-78.845,Theft
13777,14633,3,42.872,-78.809,Theft
13779,14635,3,42.859,-78.816,Theft of Vehicle
13780,14636,3,42.859,-78.834,Theft
13789,14645,3,42.899,-78.822,Assault
13792,14648,3,42.89,-78.804,Theft
13809,14665,3,42.893,-78.837,Robbery
13814,14670,3,42.848,-78.824,Breaking & Entering
13816,14672,3,42.898,-78.824,Breaking & Entering
13822,14678,3,42.884,-78.839,Assault
13823,14679,3,42.875,-78.824,Theft
13840,14697,3,42.895,-78.828,Assault
13842,14699,3,42.895,-78.839,Assault
13847,14704,3,42.844,-78.813,Theft
13860,14717,3,42.851,-78.814,Theft
13863,14720,3,42.848,-78.823,Theft
13870,14727,3,42.897,-78.819,Theft
13878,14736,3,42.889,-78.835,Theft
13881,14739,3,42.882,-78.829,Theft
13893,14751,3,42.896,-78.823,Assault
13894,14752,3,42.85,-78.827,Assault
13895,14753,3,42.897,-78.838,Breaking & Entering
13900,14758,3,42.891,-78.805,Theft
13901,14759,3,42.86,-78.812,Theft of Vehicle
13903,14761,3,42.844,-78.827,Breaking & Entering
13906,14764,3,42.897,-78.817,Theft
13930,14789,3,42.891,-78.834,Theft
13931,14790,3,42.89,-78.803,Theft
13935,14794,3,42.894,-78.803,Assault
13938,14798,3,42.867,-78.846,Assault
13945,14805,3,42.894,-78.833,Robbery
13946,14806,3,42.837,-78.824,Robbery
13955,14815,3,42.886,-78.805,Assault
13965,14825,3,42.883,-78.836,Breaking & Entering
13970,14830,3,42.895,-78.819,Breaking & Entering
13976,14836,3,42.857,-78.829,Robbery
13980,14840,3,42.856,-78.832,Breaking & Entering
13985,14845,3,42.856,-78.808,Breaking & Entering
13991,14851,3,42.868,-78.808,Theft
13996,14856,3,42.878,-78.834,Robbery
13998,14858,3,42.848,-78.828,Assault
14006,14866,3,42.844,-78.82,Breaking & Entering
14009,14869,3,42.856,-78.833,Breaking & Entering
14025,14885,3,42.871,-78.815,Theft of Vehicle
14026,14886,3,42.841,-78.824,Theft
14027,14887,3,42.879,-78.802,Theft
14030,14890,3,42.893,-78.837,Assault
14048,14908,3,42.889,-78.844,Theft of Vehicle
14054,14914,3,42.856,-78.824,Theft
14058,14918,3,42.889,-78.803,Breaking & Entering
14060,14920,3,42.896,-78.806,Assault
14062,14922,3,42.895,-78.832,Assault
14066,14926,3,42.852,-78.823,Theft
14070,14930,3,42.856,-78.829,Homicide
14071,14931,3,42.882,-78.833,Breaking & Entering
14073,14933,3,42.855,-78.809,Assault
14078,14938,3,42.868,-78.806,Assault
14081,14941,3,42.858,-78.831,Theft
14085,14945,3,42.85,-78.821,Theft
14087,14947,3,42.896,-78.819,Robbery
14092,14952,3,42.89,-78.804,Theft
14093,14953,3,42.897,-78.815,Robbery
14108,14968,3,42.852,-78.803,Breaking & Entering
14114,14974,3,42.852,-78.805,Theft
14117,14977,3,42.846,-78.826,Theft
14139,14999,3,42.87,-78.847,Assault
14143,15003,3,42.887,-78.804,Theft
14149,15009,3,42.883,-78.835,Theft of Vehicle
14160,15020,3,42.854,-78.808,Theft
14161,15021,3,42.889,-78.838,Theft
14166,15026,3,42.842,-78.823,Assault
14170,15031,3,42.859,-78.82,Breaking & Entering
14172,15033,3,42.888,-78.846,Breaking & Entering
14173,15034,3,42.872,-78.81,Assault
14187,15048,3,42.884,-78.831,Theft
14191,15052,3,42.859,-78.808,Breaking & Entering
14207,15068,3,42.848,-78.824,Theft
14210,15071,3,42.89,-78.838,Theft
14211,15072,3,42.832,-78.811,Theft
14229,15091,3,42.886,-78.805,Assault
14230,15092,3,42.882,-78.833,Breaking & Entering
14234,15097,3,42.889,-78.838,Theft
14239,15102,3,42.878,-78.801,Theft
14240,15103,3,42.89,-78.807,Robbery
14241,15104,3,42.89,-78.834,Theft
14255,15119,3,42.856,-78.811,Assault
14262,15126,3,42.895,-78.825,Assault
14283,15147,3,42.844,-78.832,Theft
14285,15149,3,42.844,-78.813,Assault
14291,15155,3,42.889,-78.806,Other Sexual Offense
14299,15163,3,42.895,-78.832,Homicide
14304,15168,3,42.849,-78.813,Breaking & Entering
14306,15170,3,42.852,-78.809,Breaking & Entering
14311,15175,3,42.837,-78.808,Theft
14325,15189,3,42.844,-78.819,Theft
14334,15198,3,42.859,-78.822,Breaking & Entering
14338,15202,3,42.891,-78.802,Assault
14339,15203,3,42.896,-78.818,Assault
14359,15223,3,42.858,-78.809,Theft
14361,15225,3,42.869,-78.835,Theft
14365,15229,3,42.859,-78.827,Theft
14383,15247,3,42.888,-78.812,Theft
14395,15259,3,42.858,-78.831,Theft
14402,15266,3,42.896,-78.814,Breaking & Entering
14408,15272,3,42.892,-78.832,Theft
14410,15274,3,42.856,-78.808,Assault
14414,15278,3,42.855,-78.8,Assault
14417,15282,3,42.849,-78.82,Theft
14442,15308,3,42.889,-78.807,Assault
14443,15309,3,42.872,-78.801,Robbery
14448,15314,3,42.894,-78.835,Assault
14450,15316,3,42.898,-78.83,Breaking & Entering
14457,15323,3,42.856,-78.812,Theft
14459,15325,3,42.838,-78.808,Assault
14461,15327,3,42.886,-78.84,Theft
14469,15335,3,42.835,-78.827,Assault
14470,15336,3,42.85,-78.803,Assault
14473,15339,3,42.896,-78.818,Theft of Vehicle
14475,15341,3,42.869,-78.807,Assault
14490,15356,3,42.878,-78.834,Theft
14502,15368,3,42.889,-78.834,Theft
14510,15376,3,42.898,-78.831,Theft
14512,15378,3,42.886,-78.805,Assault
14513,15379,3,42.896,-78.824,Robbery
14519,15385,3,42.853,-78.824,Assault
14521,15387,3,42.857,-78.824,Theft
14522,15388,3,42.888,-78.837,Assault
14524,15390,3,42.894,-78.836,Theft
14527,15393,3,42.896,-78.841,Breaking & Entering
14528,15394,3,42.856,-78.806,Assault
14540,15406,3,42.888,-78.838,Theft of Vehicle
14555,15422,3,42.86,-78.807,Theft
14567,15434,3,42.887,-78.813,Theft of Vehicle
14570,15437,3,42.856,-78.831,Assault
14573,15440,3,42.851,-78.825,Theft of Vehicle
14576,15443,3,42.848,-78.824,Robbery
14585,15452,3,42.851,-78.827,Theft
14592,15459,3,42.898,-78.823,Breaking & Entering
14600,15467,3,42.885,-78.815,Breaking & Entering
14601,15468,3,42.885,-78.847,Assault
14607,15474,3,42.891,-78.826,Theft of Vehicle
14610,15477,3,42.874,-78.817,Theft
14613,15480,3,42.889,-78.812,Theft
14615,15482,3,42.851,-78.802,Breaking & Entering
14617,15484,3,42.889,-78.802,Breaking & Entering
14626,15493,3,42.853,-78.826,Theft
14642,15509,3,42.897,-78.814,Theft of Vehicle
14649,15516,3,42.889,-78.834,Other Sexual Offense
14665,15532,3,42.853,-78.837,Theft
14666,15533,3,42.873,-78.813,Breaking & Entering
14671,15538,3,42.892,-78.807,Assault
14673,15540,3,42.898,-78.802,Theft
14675,15542,3,42.896,-78.816,Robbery
14680,15547,3,42.845,-78.823,Theft
14686,15553,3,42.871,-78.851,Breaking & Entering
14690,15557,3,42.856,-78.806,Theft
14692,15559,3,42.835,-78.823,Theft
14694,15561,3,42.873,-78.826,Theft of Vehicle
14697,15564,3,42.848,-78.812,Assault
14714,15582,3,42.845,-78.809,Theft
14717,15585,3,42.873,-78.829,Theft
14718,15586,3,42.885,-78.813,Assault
14730,15598,3,42.895,-78.83,Assault
14734,15602,3,42.895,-78.832,Breaking & Entering
14735,15603,3,42.885,-78.81,Breaking & Entering
14737,15605,3,42.892,-78.839,Robbery
14738,15606,3,42.881,-78.842,Breaking & Entering
14743,15611,3,42.885,-78.806,Breaking & Entering
14758,15626,3,42.849,-78.824,Theft
14773,15641,3,42.854,-78.826,Theft
14785,15653,3,42.854,-78.825,Assault
14789,15657,3,42.896,-78.82,Breaking & Entering
14793,15661,3,42.869,-78.831,Theft
14810,15679,3,42.897,-78.825,Theft
14811,15680,3,42.893,-78.837,Theft
14820,15689,3,42.89,-78.803,Theft
14824,15693,3,42.869,-78.85,Assault
14834,15703,3,42.833,-78.821,Theft
14853,15722,3,42.891,-78.833,Breaking & Entering
14855,15724,3,42.876,-78.85,Theft of Vehicle
14858,15727,3,42.855,-78.831,Breaking & Entering
14862,15731,3,42.858,-78.831,Theft
14866,15735,3,42.839,-78.824,Theft
14867,15736,3,42.895,-78.827,Theft
14869,15738,3,42.848,-78.812,Theft
14871,15741,3,42.839,-78.812,Breaking & Entering
14876,15746,3,42.87,-78.805,Assault
14877,15747,3,42.889,-78.81,Theft
14898,15770,3,42.893,-78.843,Theft
14899,15771,3,42.852,-78.822,Breaking & Entering
14904,15776,3,42.851,-78.83,Theft
14907,15779,3,42.855,-78.826,Theft
14908,15780,3,42.89,-78.801,Assault
14909,15781,3,42.898,-78.8,Assault
14935,15807,3,42.869,-78.81,Assault
14942,15814,3,42.891,-78.842,Sexual Assault
14943,15815,3,42.858,-78.817,Breaking & Entering
14946,15819,3,42.842,-78.812,Theft
14948,15821,3,42.895,-78.837,Theft
14958,15831,3,42.853,-78.807,Robbery
14959,15832,3,42.897,-78.823,Theft
14961,15834,3,42.897,-78.831,Breaking & Entering
14963,15836,3,42.87,-78.834,Breaking & Entering
14964,15837,3,42.854,-78.825,Assault
14965,15838,3,42.858,-78.816,Theft
14967,15840,3,42.894,-78.821,Assault
14969,15842,3,42.853,-78.828,Assault
14970,15843,3,42.85,-78.817,Theft
14971,15844,3,42.833,-78.824,Theft of Vehicle
14978,15851,3,42.842,-78.824,Breaking & Entering
14980,15853,3,42.893,-78.833,Theft
14981,15854,3,42.843,-78.826,Theft
14985,15858,3,42.885,-78.808,Theft
14999,15872,3,42.865,-78.807,Robbery
15006,15879,3,42.889,-78.805,Theft of Vehicle
15008,15881,3,42.872,-78.807,Breaking & Entering
15010,15883,3,42.87,-78.84,Breaking & Entering
15011,15884,3,42.897,-78.809,Breaking & Entering
15012,15885,3,42.893,-78.842,Theft
15018,15891,3,42.871,-78.816,Breaking & Entering
15022,15895,3,42.886,-78.805,Breaking & Entering
15024,15897,3,42.847,-78.824,Assault
15027,15900,3,42.898,-78.807,Theft
15029,15902,3,42.893,-78.826,Assault
15034,15907,3,42.897,-78.823,Breaking & Entering
15048,15921,3,42.85,-78.804,Assault
15058,15931,3,42.844,-78.827,Theft
15063,15936,3,42.894,-78.807,Theft
15068,15941,3,42.89,-78.806,Theft
15079,15952,3,42.857,-78.809,Breaking & Entering
15081,15954,3,42.88,-78.844,Robbery
15084,15957,3,42.843,-78.827,Theft
15099,15972,3,42.847,-78.831,Theft
15113,15986,3,42.898,-78.819,Assault
15115,15988,3,42.899,-78.822,Theft
15120,15993,3,42.883,-78.83,Theft
15131,16004,3,42.845,-78.811,Theft
15137,16010,3,42.844,-78.809,Theft
15142,16015,3,42.889,-78.843,Assault
15145,16018,3,42.886,-78.839,Theft
15146,16019,3,42.883,-78.83,Theft
15153,16026,3,42.897,-78.821,Theft
15155,16028,3,42.873,-78.806,Theft
15158,16031,3,42.87,-78.85,Breaking & Entering
15168,16041,3,42.876,-78.825,Theft
15179,16052,3,42.848,-78.817,Theft of Vehicle
15191,16064,3,42.873,-78.829,Breaking & Entering
15193,16066,3,42.839,-78.824,Theft
15194,16067,3,42.855,-78.826,Assault
15199,16072,3,42.856,-78.801,Theft
15219,16092,3,42.896,-78.824,Breaking & Entering
15221,16094,3,42.886,-78.808,Theft of Vehicle
15228,16101,3,42.844,-78.824,Sexual Assault
15241,16114,3,42.857,-78.814,Assault
15242,16115,3,42.89,-78.803,Theft
15244,16117,3,42.852,-78.81,Theft
15245,16118,3,42.843,-78.818,Theft
15248,16121,3,42.887,-78.815,Breaking & Entering
15251,16124,3,42.872,-78.811,Theft
15261,16134,3,42.888,-78.815,Breaking & Entering
15277,16150,3,42.855,-78.833,Assault
15281,16154,3,42.84,-78.803,Theft
15291,16164,3,42.855,-78.827,Theft
15293,16166,3,42.89,-78.815,Breaking & Entering
15294,16167,3,42.878,-78.834,Breaking & Entering
15299,16172,3,42.842,-78.817,Theft
15305,16178,3,42.86,-78.819,Theft
15307,16180,3,42.894,-78.835,Assault
15312,16185,3,42.87,-78.832,Breaking & Entering
15323,16196,3,42.855,-78.828,Breaking & Entering
15331,16204,3,42.889,-78.844,Assault
15338,16211,3,42.894,-78.836,Assault
15339,16212,3,42.851,-78.805,Theft
15355,16229,3,42.888,-78.815,Breaking & Entering
15363,16237,3,42.845,-78.812,Assault
15366,16240,3,42.886,-78.809,Theft
15370,16244,3,42.858,-78.813,Breaking & Entering
15382,16257,3,42.889,-78.802,Theft
15384,16259,3,42.897,-78.818,Theft
15391,16266,3,42.833,-78.823,Theft
15406,16281,3,42.868,-78.807,Theft
15408,16283,3,42.849,-78.801,Theft
15410,16285,3,42.858,-78.81,Assault
15411,16286,3,42.858,-78.831,Theft
15413,16288,3,42.898,-78.832,Theft of Vehicle
15418,16293,3,42.858,-78.809,Assault
15420,16295,3,42.858,-78.825,Theft
15424,16299,3,42.848,-78.824,Other Sexual Offense
15425,16300,3,42.896,-78.817,Robbery
15433,16308,3,42.893,-78.834,Assault
15439,16314,3,42.899,-78.816,Breaking & Entering
15449,16324,3,42.872,-78.807,Theft
15456,16331,3,42.872,-78.816,Theft
15457,16332,3,42.876,-78.826,Theft
15458,16333,3,42.885,-78.814,Robbery
15462,16337,3,42.845,-78.832,Theft
15484,16359,3,42.871,-78.834,Theft
15488,16363,3,42.853,-78.83,Theft
15490,16365,3,42.87,-78.804,Theft
15493,16368,3,42.847,-78.832,Breaking & Entering
15494,16369,3,42.898,-78.82,Assault
15496,16371,3,42.837,-78.809,Breaking & Entering
15499,16375,3,42.857,-78.807,Theft
15503,16379,3,42.89,-78.803,Theft
15509,16385,3,42.878,-78.836,Theft of Vehicle
15513,16389,3,42.853,-78.831,Breaking & Entering
15520,16396,3,42.858,-78.808,Other Sexual Offense
15521,16397,3,42.871,-78.807,Breaking & Entering
15522,16398,3,42.869,-78.817,Breaking & Entering
15524,16400,3,42.839,-78.815,Breaking & Entering
15529,16405,3,42.853,-78.82,Assault
15537,16413,3,42.891,-78.836,Breaking & Entering
15538,16415,3,42.892,-78.802,Theft
15543,16420,3,42.894,-78.842,Breaking & Entering
15548,16425,3,42.848,-78.818,Robbery
15549,16426,3,42.896,-78.837,Theft
15551,16428,3,42.898,-78.806,Theft
15557,16434,3,42.878,-78.833,Theft
15559,16436,3,42.833,-78.806,Theft
15562,16439,3,42.851,-78.821,Theft
15563,16440,3,42.842,-78.809,Assault
15564,16441,3,42.898,-78.838,Homicide
15597,16474,3,42.892,-78.827,Breaking & Entering
15599,16476,3,42.885,-78.814,Robbery
15603,16480,3,42.895,-78.824,Assault
15609,16486,3,42.891,-78.831,Theft of Vehicle
15622,16499,3,42.857,-78.812,Theft
15631,16508,3,42.894,-78.83,Breaking & Entering
15635,16512,3,42.892,-78.835,Theft
15636,16513,3,42.897,-78.835,Breaking & Entering
15638,16515,3,42.856,-78.809,Theft
15645,16522,3,42.835,-78.818,Theft
15651,16528,3,42.857,-78.811,Theft
15657,16534,3,42.842,-78.825,Theft
15669,16546,3,42.89,-78.816,Breaking & Entering
15670,16547,3,42.859,-78.816,Theft
15674,16551,3,42.838,-78.82,Theft
15675,16552,3,42.851,-78.813,Assault
15678,16555,3,42.881,-78.8,Theft
15685,16562,3,42.872,-78.807,Assault
15694,16571,3,42.871,-78.804,Theft of Vehicle
15697,16574,3,42.851,-78.817,Theft
15704,16581,3,42.858,-78.813,Theft
15712,16589,3,42.852,-78.806,Robbery
15719,16596,3,42.849,-78.823,Robbery
15723,16600,3,42.854,-78.808,Assault
15728,16605,3,42.879,-78.845,Theft of Vehicle
15734,16611,3,42.895,-78.816,Assault
15742,16619,3,42.859,-78.836,Breaking & Entering
15752,16629,3,42.842,-78.814,Breaking & Entering
15753,16630,3,42.858,-78.831,Theft
15756,16634,3,42.847,-78.824,Theft
15765,16643,3,42.893,-78.82,Theft
15771,16649,3,42.873,-78.801,Sexual Assault
15775,16653,3,42.897,-78.811,Theft
15776,16654,3,42.898,-78.819,Theft
15785,16663,3,42.845,-78.824,Theft
15786,16664,3,42.842,-78.808,Theft
15792,16670,3,42.861,-78.821,Theft
15794,16672,3,42.853,-78.823,Theft
15797,16675,3,42.875,-78.805,Assault
15816,16694,3,42.85,-78.815,Theft of Vehicle
15822,16700,3,42.886,-78.8,Theft
15858,16736,3,42.887,-78.803,Theft
15859,16737,3,42.899,-78.818,Assault
15863,16741,3,42.885,-78.839,Theft of Vehicle
15875,16753,3,42.885,-78.811,Theft
15882,16760,3,42.877,-78.847,Theft
15887,16765,3,42.844,-78.83,Breaking & Entering
15892,16770,3,42.845,-78.809,Theft
15893,16771,3,42.857,-78.824,Theft
15903,16781,3,42.895,-78.832,Theft
15912,16790,3,42.85,-78.804,Robbery
15920,16798,3,42.897,-78.814,Theft
15921,16799,3,42.85,-78.826,Theft
15923,16801,3,42.895,-78.839,Theft
15924,16802,3,42.894,-78.83,Theft
15936,16814,3,42.851,-78.828,Theft of Vehicle
15939,16817,3,42.851,-78.825,Assault
15946,16824,3,42.849,-78.823,Breaking & Entering
15950,16828,3,42.888,-78.84,Theft
15964,16842,3,42.89,-78.802,Theft
15967,16845,3,42.862,-78.813,Assault
15970,16848,3,42.871,-78.852,Theft
15971,16849,3,42.848,-78.824,Theft
15973,16852,3,42.878,-78.801,Theft
15982,16861,3,42.891,-78.833,Theft
15983,16862,3,42.854,-78.816,Theft
15990,16869,3,42.881,-78.833,Theft
15992,16871,3,42.87,-78.856,Theft of Vehicle
15996,16875,3,42.892,-78.803,Theft
16002,16881,3,42.873,-78.826,Assault
16015,16894,3,42.886,-78.844,Breaking & Entering
16018,16897,3,42.895,-78.804,Breaking & Entering
16022,16901,3,42.89,-78.802,Assault
16025,16905,3,42.852,-78.806,Theft of Vehicle
16026,16906,3,42.896,-78.825,Theft of Vehicle
16032,16912,3,42.852,-78.834,Breaking & Entering
16036,16916,3,42.851,-78.825,Theft
16062,16942,3,42.837,-78.821,Other Sexual Offense
16064,16944,3,42.855,-78.808,Assault
16069,16949,3,42.884,-78.822,Breaking & Entering
16082,16962,3,42.891,-78.833,Breaking & Entering
16084,16964,3,42.896,-78.814,Theft
16086,16966,3,42.841,-78.824,Theft
16089,16969,3,42.872,-78.812,Theft of Vehicle
16097,16977,3,42.89,-78.8,Theft
16102,16982,3,42.893,-78.839,Sexual Offense
16106,16986,3,42.848,-78.824,Assault
16110,16990,3,42.869,-78.802,Theft of Vehicle
16114,16994,3,42.851,-78.828,Theft
16117,16997,3,42.876,-78.827,Theft
16120,17000,3,42.859,-78.833,Theft
16132,17012,3,42.896,-78.823,Breaking & Entering
16139,17019,3,42.89,-78.807,Assault
16140,17020,3,42.879,-78.839,Assault
16143,17023,3,42.837,-78.807,Breaking & Entering
16145,17025,3,42.861,-78.81,Theft
16148,17028,3,42.849,-78.816,Theft
16157,17037,3,42.896,-78.818,Theft of Vehicle
16159,17040,3,42.874,-78.817,Assault
16160,17041,3,42.896,-78.825,Theft
16161,17042,3,42.837,-78.811,Breaking & Entering
16164,17045,3,42.894,-78.829,Robbery
16169,17050,3,42.87,-78.806,Theft
16173,17054,3,42.892,-78.823,Breaking & Entering
16174,17055,3,42.881,-78.801,Theft
16182,17063,3,42.858,-78.831,Theft
16185,17066,3,42.896,-78.815,Theft
16190,17071,3,42.896,-78.823,Assault
16193,17075,3,42.848,-78.813,Theft
16195,17077,3,42.874,-78.844,Theft
16207,17090,3,42.842,-78.827,Assault
16213,17096,3,42.857,-78.813,Assault
16219,17102,3,42.897,-78.841,Theft of Vehicle
16221,17104,3,42.895,-78.829,Robbery
16234,17117,3,42.856,-78.809,Theft
16235,17118,3,42.89,-78.808,Theft of Vehicle
16237,17121,3,42.895,-78.816,Breaking & Entering
16238,17123,3,42.849,-78.812,Breaking & Entering
16239,17124,3,42.897,-78.835,Robbery
16244,17129,3,42.838,-78.824,Robbery
16245,17130,3,42.888,-78.844,Robbery
16246,17131,3,42.869,-78.81,Assault
16250,17135,3,42.882,-78.836,Theft
16252,17138,3,42.871,-78.831,Theft
16253,17139,3,42.844,-78.831,Assault
16256,17142,3,42.891,-78.814,Theft
16258,17144,3,42.858,-78.831,Breaking & Entering
16264,17150,3,42.851,-78.819,Breaking & Entering
16266,17152,3,42.892,-78.827,Breaking & Entering
16270,17156,3,42.872,-78.806,Theft of Vehicle
16282,17168,3,42.888,-78.813,Breaking & Entering
16291,17177,3,42.858,-78.83,Theft
16296,17182,3,42.891,-78.803,Breaking & Entering
16300,17186,3,42.859,-78.804,Assault
16302,17188,3,42.889,-78.81,Theft
16303,17189,3,42.832,-78.81,Theft
16313,17199,3,42.893,-78.839,Other Sexual Offense
16323,17209,3,42.892,-78.805,Theft
16330,17216,3,42.872,-78.853,Theft
16332,17218,3,42.897,-78.82,Breaking & Entering
16338,17224,3,42.857,-78.812,Theft
16354,17241,3,42.886,-78.842,Assault
16357,17244,3,42.892,-78.811,Theft
16363,17250,3,42.896,-78.832,Theft
16364,17251,3,42.858,-78.817,Theft of Vehicle
16369,17256,3,42.86,-78.817,Theft
16376,17263,3,42.847,-78.828,Breaking & Entering
16380,17267,3,42.848,-78.823,Breaking & Entering
16385,17272,3,42.833,-78.824,Theft
16399,17287,3,42.844,-78.818,Theft
16402,17290,3,42.89,-78.808,Theft
16409,17299,3,42.858,-78.807,Theft
16413,17303,3,42.863,-78.813,Theft
16414,17304,3,42.877,-78.847,Breaking & Entering
16418,17308,3,42.879,-78.845,Assault
16422,17312,3,42.85,-78.813,Breaking & Entering
16433,17323,3,42.851,-78.818,Theft of Vehicle
16438,17328,3,42.842,-78.828,Theft
16439,17329,3,42.883,-78.845,Theft
16452,17342,3,42.898,-78.821,Robbery
16457,17347,3,42.879,-78.839,Breaking & Entering
16464,17354,3,42.881,-78.832,Assault
16466,17356,3,42.854,-78.828,Robbery
16472,17362,3,42.899,-78.815,Robbery
16474,17364,3,42.847,-78.83,Assault
16478,17368,3,42.835,-78.832,Theft
16488,17378,3,42.86,-78.825,Theft
16491,17381,3,42.844,-78.824,Assault
16492,17382,3,42.894,-78.806,Sexual Assault
16495,17385,3,42.884,-78.829,Theft
16496,17386,3,42.855,-78.827,Theft
16499,17389,3,42.891,-78.834,Breaking & Entering
16502,17392,3,42.888,-78.842,Assault
16505,17395,3,42.879,-78.8,Breaking & Entering
16507,17397,3,42.879,-78.832,Breaking & Entering
16509,17399,3,42.854,-78.832,Robbery
16512,17402,3,42.858,-78.804,Theft
16517,17407,3,42.852,-78.829,Theft of Vehicle
16520,17410,3,42.852,-78.828,Theft
16524,17414,3,42.874,-78.809,Breaking & Entering
16527,17417,3,42.874,-78.828,Breaking & Entering
16528,17418,3,42.893,-78.833,Assault
16533,17423,3,42.887,-78.844,Breaking & Entering
16539,17429,3,42.856,-78.832,Theft
16542,17432,3,42.897,-78.803,Breaking & Entering
16564,17457,3,42.898,-78.803,Robbery
16578,17471,3,42.838,-78.808,Theft
16583,17476,3,42.858,-78.815,Theft of Vehicle
16594,17488,3,42.896,-78.824,Robbery
16598,17492,3,42.885,-78.839,Assault
16605,17501,3,42.865,-78.826,Theft of Vehicle
16613,17509,3,42.855,-78.808,Assault
16614,17510,3,42.894,-78.806,Theft
16616,17512,3,42.897,-78.819,Assault
16623,17519,3,42.888,-78.816,Assault
16627,17523,3,42.875,-78.806,Breaking & Entering
16629,17525,3,42.89,-78.803,Robbery
16636,17532,3,42.845,-78.822,Theft of Vehicle
16646,17542,3,42.897,-78.817,Breaking & Entering
16662,17559,3,42.848,-78.812,Theft
16666,17563,3,42.878,-78.836,Robbery
16668,17566,3,42.853,-78.815,Theft
16678,17576,3,42.891,-78.825,Other Sexual Offense
16696,17594,3,42.887,-78.806,Theft
16700,17599,3,42.854,-78.811,Theft
16703,17602,3,42.892,-78.805,Assault
16709,17608,3,42.88,-78.839,Robbery
16719,17618,3,42.888,-78.837,Theft
16732,17631,3,42.863,-78.805,Breaking & Entering
16740,17639,3,42.851,-78.805,Theft
16743,17642,3,42.88,-78.835,Assault
16745,17644,3,42.848,-78.812,Assault
16764,17663,3,42.84,-78.807,Theft of Vehicle
16765,17664,3,42.839,-78.822,Theft
16772,17671,3,42.869,-78.831,Theft
16777,17676,3,42.878,-78.84,Assault
16782,17681,3,42.896,-78.832,Assault
16795,17694,3,42.867,-78.824,Robbery
16798,17697,3,42.894,-78.836,Assault
16807,17706,3,42.891,-78.83,Theft
16815,17714,3,42.837,-78.829,Assault
16822,17722,3,42.871,-78.834,Theft
16823,17723,3,42.859,-78.818,Breaking & Entering
16831,17731,3,42.842,-78.829,Breaking & Entering
16832,17732,3,42.854,-78.808,Theft
16835,17735,3,42.837,-78.819,Theft
16838,17738,3,42.886,-78.844,Assault
16843,17743,3,42.872,-78.802,Theft
16844,17744,3,42.871,-78.811,Theft
16845,17745,3,42.858,-78.831,Theft
16848,17748,3,42.893,-78.841,Theft
16849,17749,3,42.845,-78.825,Assault
16850,17750,3,42.889,-78.84,Theft
16852,17752,3,42.845,-78.824,Assault
16868,17769,3,42.842,-78.81,Theft
16882,17783,3,42.849,-78.806,Robbery
16889,17790,3,42.885,-78.839,Theft of Vehicle
16898,17799,3,42.852,-78.818,Breaking & Entering
16900,17801,3,42.847,-78.833,Theft
16902,17803,3,42.847,-78.836,Theft of Vehicle
16904,17805,3,42.858,-78.831,Theft
16907,17808,3,42.892,-78.811,Theft
16909,17810,3,42.873,-78.811,Assault
16924,17825,3,42.893,-78.815,Theft of Vehicle
16928,17829,3,42.86,-78.822,Breaking & Entering
16931,17832,3,42.889,-78.816,Theft of Vehicle
16936,17837,3,42.849,-78.802,Breaking & Entering
16948,17849,3,42.883,-78.84,Robbery
16957,17858,3,42.885,-78.808,Assault
16960,17861,3,42.868,-78.81,Theft
16963,17864,3,42.879,-78.849,Breaking & Entering
16988,17889,3,42.894,-78.808,Other Sexual Offense
16990,17891,3,42.846,-78.821,Assault
16993,17894,3,42.855,-78.834,Assault
16997,17898,3,42.837,-78.802,Theft
17002,17903,3,42.886,-78.811,Assault
17013,17914,3,42.882,-78.835,Breaking & Entering
17016,17917,3,42.856,-78.831,Assault
17023,17924,3,42.899,-78.834,Theft
17026,17927,3,42.879,-78.836,Robbery
17028,17929,3,42.898,-78.839,Robbery
17033,17934,3,42.889,-78.806,Theft
17036,17937,3,42.872,-78.81,Theft
17037,17938,3,42.899,-78.84,Theft
17039,17940,3,42.859,-78.828,Theft of Vehicle
17043,17944,3,42.836,-78.82,Theft
17055,17956,3,42.841,-78.825,Theft of Vehicle
17062,17963,3,42.868,-78.848,Theft of Vehicle
17063,17965,3,42.893,-78.833,Theft
17077,17979,3,42.872,-78.813,Robbery
17080,17982,3,42.858,-78.831,Theft
17082,17984,3,42.842,-78.824,Assault
17093,17995,3,42.899,-78.818,Assault
17100,18002,3,42.833,-78.824,Assault
17105,18007,3,42.874,-78.804,Breaking & Entering
17115,18018,3,42.857,-78.809,Theft
17116,18019,3,42.898,-78.807,Theft
17119,18022,3,42.855,-78.833,Assault
17120,18023,3,42.862,-78.819,Assault
17130,18033,3,42.871,-78.812,Theft
17137,18040,3,42.893,-78.831,Assault
17144,18047,3,42.889,-78.808,Theft
17148,18051,3,42.893,-78.819,Breaking & Entering
17160,18063,3,42.89,-78.802,Assault
17162,18065,3,42.869,-78.832,Assault
17190,18095,3,42.856,-78.828,Breaking & Entering
17194,18099,3,42.84,-78.826,Theft
17195,18100,3,42.857,-78.812,Theft
17207,18112,3,42.877,-78.825,Theft
17208,18113,3,42.854,-78.809,Assault
17210,18115,3,42.87,-78.856,Theft
17211,18116,3,42.892,-78.83,Theft
17216,18121,3,42.889,-78.811,Theft
17224,18129,3,42.897,-78.814,Assault
17227,18132,3,42.893,-78.839,Theft
17232,18137,3,42.886,-78.842,Robbery
17240,18145,3,42.848,-78.824,Sexual Assault
17252,18157,3,42.893,-78.834,Breaking & Entering
17270,18175,3,42.874,-78.848,Theft
17277,18182,3,42.887,-78.816,Theft of Vehicle
17289,18195,3,42.85,-78.832,Assault
17292,18198,3,42.835,-78.824,Breaking & Entering
17294,18200,3,42.899,-78.834,Theft
17300,18206,3,42.87,-78.845,Theft
17301,18207,3,42.894,-78.84,Theft
17302,18208,3,42.892,-78.832,Theft
17305,18211,3,42.885,-78.825,Breaking & Entering
17307,18213,3,42.871,-78.84,Theft
17312,18218,3,42.855,-78.827,Theft
17320,18226,3,42.89,-78.806,Robbery
17324,18230,3,42.89,-78.808,Assault
17326,18232,3,42.887,-78.811,Theft of Vehicle
17335,18241,3,42.853,-78.824,Theft
17344,18250,3,42.887,-78.8,Breaking & Entering
17346,18252,3,42.885,-78.804,Breaking & Entering
17352,18258,3,42.877,-78.842,Assault
17354,18260,3,42.859,-78.815,Theft
17359,18265,3,42.885,-78.841,Theft of Vehicle
17365,18271,3,42.874,-78.804,Theft of Vehicle
17370,18276,3,42.835,-78.828,Assault
17384,18290,3,42.862,-78.818,Assault
17391,18297,3,42.895,-78.822,Other Sexual Offense
17400,18306,3,42.886,-78.84,Robbery
17401,18307,3,42.852,-78.827,Assault
17413,18320,3,42.899,-78.81,Theft
17420,18327,3,42.857,-78.829,Theft
17425,18332,3,42.857,-78.827,Assault
17429,18336,3,42.893,-78.834,Theft
17444,18351,3,42.899,-78.814,Theft
17447,18354,3,42.844,-78.831,Assault
17460,18367,3,42.858,-78.812,Theft
17463,18370,3,42.847,-78.831,Theft
17465,18372,3,42.854,-78.821,Theft
17474,18382,3,42.895,-78.839,Breaking & Entering
17482,18390,3,42.869,-78.805,Assault
17491,18399,3,42.851,-78.801,Assault
17502,18410,3,42.884,-78.824,Theft
17508,18416,3,42.881,-78.829,Theft
17512,18421,3,42.888,-78.805,Assault
17515,18424,3,42.853,-78.806,Theft of Vehicle
17517,18426,3,42.886,-78.827,Theft
17521,18430,3,42.854,-78.808,Breaking & Entering
17523,18432,3,42.848,-78.824,Theft
17530,18439,3,42.864,-78.813,Theft of Vehicle
17552,18461,3,42.869,-78.822,Assault
17558,18467,3,42.856,-78.821,Assault
17566,18475,3,42.895,-78.832,Assault
17574,18483,3,42.848,-78.823,Theft
17575,18484,3,42.88,-78.841,Theft
17582,18491,3,42.892,-78.84,Assault
17584,18493,3,42.889,-78.811,Breaking & Entering
17586,18495,3,42.879,-78.843,Assault
17590,18499,3,42.853,-78.824,Theft
17612,18521,3,42.898,-78.823,Breaking & Entering
17613,18522,3,42.851,-78.816,Breaking & Entering
17629,18538,3,42.878,-78.835,Robbery
17634,18543,3,42.859,-78.842,Theft
17650,18559,3,42.884,-78.848,Sexual Assault
17661,18570,3,42.869,-78.83,Breaking & Entering
17663,18572,3,42.836,-78.804,Assault
17667,18576,3,42.889,-78.801,Theft
17670,18579,3,42.889,-78.808,Theft
17671,18580,3,42.89,-78.805,Breaking & Entering
17675,18584,3,42.852,-78.826,Breaking & Entering
17676,18585,3,42.85,-78.816,Theft
17678,18587,3,42.838,-78.801,Theft
17681,18590,3,42.884,-78.834,Other Sexual Offense
17687,18596,3,42.848,-78.812,Assault
17701,18610,3,42.834,-78.843,Theft
17705,18614,3,42.868,-78.803,Breaking & Entering
17710,18619,3,42.845,-78.832,Breaking & Entering
17717,18626,3,42.872,-78.809,Assault
17726,18635,3,42.851,-78.802,Theft
17729,18638,3,42.854,-78.81,Theft
17731,18640,3,42.896,-78.806,Breaking & Entering
17752,18661,3,42.881,-78.841,Assault
17759,18669,3,42.892,-78.812,Theft
17766,18676,3,42.895,-78.839,Breaking & Entering
17769,18679,3,42.836,-78.815,Breaking & Entering
17775,18685,3,42.87,-78.826,Breaking & Entering
17776,18686,3,42.888,-78.815,Theft of Vehicle
17779,18690,3,42.899,-78.818,Breaking & Entering
17786,18697,3,42.878,-78.834,Theft
17788,18699,3,42.894,-78.803,Theft
17795,18706,3,42.871,-78.834,Theft of Vehicle
17799,18710,3,42.873,-78.813,Theft of Vehicle
17801,18712,3,42.871,-78.852,Breaking & Entering
17806,18717,3,42.878,-78.816,Theft of Vehicle
17807,18718,3,42.853,-78.823,Assault
17809,18720,3,42.897,-78.816,Theft of Vehicle
17818,18729,3,42.857,-78.812,Theft
17820,18731,3,42.893,-78.839,Theft of Vehicle
17825,18737,3,42.894,-78.821,Assault
17839,18751,3,42.847,-78.833,Theft
17848,18760,3,42.883,-78.836,Theft
17849,18761,3,42.886,-78.801,Theft of Vehicle
17854,18766,3,42.86,-78.825,Homicide
17855,18767,3,42.852,-78.82,Theft
17857,18769,3,42.899,-78.832,Theft of Vehicle
17860,18772,3,42.898,-78.807,Breaking & Entering
17863,18775,3,42.838,-78.808,Theft
17871,18783,3,42.849,-78.818,Theft
17876,18788,3,42.889,-78.814,Breaking & Entering
17890,18802,3,42.85,-78.828,Theft
17895,18807,3,42.89,-78.807,Assault
17903,18815,3,42.891,-78.825,Breaking & Entering
17916,18828,3,42.891,-78.803,Breaking & Entering
17919,18831,3,42.893,-78.839,Robbery
17922,18834,3,42.872,-78.853,Theft of Vehicle
17923,18835,3,42.871,-78.837,Assault
17927,18839,3,42.885,-78.81,Theft
17934,18846,3,42.856,-78.813,Theft
17938,18850,3,42.881,-78.835,Theft of Vehicle
17942,18854,3,42.896,-78.805,Assault
17951,18863,3,42.848,-78.821,Theft
17958,18870,3,42.874,-78.827,Breaking & Entering
17960,18872,3,42.88,-78.85,Breaking & Entering
17963,18875,3,42.858,-78.833,Breaking & Entering
17969,18882,3,42.862,-78.818,Breaking & Entering
17976,18889,3,42.89,-78.836,Theft
17988,18901,3,42.857,-78.812,Assault
17993,18906,3,42.891,-78.809,Theft
17994,18907,3,42.892,-78.835,Assault
17998,18911,3,42.881,-78.84,Breaking & Entering
17999,18912,3,42.847,-78.802,Theft of Vehicle
18003,18916,3,42.885,-78.84,Theft of Vehicle
18006,18919,3,42.867,-78.846,Assault
18011,18924,3,42.855,-78.815,Breaking & Entering
18012,18925,3,42.894,-78.834,Robbery
18016,18929,3,42.853,-78.808,Theft
18025,18938,3,42.897,-78.832,Assault
18047,18960,3,42.853,-78.805,Theft of Vehicle
18061,18974,3,42.882,-78.83,Breaking & Entering
18062,18975,3,42.846,-78.817,Theft
18076,18990,3,42.89,-78.838,Theft
18078,18992,3,42.858,-78.831,Theft
18099,19013,3,42.868,-78.85,Assault
18103,19017,3,42.866,-78.821,Theft
18104,19018,3,42.888,-78.838,Assault
18105,19019,3,42.836,-78.824,Theft
18106,19020,3,42.855,-78.827,Assault
18107,19021,3,42.897,-78.814,Theft of Vehicle
18109,19023,3,42.892,-78.833,Assault
18111,19026,3,42.869,-78.806,Breaking & Entering
18112,19027,3,42.893,-78.823,Theft of Vehicle
18114,19029,3,42.875,-78.844,Assault
18129,19044,3,42.893,-78.842,Robbery
18130,19045,3,42.889,-78.838,Breaking & Entering
18132,19048,3,42.894,-78.82,Breaking & Entering
18137,19053,3,42.893,-78.821,Assault
18142,19058,3,42.854,-78.802,Sexual Assault
18148,19064,3,42.893,-78.836,Breaking & Entering
18150,19066,3,42.857,-78.831,Theft
18153,19071,3,42.846,-78.823,Theft
18159,19078,3,42.839,-78.811,Theft
18160,19079,3,42.851,-78.864,Theft
18166,19085,3,42.896,-78.836,Breaking & Entering
18168,19087,3,42.878,-78.834,Robbery
18172,19091,3,42.856,-78.829,Theft
18173,19092,3,42.871,-78.815,Theft
18179,19098,3,42.836,-78.82,Theft
18184,19103,3,42.852,-78.826,Assault
18185,19104,3,42.891,-78.806,Breaking & Entering
18188,19107,3,42.843,-78.816,Theft
18196,19117,3,42.858,-78.831,Assault
18197,19118,3,42.844,-78.826,Assault
18200,19121,3,42.866,-78.823,Theft of Vehicle
18203,19125,3,42.885,-78.84,Theft
18207,19129,3,42.882,-78.831,Breaking & Entering
18220,19143,3,42.897,-78.836,Assault
18224,19147,3,42.864,-78.844,Theft
18225,19148,3,42.884,-78.839,Breaking & Entering
18229,19152,3,42.899,-78.815,Theft
18246,19169,3,42.885,-78.848,Breaking & Entering
18249,19172,3,42.84,-78.809,Other Sexual Offense
18254,19177,3,42.892,-78.837,Theft
18260,19183,3,42.889,-78.808,Theft
18263,19186,3,42.879,-78.835,Theft
18267,19190,3,42.847,-78.811,Theft
18270,19193,3,42.855,-78.833,Assault
18279,19203,3,42.852,-78.803,Breaking & Entering
18283,19207,3,42.882,-78.84,Assault
18287,19211,3,42.886,-78.839,Breaking & Entering
18295,19219,3,42.899,-78.821,Theft
18296,19220,3,42.856,-78.809,Robbery
18301,19225,3,42.897,-78.838,Theft
18302,19226,3,42.839,-78.858,Assault
18303,19227,3,42.89,-78.8,Breaking & Entering
18309,19233,3,42.849,-78.803,Breaking & Entering
18315,19239,3,42.87,-78.833,Breaking & Entering
18316,19240,3,42.899,-78.818,Theft
18318,19242,3,42.855,-78.819,Assault
18322,19248,3,42.868,-78.85,Assault
18335,19261,3,42.848,-78.824,Assault
18336,19262,3,42.89,-78.842,Theft
18338,19264,3,42.834,-78.816,Theft of Vehicle
18340,19266,3,42.881,-78.835,Breaking & Entering
18358,19284,3,42.897,-78.834,Theft of Vehicle
18370,19297,3,42.87,-78.808,Robbery
18372,19299,3,42.86,-78.825,Theft
18384,19312,3,42.857,-78.812,Theft
18386,19314,3,42.889,-78.837,Theft
18391,19320,3,42.871,-78.811,Breaking & Entering
18392,19321,3,42.853,-78.81,Breaking & Entering
18398,19327,3,42.87,-78.805,Assault
18414,19343,3,42.892,-78.84,Breaking & Entering
18415,19344,3,42.856,-78.811,Assault
18419,19348,3,42.891,-78.843,Assault
18420,19349,3,42.88,-78.85,Breaking & Entering
18423,19352,3,42.848,-78.824,Assault
18424,19353,3,42.884,-78.839,Theft
18431,19360,3,42.892,-78.826,Theft
18443,19372,3,42.875,-78.804,Assault
18449,19378,3,42.891,-78.834,Breaking & Entering
18453,19382,3,42.893,-78.843,Assault
18460,19389,3,42.852,-78.803,Theft of Vehicle
18465,19394,3,42.894,-78.835,Theft
18475,19405,3,42.843,-78.824,Theft
18476,19406,3,42.863,-78.821,Theft of Vehicle
18479,19409,3,42.87,-78.805,Theft
18486,19416,3,42.848,-78.836,Breaking & Entering
18491,19421,3,42.853,-78.824,Other Sexual Offense
18506,19436,3,42.88,-78.836,Breaking & Entering
18509,19439,3,42.864,-78.823,Breaking & Entering
18515,19446,3,42.878,-78.803,Assault
18516,19447,3,42.894,-78.806,Assault
18522,19453,3,42.886,-78.839,Assault
18529,19460,3,42.852,-78.805,Robbery
18535,19466,3,42.883,-78.835,Theft of Vehicle
18551,19482,3,42.896,-78.817,Breaking & Entering
18553,19484,3,42.856,-78.807,Theft
18555,19486,3,42.895,-78.828,Robbery
18568,19499,3,42.894,-78.843,Theft of Vehicle
18571,19502,3,42.875,-78.85,Theft
18581,19512,3,42.876,-78.827,Theft
18597,19528,3,42.853,-78.832,Breaking & Entering
18607,19538,3,42.85,-78.812,Theft
18611,19542,3,42.85,-78.803,Theft
18612,19543,3,42.857,-78.823,Assault
18615,19546,3,42.871,-78.803,Theft
18617,19548,3,42.898,-78.819,Assault
18622,19553,3,42.89,-78.802,Assault
18626,19557,3,42.884,-78.839,Robbery
18631,19562,3,42.898,-78.807,Theft
18633,19564,3,42.899,-78.81,Theft
18642,19573,3,42.844,-78.826,Theft
18643,19574,3,42.894,-78.835,Theft
18659,19590,3,42.847,-78.814,Assault
18660,19591,3,42.89,-78.809,Breaking & Entering
18665,19596,3,42.855,-78.833,Theft
18691,19623,3,42.853,-78.807,Theft
18696,19628,3,42.893,-78.839,Theft of Vehicle
18700,19632,3,42.889,-78.836,Breaking & Entering
18719,19651,3,42.868,-78.809,Other Sexual Offense
18729,19661,3,42.857,-78.813,Breaking & Entering
18735,19667,3,42.898,-78.819,Assault
18737,19669,3,42.872,-78.809,Theft
18738,19670,3,42.872,-78.809,Robbery
18743,19675,3,42.84,-78.808,Breaking & Entering
18748,19680,3,42.898,-78.807,Theft
18750,19682,3,42.895,-78.817,Assault
18752,19684,3,42.841,-78.825,Theft of Vehicle
18753,19685,3,42.852,-78.825,Breaking & Entering
18754,19686,3,42.894,-78.804,Assault
18758,19690,3,42.871,-78.809,Breaking & Entering
18764,19696,3,42.89,-78.838,Theft
18771,19703,3,42.875,-78.817,Breaking & Entering
18772,19704,3,42.869,-78.831,Breaking & Entering
18774,19706,3,42.833,-78.821,Assault
18779,19711,3,42.87,-78.832,Assault
18791,19723,3,42.879,-78.844,Assault
18804,19736,3,42.887,-78.813,Breaking & Entering
18806,19738,3,42.847,-78.821,Breaking & Entering
18818,19751,3,42.892,-78.844,Theft
18820,19753,3,42.856,-78.832,Assault
18822,19755,3,42.89,-78.839,Breaking & Entering
18827,19760,3,42.893,-78.837,Theft
18831,19764,3,42.858,-78.833,Theft
18832,19765,3,42.87,-78.833,Breaking & Entering
18839,19772,3,42.857,-78.807,Assault
18849,19782,3,42.86,-78.81,Breaking & Entering
18854,19787,3,42.858,-78.808,Assault
18855,19788,3,42.844,-78.824,Robbery
18886,19819,3,42.848,-78.824,Assault
18888,19821,3,42.879,-78.835,Theft
18900,19833,3,42.896,-78.824,Theft of Vehicle
18905,19838,3,42.856,-78.836,Theft
18906,19839,3,42.873,-78.805,Other Sexual Offense
18908,19841,3,42.857,-78.831,Theft of Vehicle
18910,19843,3,42.895,-78.83,Theft
18919,19852,3,42.896,-78.817,Robbery
18921,19854,3,42.852,-78.817,Theft
18934,19869,3,42.877,-78.804,Assault
18936,19871,3,42.853,-78.802,Theft
18937,19872,3,42.886,-78.806,Sexual Assault
18955,19890,3,42.855,-78.806,Theft
18960,19896,3,42.888,-78.837,Breaking & Entering
18975,19912,3,42.878,-78.836,Theft
18977,19914,3,42.896,-78.836,Theft
18984,19921,3,42.896,-78.815,Robbery
18987,19924,3,42.858,-78.831,Theft
18989,19926,3,42.889,-78.837,Breaking & Entering
18992,19929,3,42.865,-78.825,Theft
18994,19931,3,42.844,-78.832,Assault
19012,19949,3,42.846,-78.815,Assault
19014,19951,3,42.897,-78.819,Assault
19029,19966,3,42.885,-78.802,Breaking & Entering
19054,19992,3,42.889,-78.805,Robbery
19055,19993,3,42.867,-78.808,Theft
19056,19994,3,42.886,-78.807,Theft
19059,19997,3,42.895,-78.818,Assault
19062,20000,3,42.896,-78.824,Robbery
19072,20010,3,42.858,-78.825,Theft
19081,20019,3,42.896,-78.824,Theft
19084,20022,3,42.88,-78.835,Robbery
19100,20038,3,42.892,-78.83,Breaking & Entering
19102,20040,3,42.841,-78.816,Theft
19105,20043,3,42.896,-78.805,Breaking & Entering
19108,20046,3,42.895,-78.833,Theft
19114,20052,3,42.855,-78.825,Theft
19117,20055,3,42.894,-78.824,Breaking & Entering
19124,20062,3,42.887,-78.816,Theft
19127,20065,3,42.844,-78.824,Assault
19138,20076,3,42.895,-78.826,Assault
19139,20077,3,42.89,-78.806,Assault
19142,20080,3,42.885,-78.814,Theft
19143,20081,3,42.87,-78.816,Theft
19146,20084,3,42.896,-78.817,Robbery
19148,20086,3,42.848,-78.812,Breaking & Entering
19149,20087,3,42.856,-78.809,Breaking & Entering
19151,20089,3,42.878,-78.837,Breaking & Entering
19175,20113,3,42.855,-78.833,Breaking & Entering
19181,20119,3,42.883,-78.835,Assault
19183,20121,3,42.872,-78.815,Robbery
19187,20125,3,42.878,-78.834,Theft
19190,20128,3,42.887,-78.836,Homicide
19191,20129,3,42.881,-78.848,Theft
19198,20136,3,42.897,-78.814,Assault
19199,20137,3,42.848,-78.824,Theft
19203,20141,3,42.896,-78.817,Theft
19209,20147,3,42.869,-78.817,Theft
19211,20149,3,42.837,-78.823,Assault
19227,20165,3,42.898,-78.822,Theft
19233,20171,3,42.868,-78.846,Breaking & Entering
19236,20174,3,42.858,-78.813,Robbery
19246,20184,3,42.841,-78.812,Assault
19251,20189,3,42.87,-78.847,Breaking & Entering
19261,20199,3,42.89,-78.836,Theft
19266,20204,3,42.889,-78.808,Theft
19267,20205,3,42.892,-78.831,Breaking & Entering
19278,20216,3,42.853,-78.832,Breaking & Entering
19281,20219,3,42.897,-78.819,Assault
19296,20234,3,42.848,-78.808,Theft
19297,20235,3,42.866,-78.822,Breaking & Entering
19323,20262,3,42.896,-78.836,Theft
19327,20266,3,42.888,-78.838,Theft
19329,20268,3,42.866,-78.85,Breaking & Entering
19332,20271,3,42.887,-78.808,Assault
19338,20277,3,42.866,-78.847,Theft
19342,20281,3,42.867,-78.837,Breaking & Entering
19355,20294,3,42.854,-78.808,Theft
19364,20303,3,42.899,-78.818,Theft
19366,20306,3,42.893,-78.837,Theft
19370,20310,3,42.854,-78.802,Theft
19379,20319,3,42.888,-78.808,Theft
19381,20321,3,42.868,-78.807,Assault
19382,20322,3,42.891,-78.812,Assault
19385,20325,3,42.896,-78.825,Assault
19390,20330,3,42.897,-78.83,Theft of Vehicle
19391,20331,3,42.87,-78.804,Assault
19394,20334,3,42.858,-78.807,Assault
19396,20336,3,42.837,-78.827,Theft
19406,20346,3,42.894,-78.833,Other Sexual Offense
19409,20349,3,42.855,-78.826,Assault
19415,20355,3,42.851,-78.832,Assault
19419,20360,3,42.876,-78.844,Homicide
19422,20363,3,42.85,-78.823,Assault
19425,20366,3,42.895,-78.84,Theft
19438,20379,3,42.891,-78.8,Theft
19439,20380,3,42.889,-78.805,Breaking & Entering
19441,20382,3,42.841,-78.824,Theft
19445,20386,3,42.89,-78.845,Assault
19447,20388,3,42.858,-78.817,Assault
19449,20390,3,42.898,-78.819,Breaking & Entering
19458,20399,3,42.855,-78.827,Breaking & Entering
19463,20404,3,42.832,-78.806,Theft
19466,20407,3,42.856,-78.825,Theft
19467,20408,3,42.87,-78.833,Theft
19468,20409,3,42.858,-78.831,Theft
19480,20421,3,42.893,-78.821,Theft
19489,20430,3,42.866,-78.847,Assault
19490,20431,3,42.872,-78.813,Assault
19495,20436,3,42.872,-78.803,Theft of Vehicle
19497,20438,3,42.863,-78.819,Sexual Assault
19499,20440,3,42.896,-78.82,Assault
19505,20446,3,42.894,-78.806,Theft
19508,20449,3,42.835,-78.818,Theft
19509,20450,3,42.882,-78.841,Breaking & Entering
19513,20454,3,42.84,-78.827,Theft
19516,20457,3,42.841,-78.824,Theft
19517,20458,3,42.898,-78.807,Theft
19522,20463,3,42.868,-78.846,Theft
19526,20467,3,42.895,-78.821,Sexual Assault
19529,20470,3,42.881,-78.847,Theft
19539,20480,3,42.869,-78.831,Assault
19560,20501,3,42.852,-78.825,Theft
19561,20502,3,42.849,-78.829,Assault
19563,20504,3,42.837,-78.816,Theft
19565,20506,3,42.858,-78.831,Theft
19571,20512,3,42.863,-78.821,Theft
19573,20514,3,42.853,-78.823,Assault
19580,20522,3,42.897,-78.826,Sexual Assault
19588,20530,3,42.854,-78.806,Assault
19596,20538,3,42.894,-78.835,Theft
19609,20551,3,42.887,-78.805,Theft
19612,20554,3,42.894,-78.82,Theft
19619,20561,3,42.89,-78.843,Theft of Vehicle
19621,20563,3,42.854,-78.808,Theft
19626,20568,3,42.853,-78.826,Assault
19631,20573,3,42.868,-78.808,Theft
19635,20577,3,42.876,-78.802,Breaking & Entering
19639,20581,3,42.892,-78.83,Theft
19640,20582,3,42.89,-78.806,Breaking & Entering
19642,20584,3,42.848,-78.824,Theft
19646,20589,3,42.855,-78.816,Theft
19649,20592,3,42.889,-78.805,Theft
19650,20593,3,42.889,-78.8,Theft of Vehicle
19657,20600,3,42.885,-78.81,Breaking & Entering
19659,20602,3,42.898,-78.816,Breaking & Entering
19664,20607,3,42.848,-78.824,Theft
19668,20611,3,42.859,-78.826,Theft
19677,20620,3,42.89,-78.802,Theft
19691,20634,3,42.843,-78.821,Theft
19693,20636,3,42.85,-78.803,Breaking & Entering
19697,20640,3,42.894,-78.806,Breaking & Entering
19706,20650,3,42.896,-78.82,Theft
19710,20654,3,42.85,-78.816,Theft
19711,20655,3,42.855,-78.816,Theft
19740,20684,3,42.887,-78.841,Theft
19745,20689,3,42.856,-78.812,Breaking & Entering
19750,20694,3,42.897,-78.822,Breaking & Entering
19751,20695,3,42.857,-78.812,Theft
19752,20696,3,42.852,-78.805,Robbery
19757,20701,3,42.85,-78.815,Theft
19767,20711,3,42.857,-78.823,Breaking & Entering
19777,20723,3,42.858,-78.831,Theft
19778,20724,3,42.878,-78.801,Robbery
19796,20742,3,42.86,-78.807,Theft
19807,20753,3,42.893,-78.806,Theft
19812,20758,3,42.895,-78.826,Breaking & Entering
19815,20761,3,42.873,-78.826,Assault
19823,20769,3,42.834,-78.824,Theft
19825,20771,3,42.852,-78.819,Theft
19829,20775,3,42.891,-78.831,Assault
19831,20777,3,42.897,-78.834,Theft
19832,20778,3,42.858,-78.813,Assault
19833,20779,3,42.848,-78.824,Assault
19842,20789,3,42.872,-78.803,Theft
19845,20792,3,42.857,-78.826,Theft
19849,20796,3,42.886,-78.805,Theft
19857,20804,3,42.853,-78.809,Theft
19870,20817,3,42.884,-78.834,Breaking & Entering
19871,20818,3,42.872,-78.802,Theft
19879,20826,3,42.861,-78.81,Breaking & Entering
19886,20833,3,42.845,-78.809,Assault
19890,20837,3,42.863,-78.805,Theft
19892,20839,3,42.841,-78.832,Assault
19893,20840,3,42.858,-78.831,Theft
19897,20844,3,42.862,-78.813,Assault
19899,20846,3,42.853,-78.828,Theft
19924,20873,3,42.898,-78.836,Theft
19927,20876,3,42.857,-78.812,Assault
19935,20884,3,42.854,-78.808,Assault
19936,20885,3,42.862,-78.815,Assault
19938,20887,3,42.86,-78.806,Theft
19939,20888,3,42.888,-78.809,Breaking & Entering
19940,20889,3,42.875,-78.806,Theft
19944,20893,3,42.884,-78.833,Theft
19945,20894,3,42.852,-78.804,Breaking & Entering
19949,20898,3,42.871,-78.842,Theft
19959,20908,3,42.855,-78.805,Theft
19960,20909,3,42.852,-78.825,Theft
19962,20911,3,42.898,-78.841,Breaking & Entering
19977,20926,3,42.85,-78.803,Assault
19979,20929,3,42.894,-78.835,Theft of Vehicle
19989,20940,3,42.85,-78.828,Theft of Vehicle
19995,20947,3,42.889,-78.834,Theft
20002,20954,3,42.886,-78.817,Theft
20005,20957,3,42.84,-78.827,Breaking & Entering
20010,20962,3,42.899,-78.84,Theft
20037,20989,3,42.892,-78.801,Robbery
20047,20999,3,42.838,-78.808,Theft
20058,21010,3,42.891,-78.833,Breaking & Entering
20066,21018,3,42.869,-78.81,Assault
20068,21020,3,42.848,-78.824,Theft
20071,21023,3,42.841,-78.817,Breaking & Entering
20093,21045,3,42.888,-78.814,Theft of Vehicle
20098,21050,3,42.873,-78.803,Theft
20101,21053,3,42.873,-78.821,Theft
20104,21056,3,42.898,-78.824,Breaking & Entering
20113,21065,3,42.848,-78.812,Assault
20114,21066,3,42.855,-78.81,Theft
20120,21072,3,42.856,-78.808,Theft
20125,21077,3,42.838,-78.808,Theft
20135,21087,3,42.878,-78.831,Breaking & Entering
20138,21090,3,42.869,-78.85,Theft
20140,21092,3,42.898,-78.815,Theft
20143,21096,3,42.88,-78.846,Theft
20146,21099,3,42.844,-78.828,Theft
20151,21104,3,42.849,-78.803,Theft
20166,21120,3,42.841,-78.821,Theft
20171,21125,3,42.87,-78.805,Assault
20175,21129,3,42.842,-78.809,Breaking & Entering
20187,21141,3,42.873,-78.825,Assault
20189,21143,3,42.887,-78.836,Breaking & Entering
20201,21155,3,42.898,-78.815,Assault
20207,21161,3,42.891,-78.83,Theft
20216,21170,3,42.845,-78.824,Theft
20220,21174,3,42.892,-78.833,Assault
20229,21183,3,42.874,-78.804,Breaking & Entering
20231,21185,3,42.891,-78.811,Assault
20247,21201,3,42.87,-78.807,Breaking & Entering
20250,21204,3,42.885,-78.835,Assault
20263,21217,3,42.853,-78.819,Breaking & Entering
20282,21236,3,42.875,-78.853,Assault
20289,21243,3,42.897,-78.825,Breaking & Entering
20296,21250,3,42.897,-78.834,Robbery
20297,21251,3,42.852,-78.801,Breaking & Entering
20310,21265,3,42.89,-78.845,Theft of Vehicle
20311,21266,3,42.877,-78.852,Breaking & Entering
20314,21269,3,42.884,-78.839,Theft
20325,21280,3,42.889,-78.808,Theft
20334,21289,3,42.85,-78.815,Assault
20337,21292,3,42.886,-78.843,Theft
20339,21294,3,42.887,-78.808,Theft of Vehicle
20353,21308,3,42.848,-78.817,Theft
20365,21320,3,42.897,-78.815,Breaking & Entering
20366,21321,3,42.843,-78.824,Theft
20369,21324,3,42.86,-78.825,Theft
20405,21361,3,42.856,-78.811,Breaking & Entering
20409,21365,3,42.858,-78.814,Theft of Vehicle
20413,21369,3,42.896,-78.823,Assault
20414,21370,3,42.891,-78.812,Theft
20417,21373,3,42.843,-78.82,Assault
20423,21379,3,42.879,-78.833,Assault
20427,21383,3,42.887,-78.809,Breaking & Entering
20437,21393,3,42.862,-78.818,Breaking & Entering
20438,21394,3,42.859,-78.809,Breaking & Entering
20440,21396,3,42.89,-78.802,Theft of Vehicle
20441,21397,3,42.881,-78.836,Assault
20442,21398,3,42.871,-78.839,Breaking & Entering
20450,21406,3,42.842,-78.821,Assault
20453,21409,3,42.894,-78.803,Theft
20454,21410,3,42.853,-78.812,Theft
20463,21419,3,42.857,-78.829,Theft
20477,21433,3,42.853,-78.828,Theft
20480,21436,3,42.857,-78.829,Robbery
20493,21449,3,42.872,-78.81,Breaking & Entering
20495,21451,3,42.854,-78.828,Theft
20499,21455,3,42.892,-78.836,Assault
20505,21461,3,42.872,-78.804,Theft
20509,21466,3,42.856,-78.818,Breaking & Entering
20517,21474,3,42.855,-78.812,Robbery
20525,21482,3,42.892,-78.824,Breaking & Entering
20542,21499,3,42.864,-78.816,Theft
20544,21501,3,42.873,-78.805,Breaking & Entering
20549,21506,3,42.85,-78.823,Breaking & Entering
20551,21508,3,42.894,-78.824,Sexual Assault
20553,21510,3,42.851,-78.813,Assault
20564,21521,3,42.886,-78.811,Theft
20569,21526,3,42.842,-78.821,Assault
20573,21530,3,42.888,-78.815,Breaking & Entering
20574,21531,3,42.893,-78.841,Theft
20576,21533,3,42.853,-78.807,Assault
20578,21535,3,42.898,-78.803,Sexual Assault
20582,21539,3,42.855,-78.818,Theft
20595,21553,3,42.858,-78.803,Theft of Vehicle
20596,21554,3,42.884,-78.839,Theft
20597,21555,3,42.888,-78.837,Assault
20599,21557,3,42.86,-78.816,Breaking & Entering
20602,21560,3,42.885,-78.815,Breaking & Entering
20614,21572,3,42.833,-78.82,Assault
20616,21574,3,42.885,-78.814,Assault
20626,21584,3,42.856,-78.809,Robbery
20627,21585,3,42.883,-78.849,Breaking & Entering
20628,21586,3,42.888,-78.838,Breaking & Entering
20638,21596,3,42.894,-78.819,Breaking & Entering
20646,21604,3,42.877,-78.84,Theft of Vehicle
20648,21606,3,42.834,-78.814,Theft
20653,21611,3,42.856,-78.805,Theft
20655,21613,3,42.899,-78.822,Theft of Vehicle
20659,21617,3,42.886,-78.841,Assault
20662,21620,3,42.839,-78.824,Theft
20674,21632,3,42.889,-78.811,Assault
20678,21636,3,42.87,-78.832,Theft
20696,21654,3,42.835,-78.824,Assault
20703,21661,3,42.854,-78.827,Theft
20709,21667,3,42.84,-78.819,Assault
20729,21688,3,42.881,-78.841,Theft
20730,21689,3,42.868,-78.837,Breaking & Entering
20732,21691,3,42.871,-78.837,Assault
20738,21697,3,42.871,-78.804,Theft
20739,21698,3,42.896,-78.821,Breaking & Entering
20745,21704,3,42.871,-78.815,Breaking & Entering
20747,21706,3,42.893,-78.814,Theft
20750,21709,3,42.858,-78.81,Breaking & Entering
20753,21712,3,42.858,-78.823,Breaking & Entering
20758,21717,3,42.848,-78.824,Theft
20764,21723,3,42.835,-78.824,Assault
20770,21729,3,42.858,-78.806,Assault
20772,21731,3,42.888,-78.806,Theft
20775,21734,3,42.858,-78.813,Breaking & Entering
20776,21735,3,42.889,-78.813,Theft
20783,21743,3,42.856,-78.811,Breaking & Entering
20785,21746,3,42.889,-78.808,Theft
20791,21752,3,42.859,-78.815,Assault
20798,21759,3,42.839,-78.809,Theft
20801,21762,3,42.871,-78.835,Assault
20808,21769,3,42.892,-78.839,Breaking & Entering
20809,21770,3,42.893,-78.825,Theft
20811,21772,3,42.867,-78.807,Breaking & Entering
20830,21792,3,42.844,-78.829,Assault
20836,21798,3,42.846,-78.821,Breaking & Entering
20841,21803,3,42.887,-78.805,Theft
20847,21809,3,42.894,-78.831,Theft
20852,21814,3,42.887,-78.836,Assault
20856,21818,3,42.842,-78.813,Theft
20860,21822,3,42.886,-78.814,Theft
20865,21827,3,42.872,-78.821,Theft
20868,21830,3,42.833,-78.82,Breaking & Entering
20872,21834,3,42.895,-78.821,Theft of Vehicle
20882,21844,3,42.855,-78.807,Breaking & Entering
20901,21863,3,42.896,-78.836,Theft
20903,21865,3,42.892,-78.838,Theft
20911,21874,3,42.898,-78.807,Theft
20919,21882,3,42.879,-78.843,Breaking & Entering
20930,21894,3,42.885,-78.81,Breaking & Entering
20931,21895,3,42.866,-78.824,Breaking & Entering
20934,21898,3,42.872,-78.806,Assault
20940,21904,3,42.894,-78.807,Breaking & Entering
20942,21906,3,42.897,-78.819,Breaking & Entering
20945,21910,3,42.88,-78.842,Assault
20950,21915,3,42.837,-78.818,Breaking & Entering
20958,21923,3,42.876,-78.843,Robbery
20962,21927,3,42.885,-78.804,Theft
20966,21931,3,42.837,-78.802,Breaking & Entering
20967,21932,3,42.847,-78.815,Theft of Vehicle
20970,21935,3,42.898,-78.807,Theft
20975,21940,3,42.896,-78.838,Theft of Vehicle
20977,21942,3,42.899,-78.82,Breaking & Entering
20978,21944,3,42.865,-78.825,Robbery
20979,21945,3,42.886,-78.839,Theft
20980,21946,3,42.847,-78.811,Theft
20986,21952,3,42.851,-78.823,Theft
21006,21972,3,42.894,-78.807,Theft
21008,21974,3,42.888,-78.814,Theft
21021,21987,3,42.893,-78.809,Breaking & Entering
21023,21989,3,42.844,-78.826,Theft of Vehicle
21030,21996,3,42.894,-78.831,Theft of Vehicle
21033,21999,3,42.857,-78.813,Breaking & Entering
21036,22002,3,42.853,-78.807,Theft
21037,22003,3,42.878,-78.85,Breaking & Entering
21041,22007,3,42.899,-78.818,Theft
21051,22017,3,42.855,-78.806,Breaking & Entering
21052,22018,3,42.891,-78.801,Theft of Vehicle
21053,22019,3,42.859,-78.806,Theft
21062,22028,3,42.89,-78.806,Theft
21075,22041,3,42.848,-78.815,Theft
21078,22044,3,42.896,-78.817,Robbery
21087,22053,3,42.848,-78.824,Assault
21097,22063,3,42.85,-78.81,Assault
21106,22072,3,42.897,-78.819,Theft of Vehicle
21112,22078,3,42.885,-78.817,Theft
21121,22087,3,42.892,-78.803,Breaking & Entering
21127,22093,3,42.854,-78.828,Theft
21128,22094,3,42.867,-78.808,Assault
21134,22101,3,42.848,-78.824,Sexual Assault
21137,22105,3,42.853,-78.817,Theft
21140,22108,3,42.879,-78.836,Theft
21148,22116,3,42.894,-78.82,Breaking & Entering
21150,22118,3,42.885,-78.814,Theft
21169,22137,3,42.873,-78.844,Assault
21180,22149,3,42.854,-78.833,Theft
21187,22156,3,42.866,-78.805,Breaking & Entering
21189,22158,3,42.897,-78.823,Breaking & Entering
21206,22176,3,42.891,-78.833,Assault
21216,22186,3,42.852,-78.83,Theft
21217,22187,3,42.889,-78.839,Breaking & Entering
21241,22212,3,42.862,-78.819,Theft
21242,22213,3,42.861,-78.812,Breaking & Entering
21249,22220,3,42.89,-78.835,Breaking & Entering
21252,22223,3,42.832,-78.806,Theft
21262,22233,3,42.879,-78.838,Breaking & Entering
21268,22239,3,42.87,-78.805,Theft
21271,22242,3,42.89,-78.804,Theft of Vehicle
21296,22267,3,42.899,-78.818,Theft
21304,22275,3,42.837,-78.816,Theft
21308,22279,3,42.862,-78.813,Breaking & Entering
21310,22281,3,42.852,-78.832,Theft of Vehicle
21317,22288,3,42.896,-78.836,Assault
21324,22295,3,42.879,-78.832,Theft of Vehicle
21325,22296,3,42.887,-78.81,Breaking & Entering
21341,22312,3,42.87,-78.807,Breaking & Entering
21356,22327,3,42.898,-78.807,Theft
21357,22328,3,42.853,-78.828,Robbery
21366,22338,3,42.886,-78.805,Assault
21369,22342,3,42.857,-78.824,Theft
21371,22344,3,42.854,-78.831,Theft
21388,22361,3,42.885,-78.844,Theft
21393,22366,3,42.886,-78.805,Assault
21397,22370,3,42.855,-78.816,Theft
21398,22371,3,42.845,-78.824,Theft
21400,22373,3,42.892,-78.823,Breaking & Entering
21401,22374,3,42.856,-78.826,Breaking & Entering
21408,22381,3,42.887,-78.843,Sexual Assault
21424,22398,3,42.836,-78.808,Theft
21432,22406,3,42.877,-78.841,Theft
21440,22414,3,42.868,-78.809,Assault
21446,22420,3,42.872,-78.812,Theft
21451,22425,3,42.895,-78.822,Assault
21453,22427,3,42.89,-78.802,Breaking & Entering
21456,22430,3,42.847,-78.832,Assault
21474,22449,3,42.879,-78.832,Assault
21476,22451,3,42.894,-78.826,Assault
21478,22453,3,42.856,-78.81,Assault
21481,22456,3,42.896,-78.838,Assault
21482,22457,3,42.898,-78.807,Theft
21483,22458,3,42.876,-78.843,Breaking & Entering
21486,22461,3,42.877,-78.825,Breaking & Entering
21490,22465,3,42.844,-78.832,Theft
21495,22470,3,42.853,-78.83,Assault
21509,22485,3,42.864,-78.821,Theft
21515,22491,3,42.842,-78.824,Assault
21519,22495,3,42.851,-78.802,Theft
21525,22502,3,42.857,-78.812,Theft
21529,22506,3,42.886,-78.802,Assault
21543,22520,3,42.884,-78.829,Theft
21549,22526,3,42.899,-78.823,Robbery
21556,22533,3,42.862,-78.815,Theft of Vehicle
21557,22534,3,42.853,-78.81,Breaking & Entering
21560,22537,3,42.866,-78.848,Theft
21567,22544,3,42.885,-78.804,Assault
21579,22556,3,42.85,-78.801,Theft of Vehicle
21580,22557,3,42.835,-78.818,Theft
21581,22558,3,42.85,-78.804,Robbery
21582,22559,3,42.856,-78.831,Assault
21608,22587,3,42.897,-78.804,Theft
21623,22603,3,42.862,-78.814,Breaking & Entering
21630,22610,3,42.885,-78.803,Assault
21634,22615,3,42.851,-78.827,Breaking & Entering
21641,22622,3,42.868,-78.802,Breaking & Entering
21642,22623,3,42.888,-78.837,Breaking & Entering
21644,22625,3,42.889,-78.8,Assault
21646,22627,3,42.834,-78.824,Assault
21648,22629,3,42.888,-78.837,Breaking & Entering
21655,22636,3,42.893,-78.836,Assault
21659,22640,3,42.868,-78.846,Theft
21668,22649,3,42.858,-78.823,Theft
21678,22659,3,42.887,-78.812,Theft of Vehicle
21679,22660,3,42.881,-78.836,Theft
21681,22662,3,42.881,-78.841,Robbery
21683,22664,3,42.884,-78.802,Theft
21684,22665,3,42.843,-78.814,Theft
21688,22669,3,42.848,-78.813,Theft
21693,22674,3,42.874,-78.804,Theft of Vehicle
21698,22679,3,42.859,-78.817,Theft
21708,22689,3,42.842,-78.816,Assault
21716,22697,3,42.891,-78.831,Theft
21720,22701,3,42.899,-78.814,Theft
21724,22705,3,42.886,-78.8,Assault
21725,22706,3,42.865,-78.827,Theft
21728,22709,3,42.887,-78.845,Assault
21729,22710,3,42.876,-78.807,Assault
21730,22711,3,42.847,-78.817,Theft
21732,22713,3,42.897,-78.817,Assault
21745,22726,3,42.858,-78.825,Assault
21754,22735,3,42.85,-78.825,Theft
21756,22738,3,42.881,-78.802,Theft
21759,22741,3,42.852,-78.806,Breaking & Entering
21761,22744,3,42.849,-78.863,Theft
21764,22748,3,42.886,-78.842,Breaking & Entering
21766,22750,3,42.889,-78.807,Breaking & Entering
21772,22756,3,42.892,-78.835,Theft
21773,22757,3,42.85,-78.825,Theft
21778,22762,3,42.895,-78.837,Theft
21783,22767,3,42.891,-78.836,Robbery
21788,22772,3,42.893,-78.837,Theft
21796,22780,3,42.858,-78.813,Theft
21801,22785,3,42.898,-78.807,Breaking & Entering
21805,22789,3,42.889,-78.836,Theft of Vehicle
21810,22794,3,42.871,-78.815,Theft
21818,22802,3,42.895,-78.822,Assault
21828,22812,3,42.897,-78.801,Theft
21834,22818,3,42.893,-78.838,Theft
21835,22820,3,42.856,-78.837,Assault
21842,22827,3,42.894,-78.823,Breaking & Entering
21857,22842,3,42.873,-78.806,Assault
21861,22846,3,42.865,-78.825,Theft
21870,22855,3,42.871,-78.809,Assault
21872,22857,3,42.873,-78.841,Theft of Vehicle
21882,22867,3,42.892,-78.814,Theft
21885,22870,3,42.898,-78.8,Theft of Vehicle
21890,22875,3,42.848,-78.824,Theft
21892,22877,3,42.888,-78.815,Theft
21894,22879,3,42.898,-78.807,Theft
21902,22887,3,42.898,-78.807,Theft
21919,22904,3,42.89,-78.808,Theft
21923,22908,3,42.87,-78.807,Theft
21925,22910,3,42.861,-78.802,Breaking & Entering
21931,22916,3,42.848,-78.812,Other Sexual Offense
21943,22928,3,42.851,-78.829,Assault
21948,22934,3,42.855,-78.833,Theft
21953,22939,3,42.896,-78.836,Assault
21965,22952,3,42.89,-78.839,Theft
21970,22957,3,42.874,-78.802,Breaking & Entering
21974,22961,3,42.899,-78.815,Assault
21977,22964,3,42.892,-78.835,Theft
21986,22973,3,42.835,-78.824,Assault
21991,22978,3,42.851,-78.806,Breaking & Entering
21995,22982,3,42.877,-78.85,Theft
21999,22986,3,42.86,-78.808,Breaking & Entering
22004,22991,3,42.893,-78.841,Theft
22018,23005,3,42.892,-78.823,Theft
22019,23006,3,42.865,-78.826,Theft
22028,23015,3,42.87,-78.811,Assault
22045,23033,3,42.856,-78.812,Theft
22048,23036,3,42.899,-78.818,Breaking & Entering
22049,23037,3,42.848,-78.824,Assault
22054,23043,3,42.879,-78.842,Assault
22055,23044,3,42.856,-78.808,Assault
22058,23047,3,42.858,-78.831,Theft
22062,23051,3,42.872,-78.815,Theft
22066,23055,3,42.854,-78.824,Theft of Vehicle
22067,23056,3,42.848,-78.824,Theft of Vehicle
22068,23057,3,42.893,-78.837,Theft
22070,23059,3,42.878,-78.801,Theft
22081,23070,3,42.866,-78.822,Assault
22085,23074,3,42.89,-78.806,Assault
22091,23080,3,42.889,-78.837,Theft of Vehicle
22098,23087,3,42.894,-78.84,Theft
22106,23095,3,42.877,-78.833,Breaking & Entering
22123,23112,3,42.856,-78.826,Theft
22124,23113,3,42.898,-78.801,Breaking & Entering
22126,23115,3,42.884,-78.839,Robbery
22127,23116,3,42.834,-78.816,Theft
22137,23126,3,42.849,-78.803,Theft
22139,23128,3,42.857,-78.824,Theft
22140,23129,3,42.853,-78.827,Theft
22144,23133,3,42.893,-78.838,Assault
22145,23134,3,42.896,-78.822,Robbery
22150,23139,3,42.893,-78.841,Theft
22153,23142,3,42.854,-78.825,Assault
22156,23145,3,42.857,-78.812,Theft
22160,23149,3,42.893,-78.837,Theft
22163,23152,3,42.871,-78.811,Theft
22169,23158,3,42.849,-78.817,Assault
22202,23191,3,42.837,-78.814,Theft
22210,23199,3,42.873,-78.809,Assault
22213,23202,3,42.868,-78.811,Assault
22219,23209,3,42.858,-78.813,Theft
22224,23214,3,42.842,-78.813,Theft
22231,23221,3,42.899,-78.838,Theft of Vehicle
22236,23226,3,42.88,-78.834,Theft
22241,23231,3,42.869,-78.846,Assault
22252,23243,3,42.852,-78.823,Assault
22262,23253,3,42.873,-78.808,Theft
22267,23258,3,42.886,-78.827,Robbery
22270,23261,3,42.871,-78.801,Theft
22271,23262,3,42.888,-78.84,Theft
22272,23263,3,42.884,-78.824,Breaking & Entering
22277,23268,3,42.892,-78.815,Theft of Vehicle
22285,23276,3,42.854,-78.812,Breaking & Entering
22293,23284,3,42.848,-78.822,Theft
22297,23288,3,42.858,-78.831,Theft
22307,23298,3,42.898,-78.807,Theft
22323,23314,3,42.868,-78.81,Breaking & Entering
22330,23322,3,42.837,-78.808,Theft
22336,23328,3,42.857,-78.808,Assault
22346,23338,3,42.889,-78.838,Theft
22362,23354,3,42.837,-78.824,Assault
22363,23355,3,42.89,-78.809,Breaking & Entering
22372,23365,3,42.898,-78.818,Assault
22381,23375,3,42.884,-78.835,Theft
22385,23380,3,42.858,-78.811,Assault
22398,23393,3,42.897,-78.814,Theft
22416,23411,3,42.894,-78.809,Breaking & Entering
22417,23412,3,42.878,-78.816,Theft
22420,23415,3,42.891,-78.814,Breaking & Entering
22425,23420,3,42.857,-78.811,Assault
22432,23428,3,42.896,-78.836,Assault
22438,23434,3,42.896,-78.827,Assault
22446,23442,3,42.858,-78.831,Theft
22451,23447,3,42.89,-78.807,Theft
22454,23450,3,42.882,-78.844,Theft
22459,23455,3,42.895,-78.829,Assault
22460,23456,3,42.891,-78.832,Assault
22465,23461,3,42.852,-78.825,Theft
22470,23466,3,42.879,-78.841,Robbery
22474,23470,3,42.857,-78.812,Theft
22478,23474,3,42.879,-78.841,Theft
22490,23486,3,42.889,-78.805,Theft
22492,23488,3,42.844,-78.828,Theft
22495,23491,3,42.896,-78.82,Robbery
22499,23495,3,42.895,-78.838,Breaking & Entering
22506,23502,3,42.871,-78.844,Assault
22507,23503,3,42.877,-78.829,Breaking & Entering
22517,23513,3,42.858,-78.831,Theft
22523,23519,3,42.858,-78.83,Theft
22534,23530,3,42.891,-78.84,Theft
22540,23536,3,42.895,-78.822,Breaking & Entering
22544,23540,3,42.868,-78.809,Assault
22545,23541,3,42.87,-78.806,Theft
22548,23544,3,42.893,-78.832,Theft
22562,23558,3,42.885,-78.817,Theft
22564,23560,3,42.849,-78.814,Theft
22567,23563,3,42.896,-78.818,Assault
22568,23564,3,42.897,-78.823,Breaking & Entering
22571,23567,3,42.845,-78.809,Theft
22573,23569,3,42.842,-78.825,Theft
22594,23590,3,42.874,-78.81,Theft
22595,23591,3,42.858,-78.833,Theft
22598,23594,3,42.848,-78.813,Assault
22600,23596,3,42.896,-78.819,Theft of Vehicle
22604,23600,3,42.856,-78.833,Breaking & Entering
22608,23605,3,42.875,-78.8,Breaking & Entering
22621,23618,3,42.876,-78.828,Assault
22623,23620,3,42.859,-78.833,Theft
22644,23641,3,42.897,-78.814,Robbery
22654,23651,3,42.851,-78.802,Breaking & Entering
22665,23662,3,42.894,-78.82,Breaking & Entering
22666,23663,3,42.869,-78.804,Sexual Offense
22669,23666,3,42.872,-78.806,Theft
22674,23671,3,42.889,-78.812,Theft
22684,23681,3,42.89,-78.815,Theft
22687,23684,3,42.892,-78.834,Assault
22689,23687,3,42.869,-78.83,Theft
22690,23688,3,42.891,-78.837,Robbery
22694,23692,3,42.874,-78.817,Theft
22695,23693,3,42.897,-78.836,Assault
22698,23696,3,42.871,-78.837,Breaking & Entering
22720,23718,3,42.88,-78.834,Theft
22724,23722,3,42.844,-78.832,Assault
22731,23729,3,42.886,-78.82,Theft
22732,23730,3,42.835,-78.807,Breaking & Entering
22746,23745,3,42.845,-78.812,Assault
22754,23753,3,42.859,-78.817,Theft
22755,23754,3,42.897,-78.809,Theft
22761,23760,3,42.84,-78.808,Theft
22775,23775,3,42.858,-78.83,Theft
22779,23779,3,42.849,-78.803,Theft of Vehicle
22780,23780,3,42.871,-78.838,Theft
22782,23782,3,42.869,-78.802,Theft
22787,23787,3,42.887,-78.847,Breaking & Entering
22788,23788,3,42.879,-78.802,Theft
22797,23797,3,42.878,-78.802,Theft
22799,23799,3,42.886,-78.805,Theft of Vehicle
22808,23808,3,42.848,-78.824,Assault
22811,23811,3,42.854,-78.808,Assault
22819,23819,3,42.877,-78.81,Theft
22820,23820,3,42.896,-78.817,Breaking & Entering
22824,23824,3,42.87,-78.833,Theft
22827,23827,3,42.888,-78.815,Theft
22830,23830,3,42.871,-78.852,Assault
22836,23836,3,42.881,-78.8,Theft of Vehicle
22839,23839,3,42.887,-78.802,Theft of Vehicle
22842,23842,3,42.872,-78.819,Breaking & Entering
22846,23846,3,42.895,-78.83,Theft
22852,23852,3,42.89,-78.808,Theft
22858,23858,3,42.883,-78.832,Theft
22863,23863,3,42.896,-78.819,Robbery
22869,23869,3,42.875,-78.827,Theft
22871,23871,3,42.887,-78.839,Theft
22873,23873,3,42.838,-78.824,Theft
22874,23874,3,42.854,-78.809,Assault
22892,23892,3,42.851,-78.814,Theft
22893,23893,3,42.892,-78.805,Assault
22897,23897,3,42.897,-78.819,Assault
22903,23903,3,42.889,-78.806,Assault
22912,23912,3,42.891,-78.835,Assault
22913,23913,3,42.869,-78.85,Breaking & Entering
22918,23918,3,42.845,-78.823,Assault
22919,23919,3,42.894,-78.803,Robbery
22923,23923,3,42.851,-78.822,Assault
22930,23930,3,42.895,-78.834,Assault
22933,23933,3,42.843,-78.806,Theft
22934,23934,3,42.872,-78.808,Theft of Vehicle
22937,23937,3,42.899,-78.818,Assault
22939,23939,3,42.868,-78.828,Robbery
22946,23946,3,42.891,-78.836,Breaking & Entering
22950,23950,3,42.852,-78.829,Breaking & Entering
22955,23955,3,42.899,-78.83,Assault
22958,23958,3,42.895,-78.827,Assault
22970,23970,3,42.888,-78.801,Assault
22975,23975,3,42.836,-78.824,Theft
22978,23978,3,42.851,-78.825,Theft
22980,23980,3,42.893,-78.839,Theft
22981,23981,3,42.858,-78.831,Theft
22983,23983,3,42.838,-78.808,Breaking & Entering
22985,23985,3,42.87,-78.81,Theft
22990,23990,3,42.844,-78.815,Robbery
22993,23993,3,42.881,-78.843,Assault
22996,23996,3,42.893,-78.839,Theft
23010,24011,3,42.892,-78.823,Theft
23014,24015,3,42.899,-78.819,Assault
23017,24018,3,42.869,-78.8,Theft
23044,24045,3,42.85,-78.831,Theft of Vehicle
23047,24048,3,42.853,-78.821,Breaking & Entering
23060,24061,3,42.872,-78.82,Robbery
23061,24062,3,42.895,-78.821,Theft
23066,24067,3,42.843,-78.824,Theft
23069,24070,3,42.898,-78.831,Assault
23072,24073,3,42.873,-78.812,Theft
23077,24078,3,42.892,-78.83,Theft
23082,24083,3,42.856,-78.81,Breaking & Entering
23095,24096,3,42.897,-78.824,Assault
23096,24097,3,42.853,-78.822,Theft
23101,24102,3,42.89,-78.802,Theft
23106,24107,3,42.878,-78.847,Sexual Assault
23108,24109,3,42.858,-78.811,Theft of Vehicle
23111,24113,3,42.869,-78.824,Breaking & Entering
23116,24118,3,42.899,-78.817,Breaking & Entering
23119,24121,3,42.88,-78.8,Assault
23123,24125,3,42.888,-78.838,Breaking & Entering
23126,24128,3,42.893,-78.802,Assault
23132,24135,3,42.851,-78.811,Assault
23134,24137,3,42.892,-78.809,Breaking & Entering
23136,24139,3,42.897,-78.825,Theft
23138,24141,3,42.898,-78.8,Theft
23140,24143,3,42.859,-78.814,Theft
23151,24154,3,42.882,-78.807,Theft
23153,24156,3,42.858,-78.83,Theft
23155,24158,3,42.895,-78.823,Assault
23160,24163,3,42.871,-78.802,Theft
23164,24167,3,42.837,-78.823,Sexual Assault
23175,24178,3,42.898,-78.807,Theft
23184,24187,3,42.872,-78.813,Theft
23185,24188,3,42.87,-78.834,Breaking & Entering
23194,24197,3,42.847,-78.832,Breaking & Entering
23203,24206,3,42.892,-78.825,Assault
23213,24216,3,42.896,-78.835,Assault
23228,24231,3,42.857,-78.812,Theft
23230,24233,3,42.854,-78.808,Theft
23231,24234,3,42.886,-78.805,Assault
23237,24241,3,42.896,-78.82,Breaking & Entering
23255,24259,3,42.839,-78.808,Theft
23280,24285,3,42.884,-78.835,Breaking & Entering
23283,24288,3,42.836,-78.807,Robbery
23287,24292,3,42.856,-78.804,Assault
23289,24294,3,42.852,-78.823,Assault
23293,24298,3,42.891,-78.8,Theft
23299,24304,3,42.872,-78.807,Assault
23302,24307,3,42.897,-78.814,Theft
23314,24319,3,42.893,-78.833,Theft
23319,24324,3,42.892,-78.802,Breaking & Entering
23323,24328,3,42.856,-78.828,Breaking & Entering
23345,24350,3,42.89,-78.81,Assault
23348,24353,3,42.852,-78.804,Theft of Vehicle
23353,24358,3,42.893,-78.831,Breaking & Entering
23356,24361,3,42.87,-78.816,Theft
23357,24362,3,42.878,-78.834,Breaking & Entering
23361,24366,3,42.894,-78.838,Breaking & Entering
23367,24372,3,42.873,-78.818,Assault
23369,24374,3,42.896,-78.823,Theft
23376,24381,3,42.895,-78.83,Theft
23392,24397,3,42.858,-78.818,Breaking & Entering
23393,24398,3,42.888,-78.813,Breaking & Entering
23395,24400,3,42.893,-78.821,Breaking & Entering
23397,24402,3,42.881,-78.801,Theft
23398,24403,3,42.896,-78.815,Assault
23399,24404,3,42.888,-78.805,Assault
23400,24405,3,42.892,-78.812,Breaking & Entering
23405,24410,3,42.867,-78.807,Theft
23412,24417,3,42.898,-78.802,Theft
23415,24420,3,42.869,-78.85,Assault
23419,24424,3,42.854,-78.808,Assault
23431,24437,3,42.855,-78.81,Breaking & Entering
23433,24439,3,42.888,-78.809,Assault
23434,24440,3,42.893,-78.804,Theft
23435,24441,3,42.896,-78.824,Theft
23438,24444,3,42.874,-78.805,Theft
23445,24451,3,42.868,-78.809,Breaking & Entering
23454,24460,3,42.858,-78.831,Theft
23463,24469,3,42.899,-78.835,Assault
23468,24474,3,42.89,-78.814,Sexual Assault
23469,24475,3,42.894,-78.835,Theft
23470,24476,3,42.894,-78.82,Breaking & Entering
23477,24483,3,42.898,-78.807,Theft
23505,24511,3,42.867,-78.824,Theft of Vehicle
23506,24512,3,42.86,-78.806,Breaking & Entering
23507,24513,3,42.845,-78.828,Theft of Vehicle
23515,24521,3,42.893,-78.838,Theft of Vehicle
23516,24522,3,42.861,-78.82,Theft
23525,24531,3,42.843,-78.821,Theft
23526,24532,3,42.858,-78.827,Assault
23532,24538,3,42.88,-78.85,Breaking & Entering
23545,24551,3,42.838,-78.822,Breaking & Entering
23557,24564,3,42.89,-78.838,Assault
23558,24565,3,42.843,-78.826,Breaking & Entering
23567,24574,3,42.872,-78.831,Assault
23576,24583,3,42.889,-78.843,Robbery
23584,24591,3,42.895,-78.842,Theft
23587,24594,3,42.891,-78.837,Breaking & Entering
23590,24597,3,42.836,-78.807,Theft
23596,24603,3,42.87,-78.808,Theft
23603,24610,3,42.843,-78.821,Theft
23605,24612,3,42.89,-78.811,Theft of Vehicle
23606,24613,3,42.894,-78.819,Theft of Vehicle
23610,24617,3,42.898,-78.807,Theft
23615,24622,3,42.845,-78.823,Breaking & Entering
23621,24628,3,42.898,-78.807,Theft
23629,24636,3,42.897,-78.819,Breaking & Entering
23634,24641,3,42.898,-78.835,Sexual Assault
23639,24646,3,42.897,-78.814,Breaking & Entering
23650,24657,3,42.89,-78.802,Theft
23653,24660,3,42.833,-78.824,Theft
23655,24662,3,42.842,-78.849,Theft
23657,24664,3,42.833,-78.824,Robbery
23660,24667,3,42.854,-78.83,Theft
23663,24670,3,42.835,-78.82,Theft
23668,24675,3,42.886,-78.808,Breaking & Entering
23670,24677,3,42.853,-78.823,Theft
23678,24685,3,42.893,-78.836,Breaking & Entering
23686,24693,3,42.849,-78.822,Assault
23689,24696,3,42.897,-78.814,Theft
23700,24707,3,42.897,-78.814,Theft of Vehicle
23702,24709,3,42.895,-78.83,Theft
23706,24713,3,42.878,-78.847,Assault
23707,24714,3,42.873,-78.81,Theft
23715,24723,3,42.89,-78.812,Theft
23719,24727,3,42.887,-78.836,Theft
23720,24728,3,42.868,-78.849,Breaking & Entering
23723,24731,3,42.847,-78.82,Robbery
23729,24737,3,42.853,-78.82,Theft of Vehicle
23731,24739,3,42.858,-78.818,Breaking & Entering
23734,24742,3,42.885,-78.838,Theft
23736,24744,3,42.858,-78.831,Theft
23745,24753,3,42.885,-78.839,Theft of Vehicle
23749,24757,3,42.882,-78.842,Breaking & Entering
23751,24759,3,42.898,-78.8,Assault
23764,24772,3,42.885,-78.804,Theft
23765,24773,3,42.855,-78.808,Assault
23766,24774,3,42.87,-78.835,Assault
23769,24777,3,42.883,-78.846,Breaking & Entering
23779,24787,3,42.897,-78.82,Assault
23786,24794,3,42.884,-78.826,Theft
23788,24796,3,42.889,-78.808,Theft
23791,24799,3,42.89,-78.807,Breaking & Entering
23793,24801,3,42.857,-78.83,Assault
23814,24822,3,42.875,-78.833,Theft
23820,24828,3,42.89,-78.834,Assault
23834,24842,3,42.856,-78.821,Theft
23851,24859,3,42.857,-78.812,Theft
23855,24863,3,42.889,-78.808,Theft
23864,24872,3,42.841,-78.809,Theft
23868,24876,3,42.897,-78.817,Robbery
23869,24877,3,42.878,-78.801,Robbery
23876,24884,3,42.837,-78.817,Robbery
23878,24886,3,42.888,-78.809,Assault
23881,24889,3,42.857,-78.812,Theft
23891,24899,3,42.886,-78.808,Breaking & Entering
23892,24900,3,42.898,-78.817,Theft
23901,24909,3,42.892,-78.844,Theft of Vehicle
23904,24912,3,42.896,-78.836,Assault
23909,24917,3,42.874,-78.806,Theft
23913,24921,3,42.844,-78.83,Theft
23920,24928,3,42.843,-78.819,Theft
23938,24947,3,42.84,-78.808,Other Sexual Offense
23940,24949,3,42.859,-78.816,Theft
23943,24952,3,42.873,-78.832,Theft
23946,24955,3,42.872,-78.811,Theft
23948,24957,3,42.855,-78.813,Robbery
23949,24958,3,42.894,-78.822,Theft of Vehicle
23951,24961,3,42.872,-78.813,Assault
23970,24980,3,42.89,-78.815,Assault
23972,24982,3,42.848,-78.812,Assault
23974,24984,3,42.852,-78.826,Theft of Vehicle
23977,24987,3,42.835,-78.826,Theft
23986,24996,3,42.892,-78.831,Breaking & Entering
23989,24999,3,42.873,-78.806,Theft
23994,25004,3,42.871,-78.811,Breaking & Entering
23996,25006,3,42.894,-78.83,Assault
24016,25026,3,42.855,-78.835,Theft of Vehicle
24027,25037,3,42.893,-78.831,Breaking & Entering
24033,25043,3,42.891,-78.837,Theft
24034,25044,3,42.841,-78.817,Assault
24042,25052,3,42.856,-78.826,Theft
24049,25059,3,42.885,-78.839,Assault
24052,25062,3,42.877,-78.846,Theft
24059,25069,3,42.834,-78.819,Breaking & Entering
24062,25072,3,42.892,-78.834,Assault
24063,25073,3,42.893,-78.821,Assault
24065,25075,3,42.853,-78.864,Theft
24068,25078,3,42.875,-78.843,Theft
24070,25080,3,42.873,-78.811,Theft
24077,25087,3,42.896,-78.817,Assault
24082,25092,3,42.857,-78.812,Theft
24086,25096,3,42.87,-78.832,Assault
24087,25097,3,42.877,-78.827,Assault
24103,25113,3,42.869,-78.85,Assault
24109,25119,3,42.89,-78.812,Theft
24110,25120,3,42.856,-78.832,Breaking & Entering
24117,25127,3,42.853,-78.801,Assault
24119,25129,3,42.897,-78.815,Theft
24120,25130,3,42.895,-78.822,Breaking & Entering
24124,25135,3,42.863,-78.813,Assault
24135,25146,3,42.867,-78.83,Theft
24136,25147,3,42.842,-78.829,Assault
24137,25148,3,42.896,-78.826,Breaking & Entering
24143,25154,3,42.888,-78.802,Theft
24163,25174,3,42.839,-78.858,Theft
24189,25200,3,42.837,-78.817,Theft
24197,25208,3,42.869,-78.811,Theft
24201,25212,3,42.885,-78.839,Theft of Vehicle
24210,25221,3,42.853,-78.808,Theft
24211,25222,3,42.862,-78.802,Assault
24212,25223,3,42.895,-78.837,Theft
24214,25225,3,42.852,-78.801,Theft
24216,25227,3,42.899,-78.822,Theft
24219,25230,3,42.887,-78.839,Theft
24229,25241,3,42.886,-78.804,Assault
24236,25248,3,42.857,-78.824,Theft
24245,25257,3,42.896,-78.832,Theft of Vehicle
24246,25258,3,42.894,-78.835,Breaking & Entering
24247,25259,3,42.888,-78.838,Assault
24249,25261,3,42.894,-78.807,Breaking & Entering
24251,25263,3,42.889,-78.838,Theft
24254,25266,3,42.896,-78.836,Breaking & Entering
24256,25268,3,42.886,-78.838,Assault
24259,25271,3,42.858,-78.831,Theft
24261,25273,3,42.872,-78.803,Assault
24266,25278,3,42.851,-78.821,Theft
24277,25290,3,42.897,-78.815,Breaking & Entering
24281,25296,3,42.89,-78.801,Assault
24288,25303,3,42.898,-78.815,Theft
24289,25304,3,42.898,-78.839,Theft
24293,25308,3,42.869,-78.849,Assault
24315,25331,3,42.892,-78.824,Assault
24316,25332,3,42.893,-78.84,Theft
24326,25342,3,42.838,-78.814,Theft
24334,25351,3,42.882,-78.832,Theft
24335,25352,3,42.876,-78.804,Theft
24343,25360,3,42.888,-78.839,Assault
24345,25362,3,42.848,-78.824,Theft
24348,25365,3,42.885,-78.802,Theft of Vehicle
24349,25366,3,42.89,-78.839,Theft of Vehicle
24363,25380,3,42.897,-78.819,Breaking & Entering
24364,25381,3,42.839,-78.815,Theft
24367,25384,3,42.859,-78.822,Theft
24370,25388,3,42.834,-78.807,Assault
24373,25391,3,42.873,-78.818,Assault
24375,25393,3,42.895,-78.832,Assault
24384,25402,3,42.898,-78.82,Theft
24386,25404,3,42.856,-78.808,Theft of Vehicle
24390,25408,3,42.843,-78.81,Theft
24394,25412,3,42.895,-78.839,Robbery
24398,25416,3,42.869,-78.849,Assault
24403,25421,3,42.89,-78.803,Assault
24412,25431,3,42.853,-78.823,Theft
24422,25441,3,42.876,-78.828,Breaking & Entering
24424,25443,3,42.885,-78.814,Theft of Vehicle
24433,25452,3,42.85,-78.824,Breaking & Entering
24435,25454,3,42.894,-78.835,Assault
24453,25472,3,42.855,-78.81,Theft
24454,25473,3,42.879,-78.842,Breaking & Entering
24457,25476,3,42.879,-78.835,Theft
24459,25478,3,42.884,-78.829,Theft
24466,25485,3,42.885,-78.818,Theft of Vehicle
24467,25486,3,42.853,-78.834,Theft of Vehicle
24472,25491,3,42.893,-78.837,Theft
24477,25496,3,42.873,-78.809,Robbery
24479,25498,3,42.898,-78.807,Theft
24480,25499,3,42.87,-78.836,Assault
24483,25502,3,42.852,-78.823,Assault
24493,25512,3,42.893,-78.838,Robbery
24496,25515,3,42.868,-78.846,Other Sexual Offense
24497,25516,3,42.853,-78.828,Theft
24500,25519,3,42.859,-78.822,Theft of Vehicle
24502,25521,3,42.856,-78.836,Theft
24513,25532,3,42.898,-78.807,Theft
24515,25534,3,42.886,-78.811,Theft
24517,25536,3,42.862,-78.81,Theft of Vehicle
24524,25543,3,42.868,-78.85,Assault
24540,25559,3,42.854,-78.803,Other Sexual Offense
24550,25569,3,42.862,-78.815,Assault
24559,25578,3,42.893,-78.827,Assault
24562,25581,3,42.883,-78.808,Theft
24567,25586,3,42.858,-78.83,Theft
24571,25590,3,42.856,-78.808,Theft
24572,25591,3,42.86,-78.812,Breaking & Entering
24576,25595,3,42.848,-78.824,Theft of Vehicle
24577,25596,3,42.871,-78.831,Breaking & Entering
24585,25604,3,42.895,-78.824,Theft
24589,25608,3,42.882,-78.841,Theft
24591,25610,3,42.878,-78.803,Theft
24605,25624,3,42.887,-78.814,Assault
24608,25627,3,42.857,-78.824,Robbery
24615,25634,3,42.836,-78.82,Theft
24621,25640,3,42.894,-78.832,Robbery
24623,25642,3,42.898,-78.83,Theft
24625,25644,3,42.859,-78.805,Assault
24626,25645,3,42.894,-78.809,Theft
24637,25656,3,42.834,-78.815,Breaking & Entering
24653,25672,3,42.874,-78.817,Theft
24654,25673,3,42.841,-78.824,Assault
24656,25675,3,42.897,-78.822,Breaking & Entering
24662,25681,3,42.859,-78.819,Assault
24666,25685,3,42.893,-78.821,Theft
24670,25689,3,42.89,-78.811,Breaking & Entering
24677,25696,3,42.886,-78.805,Assault
24679,25698,3,42.892,-78.833,Assault
24681,25700,3,42.885,-78.839,Robbery
24688,25707,3,42.884,-78.833,Theft
24700,25719,3,42.875,-78.85,Robbery
24701,25720,3,42.895,-78.832,Assault
24704,25723,3,42.877,-78.827,Theft
24708,25727,3,42.856,-78.81,Assault
24718,25737,3,42.853,-78.83,Assault
24719,25738,3,42.85,-78.815,Theft
24721,25740,3,42.897,-78.823,Assault
24743,25762,3,42.868,-78.809,Theft
24746,25765,3,42.884,-78.834,Theft
24750,25769,3,42.892,-78.834,Theft
24752,25771,3,42.847,-78.825,Theft
24754,25773,3,42.879,-78.85,Theft
24763,25782,3,42.889,-78.844,Assault
24767,25786,3,42.838,-78.822,Theft
24782,25801,3,42.888,-78.845,Assault
24792,25812,3,42.849,-78.803,Theft
24793,25813,3,42.864,-78.823,Theft
24809,25829,3,42.868,-78.808,Theft
24814,25834,3,42.882,-78.848,Theft
24835,25856,3,42.858,-78.831,Theft
24839,25860,3,42.894,-78.835,Assault
24854,25875,3,42.858,-78.831,Theft
24867,25888,3,42.851,-78.822,Theft
24875,25896,3,42.889,-78.806,Assault
24879,25900,3,42.896,-78.831,Assault
24886,25907,3,42.858,-78.809,Assault
24893,25914,3,42.874,-78.803,Theft
24894,25915,3,42.897,-78.818,Breaking & Entering
24904,25925,3,42.842,-78.829,Assault
24911,25932,3,42.845,-78.824,Assault
24922,25943,3,42.852,-78.827,Assault
24923,25944,3,42.871,-78.843,Assault
24928,25950,3,42.868,-78.809,Theft of Vehicle
24935,25957,3,42.896,-78.836,Theft
24951,25973,3,42.866,-78.822,Breaking & Entering
24952,25974,3,42.857,-78.823,Assault
24953,25975,3,42.894,-78.839,Theft
24957,25979,3,42.889,-78.837,Robbery
24973,25995,3,42.853,-78.807,Theft
24979,26002,3,42.853,-78.802,Theft
24985,26008,3,42.898,-78.819,Breaking & Entering
24991,26014,3,42.86,-78.816,Breaking & Entering
24995,26018,3,42.852,-78.82,Theft of Vehicle
24999,26022,3,42.858,-78.811,Theft
25004,26027,3,42.894,-78.819,Theft
25006,26029,3,42.891,-78.835,Breaking & Entering
25008,26031,3,42.852,-78.814,Theft
25019,26042,3,42.871,-78.83,Assault
25020,26043,3,42.897,-78.818,Theft
25024,26047,3,42.878,-78.848,Theft
25026,26049,3,42.852,-78.825,Breaking & Entering
25031,26054,3,42.893,-78.84,Theft
25036,26059,3,42.893,-78.839,Theft
25038,26061,3,42.868,-78.809,Assault
25040,26063,3,42.859,-78.815,Theft
25041,26064,3,42.86,-78.81,Breaking & Entering
25045,26068,3,42.89,-78.803,Robbery
25051,26074,3,42.891,-78.8,Theft
25052,26075,3,42.856,-78.813,Theft
25058,26081,3,42.895,-78.818,Theft
25067,26091,3,42.857,-78.812,Theft
25078,26102,3,42.871,-78.812,Breaking & Entering
25115,26139,3,42.855,-78.805,Assault
25121,26145,3,42.85,-78.815,Theft
25124,26148,3,42.842,-78.809,Theft
25126,26150,3,42.847,-78.824,Theft
25129,26153,3,42.844,-78.824,Assault
25131,26155,3,42.873,-78.806,Theft
25141,26165,3,42.896,-78.814,Assault
25142,26166,3,42.848,-78.812,Theft
25144,26168,3,42.868,-78.808,Robbery
25149,26173,3,42.899,-78.818,Robbery
25150,26174,3,42.858,-78.811,Assault
25156,26180,3,42.848,-78.832,Theft
25166,26190,3,42.853,-78.824,Assault
25174,26198,3,42.857,-78.811,Theft
25176,26200,3,42.895,-78.828,Robbery
25179,26204,3,42.852,-78.823,Theft
25181,26206,3,42.87,-78.811,Assault
25190,26215,3,42.868,-78.805,Theft
25196,26221,3,42.896,-78.82,Breaking & Entering
25197,26222,3,42.877,-78.852,Assault
25199,26224,3,42.88,-78.814,Theft
25203,26228,3,42.848,-78.812,Theft of Vehicle
25205,26230,3,42.862,-78.818,Theft of Vehicle
25211,26237,3,42.851,-78.806,Theft of Vehicle
25214,26240,3,42.851,-78.802,Theft
25223,26249,3,42.894,-78.837,Theft
25235,26261,3,42.86,-78.812,Breaking & Entering
25250,26276,3,42.846,-78.825,Assault
25252,26278,3,42.88,-78.801,Theft
25253,26279,3,42.826,-78.834,Robbery
25257,26283,3,42.888,-78.804,Assault
25265,26291,3,42.886,-78.8,Assault
25274,26300,3,42.875,-78.824,Breaking & Entering
25285,26311,3,42.842,-78.829,Assault
25294,26320,3,42.854,-78.804,Assault
25301,26327,3,42.895,-78.822,Assault
25308,26334,3,42.881,-78.84,Breaking & Entering
25312,26338,3,42.855,-78.828,Breaking & Entering
25317,26343,3,42.899,-78.817,Robbery
25319,26345,3,42.894,-78.835,Theft
25322,26348,3,42.855,-78.835,Theft
25329,26355,3,42.871,-78.835,Breaking & Entering
25330,26356,3,42.874,-78.853,Theft of Vehicle
25335,26361,3,42.838,-78.831,Theft
25339,26365,3,42.892,-78.83,Theft
25340,26366,3,42.867,-78.857,Breaking & Entering
25341,26367,3,42.895,-78.829,Theft
25357,26383,3,42.897,-78.819,Assault
25365,26391,3,42.848,-78.823,Theft
25380,26406,3,42.892,-78.823,Theft
25385,26412,3,42.875,-78.829,Theft of Vehicle
25388,26415,3,42.886,-78.827,Theft
25389,26416,3,42.848,-78.824,Other Sexual Offense
25391,26418,3,42.861,-78.819,Theft
25404,26431,3,42.856,-78.813,Theft of Vehicle
25408,26435,3,42.855,-78.808,Theft of Vehicle
25411,26438,3,42.886,-78.8,Breaking & Entering
25418,26445,3,42.893,-78.83,Breaking & Entering
25420,26447,3,42.895,-78.83,Theft
25436,26463,3,42.895,-78.803,Theft
25439,26466,3,42.858,-78.814,Breaking & Entering
25443,26470,3,42.856,-78.832,Assault
25449,26476,3,42.854,-78.809,Assault
25452,26479,3,42.853,-78.832,Theft
25456,26483,3,42.893,-78.837,Theft
25460,26487,3,42.856,-78.815,Breaking & Entering
25463,26490,3,42.891,-78.826,Theft
25464,26491,3,42.851,-78.829,Assault
25472,26499,3,42.851,-78.802,Theft
25477,26504,3,42.857,-78.812,Theft
25478,26505,3,42.848,-78.836,Theft
25487,26514,3,42.869,-78.831,Theft
25491,26518,3,42.858,-78.83,Theft
25496,26523,3,42.842,-78.808,Assault
25500,26527,3,42.888,-78.837,Assault
25508,26535,3,42.891,-78.803,Theft
25509,26536,3,42.888,-78.8,Theft
25511,26538,3,42.892,-78.838,Theft
25522,26549,3,42.87,-78.846,Breaking & Entering
25526,26553,3,42.891,-78.833,Theft
25527,26554,3,42.872,-78.814,Theft
25532,26559,3,42.868,-78.848,Breaking & Entering
25538,26565,3,42.882,-78.841,Breaking & Entering
25540,26567,3,42.897,-78.814,Theft of Vehicle
25541,26568,3,42.896,-78.827,Breaking & Entering
25560,26587,3,42.897,-78.818,Robbery
25564,26591,3,42.892,-78.81,Theft of Vehicle
25566,26593,3,42.842,-78.818,Theft
25574,26601,3,42.852,-78.809,Theft
25576,26603,3,42.896,-78.817,Theft
25578,26605,3,42.879,-78.839,Assault
25593,26620,3,42.863,-78.805,Theft
25594,26621,3,42.856,-78.817,Assault
25607,26634,3,42.898,-78.807,Theft
25620,26647,3,42.848,-78.822,Theft
25622,26649,3,42.866,-78.823,Assault
25631,26658,3,42.842,-78.831,Assault
25632,26659,3,42.842,-78.823,Assault
25642,26669,3,42.858,-78.831,Theft
25643,26670,3,42.843,-78.832,Assault
25648,26676,3,42.847,-78.824,Theft
25649,26677,3,42.89,-78.839,Theft
25653,26681,3,42.843,-78.83,Theft
25658,26686,3,42.853,-78.812,Assault
25660,26688,3,42.871,-78.804,Theft
25666,26694,3,42.889,-78.815,Theft
25667,26695,3,42.896,-78.815,Theft
25681,26709,3,42.846,-78.801,Assault
25707,26735,3,42.85,-78.815,Robbery
25711,26739,3,42.848,-78.824,Theft
25721,26749,3,42.85,-78.83,Theft of Vehicle
25737,26765,3,42.888,-78.802,Theft
25745,26773,3,42.894,-78.804,Breaking & Entering
25748,26776,3,42.861,-78.817,Assault
25750,26778,3,42.851,-78.804,Theft of Vehicle
25755,26783,3,42.892,-78.835,Assault
25757,26785,3,42.857,-78.815,Theft
25761,26789,3,42.889,-78.808,Robbery
25766,26794,3,42.894,-78.824,Theft
25778,26806,3,42.853,-78.83,Theft
25784,26812,3,42.895,-78.826,Assault
25788,26817,3,42.899,-78.816,Robbery
25790,26819,3,42.886,-78.841,Breaking & Entering
25796,26826,3,42.892,-78.806,Theft
25801,26831,3,42.896,-78.801,Theft
25807,26837,3,42.852,-78.804,Assault
25811,26841,3,42.892,-78.805,Theft of Vehicle
25813,26843,3,42.896,-78.816,Theft
25821,26851,3,42.844,-78.828,Theft of Vehicle
25831,26861,3,42.896,-78.821,Theft of Vehicle
25832,26862,3,42.838,-78.822,Assault
25837,26867,3,42.856,-78.81,Theft
25838,26868,3,42.828,-78.824,Theft
25848,26878,3,42.885,-78.839,Robbery
25857,26887,3,42.861,-78.821,Theft
25867,26897,3,42.889,-78.836,Assault
25868,26898,3,42.875,-78.802,Breaking & Entering
25869,26899,3,42.88,-78.834,Theft
25870,26900,3,42.887,-78.813,Assault
25875,26905,3,42.858,-78.823,Breaking & Entering
25879,26909,3,42.895,-78.825,Breaking & Entering
25890,26920,3,42.889,-78.834,Theft
25891,26921,3,42.897,-78.82,Theft
25896,26926,3,42.889,-78.834,Assault
25916,26946,3,42.843,-78.828,Theft of Vehicle
25917,26947,3,42.86,-78.814,Assault
25928,26958,3,42.854,-78.813,Robbery
25930,26960,3,42.851,-78.801,Theft
25932,26962,3,42.891,-78.832,Breaking & Entering
25933,26963,3,42.872,-78.803,Theft
25934,26964,3,42.894,-78.841,Theft of Vehicle
25935,26965,3,42.864,-78.825,Theft
25944,26974,3,42.848,-78.801,Theft
25945,26975,3,42.891,-78.834,Assault
25947,26977,3,42.889,-78.814,Theft
25959,26989,3,42.879,-78.845,Theft
25966,26996,3,42.857,-78.826,Theft of Vehicle
25974,27004,3,42.857,-78.828,Theft of Vehicle
25975,27005,3,42.894,-78.835,Assault
25978,27008,3,42.839,-78.824,Theft
25982,27012,3,42.896,-78.835,Breaking & Entering
25989,27020,3,42.889,-78.808,Robbery
25991,27022,3,42.852,-78.814,Theft
25995,27026,3,42.878,-78.833,Assault
25996,27027,3,42.845,-78.828,Theft
25997,27028,3,42.842,-78.823,Theft of Vehicle
26012,27043,3,42.836,-78.823,Theft
26014,27045,3,42.847,-78.824,Theft
26015,27046,3,42.851,-78.825,Theft
26017,27048,3,42.892,-78.83,Breaking & Entering
26018,27049,3,42.853,-78.807,Theft
26023,27054,3,42.89,-78.803,Assault
26031,27062,3,42.856,-78.829,Breaking & Entering
26034,27065,3,42.852,-78.827,Assault
26051,27082,3,42.887,-78.847,Assault
26055,27086,3,42.896,-78.837,Robbery
26059,27090,3,42.866,-78.847,Theft
26071,27102,3,42.891,-78.814,Theft
26074,27105,3,42.892,-78.815,Theft
26090,27121,3,42.871,-78.834,Theft
26091,27122,3,42.896,-78.817,Assault
26106,27137,3,42.866,-78.848,Assault
26112,27143,3,42.868,-78.802,Breaking & Entering
26130,27162,3,42.874,-78.817,Assault
26141,27173,3,42.854,-78.819,Assault
26144,27176,3,42.889,-78.837,Breaking & Entering
26150,27182,3,42.872,-78.8,Breaking & Entering
26156,27189,3,42.891,-78.84,Breaking & Entering
26161,27194,3,42.892,-78.804,Assault
26162,27195,3,42.844,-78.829,Theft of Vehicle
26165,27198,3,42.895,-78.838,Breaking & Entering
26171,27204,3,42.838,-78.808,Robbery
26177,27210,3,42.88,-78.839,Theft of Vehicle
26179,27212,3,42.855,-78.832,Assault
26181,27214,3,42.852,-78.817,Breaking & Entering
26186,27219,3,42.867,-78.856,Theft
26214,27247,3,42.893,-78.838,Theft
26222,27255,3,42.894,-78.823,Assault
26223,27256,3,42.835,-78.818,Theft
26225,27258,3,42.859,-78.804,Assault
26231,27264,3,42.857,-78.833,Assault
26237,27270,3,42.844,-78.831,Theft
26243,27276,3,42.857,-78.812,Breaking & Entering
26250,27283,3,42.855,-78.824,Theft of Vehicle
26258,27291,3,42.871,-78.834,Assault
26260,27293,3,42.847,-78.832,Theft
26266,27299,3,42.87,-78.845,Theft
26270,27303,3,42.848,-78.813,Theft
26271,27304,3,42.84,-78.808,Breaking & Entering
26276,27309,3,42.89,-78.806,Assault
26283,27316,3,42.896,-78.82,Theft
26288,27321,3,42.85,-78.811,Theft
26291,27324,3,42.851,-78.825,Theft
26293,27326,3,42.855,-78.807,Breaking & Entering
26296,27329,3,42.894,-78.822,Breaking & Entering
26302,27335,3,42.872,-78.806,Theft
26304,27337,3,42.843,-78.824,Theft
26307,27340,3,42.848,-78.812,Assault
26310,27344,3,42.892,-78.811,Theft
26319,27353,3,42.888,-78.816,Robbery
26326,27360,3,42.85,-78.822,Theft
26329,27363,3,42.875,-78.805,Assault
26342,27376,3,42.898,-78.815,Theft
26346,27381,3,42.842,-78.826,Breaking & Entering
26348,27383,3,42.892,-78.829,Breaking & Entering
26353,27388,3,42.895,-78.832,Breaking & Entering
26354,27389,3,42.869,-78.83,Theft
26355,27390,3,42.893,-78.839,Assault
26358,27393,3,42.898,-78.802,Breaking & Entering
26364,27399,3,42.834,-78.815,Theft
26369,27404,3,42.839,-78.818,Breaking & Entering
26373,27408,3,42.888,-78.814,Theft
26377,27412,3,42.892,-78.809,Assault
26378,27413,3,42.847,-78.824,Theft
26381,27416,3,42.895,-78.803,Theft
26385,27420,3,42.847,-78.825,Theft
26395,27430,3,42.856,-78.833,Theft
26398,27433,3,42.884,-78.822,Theft
26399,27434,3,42.89,-78.843,Breaking & Entering
26406,27441,3,42.857,-78.813,Assault
26416,27451,3,42.894,-78.823,Breaking & Entering
26423,27458,3,42.872,-78.811,Robbery
26425,27460,3,42.85,-78.803,Theft
26430,27465,3,42.882,-78.844,Theft
26431,27466,3,42.849,-78.814,Theft
26433,27468,3,42.851,-78.832,Breaking & Entering
26453,27490,3,42.89,-78.808,Theft
26459,27496,3,42.872,-78.806,Theft
26496,27533,3,42.899,-78.832,Theft
26499,27536,3,42.898,-78.807,Theft
26500,27537,3,42.858,-78.831,Theft
26502,27539,3,42.856,-78.833,Breaking & Entering
26505,27542,3,42.855,-78.808,Assault
26512,27550,3,42.844,-78.828,Assault
26514,27552,3,42.881,-78.834,Assault
26515,27553,3,42.875,-78.826,Theft
26517,27555,3,42.85,-78.804,Assault
26518,27556,3,42.842,-78.823,Theft
26521,27559,3,42.869,-78.83,Theft
26523,27561,3,42.879,-78.835,Theft of Vehicle
26526,27564,3,42.894,-78.825,Robbery
26530,27568,3,42.847,-78.833,Theft
26536,27574,3,42.849,-78.814,Theft
26538,27576,3,42.869,-78.851,Theft
26542,27580,3,42.889,-78.808,Theft of Vehicle
26545,27583,3,42.895,-78.822,Breaking & Entering
26548,27586,3,42.869,-78.833,Theft of Vehicle
26556,27594,3,42.872,-78.805,Theft
26567,27605,3,42.898,-78.823,Breaking & Entering
26572,27610,3,42.848,-78.824,Assault
26573,27611,3,42.888,-78.804,Assault
26584,27622,3,42.858,-78.831,Theft
26603,27641,3,42.886,-78.808,Assault
26604,27642,3,42.867,-78.849,Theft
26623,27661,3,42.843,-78.827,Theft
26624,27662,3,42.86,-78.822,Theft
26631,27669,3,42.898,-78.807,Theft
26638,27676,3,42.848,-78.828,Theft
26641,27679,3,42.857,-78.813,Robbery
26643,27681,3,42.853,-78.827,Assault
26645,27683,3,42.87,-78.834,Assault
26646,27684,3,42.898,-78.837,Theft
26652,27690,3,42.84,-78.807,Theft
26653,27691,3,42.897,-78.823,Theft of Vehicle
26658,27696,3,42.892,-78.83,Assault
26659,27697,3,42.887,-78.801,Theft
26660,27698,3,42.871,-78.807,Assault
26676,27714,3,42.858,-78.815,Assault
26682,27720,3,42.872,-78.803,Breaking & Entering
26694,27732,3,42.896,-78.833,Breaking & Entering
26698,27736,3,42.885,-78.846,Breaking & Entering
26703,27741,3,42.895,-78.826,Breaking & Entering
26709,27747,3,42.88,-78.802,Theft
26711,27749,3,42.889,-78.808,Theft
26713,27751,3,42.897,-78.837,Theft of Vehicle
26720,27758,3,42.868,-78.805,Theft
26722,27760,3,42.87,-78.847,Assault
26735,27773,3,42.854,-78.82,Theft of Vehicle
26741,27779,3,42.854,-78.808,Breaking & Entering
26754,27792,3,42.855,-78.807,Theft
26757,27795,3,42.848,-78.829,Breaking & Entering
26774,27812,3,42.876,-78.83,Theft
26780,27818,3,42.892,-78.834,Assault
26788,27826,3,42.848,-78.824,Breaking & Entering
26789,27827,3,42.879,-78.839,Assault
26797,27835,3,42.871,-78.81,Assault
26816,27854,3,42.833,-78.822,Assault
26829,27868,3,42.894,-78.822,Homicide
26833,27872,3,42.896,-78.808,Breaking & Entering
26835,27874,3,42.89,-78.811,Theft
26842,27881,3,42.868,-78.837,Theft
26851,27890,3,42.896,-78.821,Breaking & Entering
26853,27892,3,42.867,-78.831,Theft of Vehicle
26856,27895,3,42.891,-78.831,Assault
26857,27896,3,42.852,-78.824,Theft
26858,27897,3,42.897,-78.838,Theft
26859,27898,3,42.858,-78.83,Theft
26863,27902,3,42.849,-78.823,Breaking & Entering
26865,27904,3,42.837,-78.809,Breaking & Entering
26882,27921,3,42.885,-78.807,Breaking & Entering
26886,27925,3,42.836,-78.826,Breaking & Entering
26889,27929,3,42.833,-78.824,Theft
26900,27940,3,42.853,-78.83,Breaking & Entering
26927,27967,3,42.846,-78.83,Theft
26939,27979,3,42.896,-78.806,Theft
26942,27982,3,42.86,-78.807,Theft
26953,27993,3,42.892,-78.827,Breaking & Entering
26956,27996,3,42.847,-78.855,Theft
26957,27997,3,42.853,-78.808,Breaking & Entering
26958,27998,3,42.896,-78.835,Theft
26964,28004,3,42.893,-78.807,Theft
26978,28018,3,42.859,-78.817,Assault
26984,28024,3,42.851,-78.802,Robbery
26995,28035,3,42.897,-78.805,Breaking & Entering
26999,28039,3,42.842,-78.808,Theft
27004,28044,3,42.856,-78.823,Breaking & Entering
27005,28045,3,42.856,-78.808,Theft
27009,28049,3,42.874,-78.818,Theft
27010,28050,3,42.898,-78.84,Theft
27011,28051,3,42.852,-78.814,Theft
27023,28063,3,42.891,-78.807,Theft
27024,28064,3,42.858,-78.831,Theft
27029,28069,3,42.897,-78.83,Theft
27037,28077,3,42.858,-78.831,Theft
27038,28078,3,42.899,-78.822,Assault
27041,28081,3,42.881,-78.841,Robbery
27043,28083,3,42.85,-78.803,Breaking & Entering
27053,28093,3,42.855,-78.811,Assault
27055,28095,3,42.893,-78.839,Theft
27060,28100,3,42.889,-78.808,Theft
27074,28114,3,42.898,-78.836,Breaking & Entering
27080,28120,3,42.892,-78.832,Assault
27088,28128,3,42.856,-78.814,Assault
27099,28139,3,42.894,-78.843,Robbery
27108,28148,3,42.891,-78.811,Assault
27116,28156,3,42.858,-78.831,Theft
27118,28158,3,42.848,-78.808,Assault
27122,28162,3,42.898,-78.807,Theft
27124,28164,3,42.893,-78.838,Theft
27126,28166,3,42.891,-78.834,Assault
27131,28171,3,42.891,-78.801,Assault
27134,28174,3,42.872,-78.814,Breaking & Entering
27136,28176,3,42.885,-78.807,Theft
27139,28179,3,42.881,-78.848,Breaking & Entering
27145,28185,3,42.85,-78.814,Breaking & Entering
27165,28205,3,42.899,-78.823,Breaking & Entering
27168,28208,3,42.852,-78.828,Breaking & Entering
27174,28214,3,42.852,-78.827,Breaking & Entering
27185,28225,3,42.854,-78.808,Theft
27189,28229,3,42.873,-78.822,Theft
27190,28230,3,42.891,-78.809,Theft
27193,28233,3,42.876,-78.804,Assault
27196,28237,3,42.857,-78.812,Theft
27198,28239,3,42.873,-78.804,Assault
27201,28242,3,42.871,-78.815,Assault
27211,28252,3,42.893,-78.806,Assault
27213,28254,3,42.887,-78.816,Assault
27216,28257,3,42.856,-78.826,Assault
27217,28258,3,42.887,-78.837,Theft of Vehicle
27219,28260,3,42.899,-78.818,Robbery
27223,28264,3,42.889,-78.838,Assault
27225,28266,3,42.846,-78.821,Theft
27227,28268,3,42.861,-78.814,Assault
27238,28279,3,42.896,-78.814,Theft
27242,28283,3,42.894,-78.835,Assault
27243,28284,3,42.896,-78.821,Assault
27244,28285,3,42.842,-78.829,Breaking & Entering
27251,28292,3,42.882,-78.829,Breaking & Entering
27253,28294,3,42.869,-78.83,Theft
27263,28304,3,42.842,-78.829,Breaking & Entering
27269,28310,3,42.862,-78.802,Theft of Vehicle
27273,28314,3,42.896,-78.813,Breaking & Entering
27277,28318,3,42.857,-78.813,Theft
27278,28319,3,42.872,-78.812,Theft
27283,28324,3,42.87,-78.809,Breaking & Entering
27291,28332,3,42.853,-78.824,Assault
27296,28337,3,42.873,-78.813,Theft
27306,28347,3,42.877,-78.841,Theft
27309,28350,3,42.884,-78.836,Assault
27313,28354,3,42.855,-78.833,Theft
27333,28375,3,42.895,-78.829,Theft of Vehicle
27336,28378,3,42.857,-78.808,Breaking & Entering
27337,28379,3,42.894,-78.819,Assault
27339,28381,3,42.888,-78.809,Assault
27348,28390,3,42.845,-78.809,Theft
27349,28391,3,42.882,-78.849,Theft
27352,28394,3,42.869,-78.832,Theft
27353,28395,3,42.859,-78.811,Breaking & Entering
27361,28403,3,42.894,-78.806,Theft of Vehicle
27362,28404,3,42.855,-78.832,Breaking & Entering
27363,28405,3,42.844,-78.834,Theft
27369,28411,3,42.896,-78.822,Theft
27373,28415,3,42.852,-78.802,Assault
27378,28420,3,42.864,-78.815,Theft
27379,28421,3,42.85,-78.803,Assault
27392,28435,3,42.846,-78.823,Theft
27393,28436,3,42.85,-78.803,Other Sexual Offense
27400,28443,3,42.858,-78.831,Theft
27403,28446,3,42.899,-78.823,Theft
27406,28449,3,42.852,-78.823,Assault
27411,28454,3,42.868,-78.84,Theft
27415,28458,3,42.858,-78.83,Theft
27423,28466,3,42.896,-78.809,Theft
27437,28481,3,42.853,-78.829,Theft of Vehicle
27438,28482,3,42.854,-78.834,Theft of Vehicle
27439,28483,3,42.858,-78.817,Theft
27449,28493,3,42.851,-78.83,Assault
27453,28497,3,42.838,-78.817,Theft
27457,28501,3,42.848,-78.824,Assault
27460,28504,3,42.871,-78.809,Breaking & Entering
27463,28507,3,42.861,-78.812,Theft
27466,28510,3,42.879,-78.839,Assault
27487,28531,3,42.889,-78.81,Theft
27494,28538,3,42.896,-78.837,Theft
27496,28540,3,42.869,-78.808,Assault
27500,28544,3,42.887,-78.805,Theft
27504,28548,3,42.872,-78.831,Theft
27523,28567,3,42.872,-78.801,Breaking & Entering
27533,28577,3,42.898,-78.807,Theft
27542,28586,3,42.871,-78.832,Theft
27547,28591,3,42.893,-78.839,Robbery
27550,28594,3,42.871,-78.815,Robbery
27562,28606,3,42.858,-78.809,Theft of Vehicle
27573,28617,3,42.854,-78.827,Theft
27584,28628,3,42.857,-78.829,Theft
27585,28629,3,42.853,-78.806,Theft
27586,28630,3,42.896,-78.835,Breaking & Entering
27588,28632,3,42.852,-78.804,Theft of Vehicle
27599,28643,3,42.833,-78.802,Breaking & Entering
27601,28646,3,42.842,-78.826,Assault
27602,28647,3,42.898,-78.8,Theft
27627,28672,3,42.897,-78.819,Theft
27632,28677,3,42.841,-78.812,Breaking & Entering
27637,28682,3,42.843,-78.821,Assault
27641,28686,3,42.891,-78.833,Breaking & Entering
27650,28695,3,42.882,-78.834,Breaking & Entering
27653,28698,3,42.875,-78.829,Theft
27658,28703,3,42.84,-78.822,Breaking & Entering
27667,28713,3,42.858,-78.825,Theft
27675,28721,3,42.898,-78.822,Theft of Vehicle
27683,28729,3,42.854,-78.801,Theft
27687,28733,3,42.836,-78.824,Assault
27689,28735,3,42.899,-78.835,Theft of Vehicle
27696,28742,3,42.895,-78.832,Theft of Vehicle
27718,28764,3,42.896,-78.815,Robbery
27723,28769,3,42.855,-78.812,Assault
27724,28770,3,42.897,-78.825,Theft
27725,28771,3,42.85,-78.824,Theft
27726,28772,3,42.866,-78.851,Breaking & Entering
27732,28778,3,42.886,-78.808,Theft
27743,28789,3,42.85,-78.801,Assault
27744,28790,3,42.868,-78.81,Assault
27745,28791,3,42.858,-78.83,Theft
27748,28794,3,42.885,-78.803,Theft
27753,28799,3,42.869,-78.8,Breaking & Entering
27754,28800,3,42.836,-78.82,Theft
27761,28807,3,42.86,-78.814,Assault
27765,28811,3,42.846,-78.821,Theft
27775,28821,3,42.893,-78.823,Breaking & Entering
27778,28824,3,42.849,-78.83,Theft
27779,28825,3,42.896,-78.839,Theft
27780,28826,3,42.841,-78.824,Theft
27782,28828,3,42.895,-78.808,Theft
27787,28833,3,42.851,-78.818,Breaking & Entering
27799,28845,3,42.895,-78.829,Theft of Vehicle
27812,28859,3,42.887,-78.843,Assault
27819,28866,3,42.865,-78.825,Breaking & Entering
27822,28869,3,42.895,-78.838,Theft
27823,28870,3,42.861,-78.807,Theft
27826,28873,3,42.892,-78.804,Assault
27827,28874,3,42.897,-78.838,Assault
27828,28875,3,42.855,-78.81,Assault
27839,28886,3,42.834,-78.824,Theft
27844,28892,3,42.851,-78.83,Robbery
27846,28894,3,42.878,-78.811,Assault
27847,28895,3,42.858,-78.825,Theft
27848,28896,3,42.848,-78.824,Sexual Assault
27850,28898,3,42.858,-78.814,Breaking & Entering
27854,28902,3,42.896,-78.816,Assault
27855,28903,3,42.877,-78.812,Breaking & Entering
27862,28910,3,42.842,-78.823,Theft
27893,28941,3,42.862,-78.819,Theft of Vehicle
27897,28945,3,42.894,-78.831,Breaking & Entering
27900,28948,3,42.88,-78.84,Robbery
27910,28958,3,42.857,-78.832,Sexual Assault
27913,28961,3,42.895,-78.806,Theft
27915,28963,3,42.898,-78.807,Theft
27917,28965,3,42.896,-78.823,Theft
27933,28981,3,42.889,-78.836,Theft of Vehicle
27940,28988,3,42.845,-78.848,Assault
27947,28995,3,42.885,-78.814,Theft
27951,28999,3,42.845,-78.824,Theft
27968,29016,3,42.89,-78.802,Theft
27971,29019,3,42.894,-78.82,Assault
27992,29041,3,42.868,-78.849,Theft
27995,29044,3,42.852,-78.814,Theft
27997,29046,3,42.876,-78.804,Theft
28001,29050,3,42.876,-78.815,Theft
28004,29053,3,42.895,-78.828,Theft of Vehicle
28006,29055,3,42.867,-78.847,Assault
28007,29056,3,42.884,-78.846,Breaking & Entering
28010,29059,3,42.856,-78.828,Theft
28013,29062,3,42.897,-78.804,Theft
28015,29064,3,42.854,-78.828,Assault
28020,29069,3,42.849,-78.824,Assault
28021,29070,3,42.899,-78.82,Other Sexual Offense
28023,29072,3,42.885,-78.814,Breaking & Entering
28033,29082,3,42.894,-78.82,Assault
28034,29083,3,42.886,-78.812,Theft
28039,29088,3,42.872,-78.82,Assault
28041,29090,3,42.867,-78.824,Robbery
28042,29091,3,42.856,-78.828,Theft
28049,29098,3,42.848,-78.824,Theft of Vehicle
28066,29115,3,42.894,-78.83,Theft
28067,29116,3,42.889,-78.843,Breaking & Entering
28069,29118,3,42.897,-78.817,Breaking & Entering
28070,29119,3,42.896,-78.834,Robbery
28071,29120,3,42.835,-78.828,Breaking & Entering
28081,29130,3,42.848,-78.813,Assault
28090,29139,3,42.898,-78.819,Breaking & Entering
28100,29149,3,42.849,-78.814,Theft
28103,29152,3,42.837,-78.824,Theft
28106,29155,3,42.858,-78.831,Theft
28111,29160,3,42.857,-78.813,Robbery
28112,29162,3,42.891,-78.836,Breaking & Entering
28120,29170,3,42.89,-78.809,Theft
28121,29171,3,42.842,-78.824,Assault
28126,29176,3,42.868,-78.846,Assault
28130,29180,3,42.888,-78.838,Assault
28134,29184,3,42.855,-78.827,Theft
28142,29192,3,42.887,-78.803,Breaking & Entering
28143,29193,3,42.878,-78.815,Theft of Vehicle
28149,29199,3,42.888,-78.805,Theft
28151,29201,3,42.886,-78.839,Theft
28158,29208,3,42.899,-78.819,Robbery
28166,29216,3,42.896,-78.818,Assault
28173,29223,3,42.848,-78.817,Theft
28176,29226,3,42.85,-78.815,Robbery
28180,29230,3,42.894,-78.842,Theft
28185,29235,3,42.87,-78.834,Assault
28188,29238,3,42.88,-78.802,Robbery
28190,29240,3,42.895,-78.815,Theft
28193,29243,3,42.898,-78.82,Theft
28200,29250,3,42.885,-78.814,Breaking & Entering
28209,29259,3,42.898,-78.832,Theft
28215,29265,3,42.894,-78.835,Assault
28216,29266,3,42.894,-78.827,Assault
28218,29268,3,42.846,-78.818,Theft
28222,29272,3,42.842,-78.829,Assault
28228,29278,3,42.886,-78.819,Theft
28229,29279,3,42.858,-78.831,Theft
28242,29292,3,42.853,-78.81,Breaking & Entering
28245,29295,3,42.894,-78.821,Robbery
28249,29299,3,42.89,-78.815,Theft of Vehicle
28258,29308,3,42.896,-78.803,Theft
28264,29314,3,42.856,-78.809,Assault
28265,29315,3,42.856,-78.822,Breaking & Entering
28278,29328,3,42.842,-78.83,Assault
28285,29335,3,42.857,-78.809,Assault
28308,29359,3,42.875,-78.85,Theft
28311,29362,3,42.851,-78.812,Theft of Vehicle
28314,29365,3,42.891,-78.807,Assault
28315,29366,3,42.851,-78.824,Theft
28316,29367,3,42.857,-78.804,Breaking & Entering
28330,29381,3,42.861,-78.802,Breaking & Entering
28345,29396,3,42.892,-78.838,Breaking & Entering
28348,29399,3,42.893,-78.82,Breaking & Entering
28353,29405,3,42.857,-78.808,Theft
28354,29406,3,42.895,-78.821,Assault
28359,29411,3,42.895,-78.84,Theft
28362,29414,3,42.893,-78.841,Assault
28385,29437,3,42.854,-78.806,Assault
28391,29443,3,42.861,-78.817,Theft
28394,29446,3,42.896,-78.8,Breaking & Entering
28398,29452,3,42.877,-78.829,Breaking & Entering
28401,29455,3,42.853,-78.824,Assault
28402,29456,3,42.899,-78.835,Theft of Vehicle
28408,29463,3,42.853,-78.832,Breaking & Entering
28415,29470,3,42.897,-78.819,Breaking & Entering
28416,29471,3,42.89,-78.8,Assault
28423,29478,3,42.888,-78.815,Robbery
28437,29492,3,42.886,-78.841,Breaking & Entering
28442,29497,3,42.87,-78.811,Theft of Vehicle
28443,29498,3,42.89,-78.801,Theft
28448,29503,3,42.893,-78.837,Robbery
28453,29508,3,42.89,-78.8,Assault
28456,29511,3,42.897,-78.817,Breaking & Entering
28462,29517,3,42.847,-78.828,Assault
28466,29521,3,42.894,-78.823,Breaking & Entering
28468,29523,3,42.836,-78.809,Theft
28472,29528,3,42.833,-78.824,Theft of Vehicle
28480,29536,3,42.899,-78.818,Breaking & Entering
28483,29539,3,42.877,-78.851,Assault
28489,29545,3,42.859,-78.811,Robbery
28494,29550,3,42.839,-78.817,Theft of Vehicle
28495,29551,3,42.875,-78.845,Breaking & Entering
28498,29554,3,42.856,-78.811,Theft
28500,29556,3,42.853,-78.818,Theft
28511,29567,3,42.848,-78.825,Robbery
28513,29569,3,42.871,-78.832,Theft of Vehicle
28519,29576,3,42.892,-78.83,Assault
28521,29578,3,42.898,-78.819,Theft
28533,29590,3,42.855,-78.827,Breaking & Entering
28536,29593,3,42.873,-78.842,Breaking & Entering
28543,29600,3,42.844,-78.824,Assault
28549,29606,3,42.854,-78.808,Theft
28552,29609,3,42.837,-78.82,Assault
28556,29614,3,42.848,-78.836,Breaking & Entering
28569,29628,3,42.877,-78.829,Theft of Vehicle
28570,29629,3,42.876,-78.846,Breaking & Entering
28577,29636,3,42.898,-78.816,Breaking & Entering
28580,29639,3,42.889,-78.839,Theft of Vehicle
28593,29652,3,42.887,-78.841,Robbery
28597,29656,3,42.893,-78.831,Assault
28600,29659,3,42.895,-78.809,Breaking & Entering
28602,29661,3,42.856,-78.834,Theft
28604,29663,3,42.851,-78.83,Theft
28612,29671,3,42.847,-78.824,Robbery
28616,29675,3,42.836,-78.814,Breaking & Entering
28630,29690,3,42.865,-78.826,Theft
28637,29697,3,42.877,-78.81,Theft
28639,29699,3,42.89,-78.801,Theft
28641,29701,3,42.86,-78.825,Theft
28651,29711,3,42.892,-78.841,Theft
28653,29713,3,42.886,-78.805,Theft
28659,29719,3,42.88,-78.841,Robbery
28661,29721,3,42.876,-78.844,Breaking & Entering
28668,29728,3,42.857,-78.828,Other Sexual Offense
28676,29736,3,42.877,-78.843,Breaking & Entering
28679,29739,3,42.876,-78.852,Breaking & Entering
28681,29741,3,42.846,-78.822,Theft of Vehicle
28682,29742,3,42.857,-78.812,Breaking & Entering
28705,29765,3,42.896,-78.84,Theft
28709,29769,3,42.896,-78.824,Theft
28710,29770,3,42.89,-78.837,Theft
28712,29772,3,42.858,-78.815,Breaking & Entering
28715,29775,3,42.886,-78.803,Breaking & Entering
28719,29779,3,42.896,-78.825,Assault
28721,29781,3,42.858,-78.825,Breaking & Entering
28727,29787,3,42.874,-78.824,Theft
28729,29789,3,42.892,-78.842,Assault
28730,29790,3,42.838,-78.826,Breaking & Entering
28732,29792,3,42.891,-78.842,Assault
28739,29799,3,42.877,-78.817,Theft
28742,29802,3,42.886,-78.838,Theft of Vehicle
28743,29803,3,42.878,-78.83,Breaking & Entering
28755,29815,3,42.844,-78.822,Theft
28763,29824,3,42.852,-78.803,Breaking & Entering
28767,29828,3,42.883,-78.835,Theft
28776,29837,3,42.896,-78.82,Theft of Vehicle
28778,29839,3,42.888,-78.814,Assault
28780,29841,3,42.889,-78.835,Assault
28784,29845,3,42.869,-78.85,Breaking & Entering
28785,29846,3,42.87,-78.833,Assault
28788,29849,3,42.899,-78.821,Theft of Vehicle
28792,29853,3,42.895,-78.837,Theft
28794,29855,3,42.869,-78.827,Breaking & Entering
28809,29870,3,42.86,-78.809,Theft
28810,29871,3,42.89,-78.808,Theft of Vehicle
28815,29876,3,42.877,-78.802,Breaking & Entering
28816,29877,3,42.893,-78.837,Theft
28820,29881,3,42.844,-78.831,Assault
28821,29882,3,42.896,-78.836,Theft
28823,29884,3,42.898,-78.839,Theft of Vehicle
28831,29892,3,42.879,-78.844,Theft
28836,29897,3,42.892,-78.84,Theft
28837,29898,3,42.833,-78.806,Breaking & Entering
28839,29900,3,42.857,-78.812,Theft
28840,29901,3,42.896,-78.82,Theft
28841,29902,3,42.884,-78.813,Theft of Vehicle
28845,29906,3,42.895,-78.836,Breaking & Entering
28854,29915,3,42.859,-78.826,Theft
28871,29932,3,42.896,-78.836,Assault
28875,29936,3,42.859,-78.809,Theft
28880,29941,3,42.868,-78.856,Assault
28885,29946,3,42.875,-78.806,Theft of Vehicle
28888,29949,3,42.869,-78.847,Assault
28895,29956,3,42.877,-78.841,Theft
28896,29957,3,42.856,-78.837,Theft
28898,29959,3,42.855,-78.826,Theft
28906,29967,3,42.863,-78.82,Theft
28914,29976,3,42.897,-78.804,Breaking & Entering
28929,29991,3,42.85,-78.815,Theft
28931,29994,3,42.852,-78.826,Assault
28933,29996,3,42.884,-78.839,Theft of Vehicle
28936,29999,3,42.851,-78.818,Assault
28941,30004,3,42.884,-78.831,Theft
28945,30008,3,42.885,-78.801,Theft of Vehicle
28949,30012,3,42.836,-78.823,Theft of Vehicle
28952,30015,3,42.869,-78.81,Theft
28963,30026,3,42.868,-78.825,Robbery
28964,30027,3,42.869,-78.83,Breaking & Entering
28968,30031,3,42.87,-78.845,Robbery
28969,30032,3,42.853,-78.805,Assault
28971,30035,3,42.866,-78.823,Breaking & Entering
28977,30041,3,42.892,-78.814,Theft of Vehicle
28982,30046,3,42.859,-78.812,Breaking & Entering
28988,30052,3,42.869,-78.846,Theft
29009,30073,3,42.877,-78.843,Assault
29018,30082,3,42.862,-78.812,Theft
29023,30087,3,42.841,-78.816,Theft
29037,30101,3,42.855,-78.812,Sexual Offense
29041,30105,3,42.858,-78.822,Theft
29045,30109,3,42.896,-78.81,Breaking & Entering
29049,30113,3,42.866,-78.822,Breaking & Entering
29053,30117,3,42.896,-78.802,Assault
29057,30121,3,42.898,-78.822,Theft of Vehicle
29061,30125,3,42.847,-78.832,Theft
29062,30126,3,42.854,-78.806,Theft
29068,30132,3,42.868,-78.806,Assault
29070,30134,3,42.848,-78.824,Breaking & Entering
29073,30137,3,42.896,-78.818,Robbery
29076,30140,3,42.85,-78.801,Theft
29087,30151,3,42.847,-78.835,Breaking & Entering
29095,30159,3,42.891,-78.837,Robbery
29101,30165,3,42.882,-78.847,Theft
29117,30181,3,42.865,-78.841,Theft of Vehicle
29121,30185,3,42.882,-78.831,Breaking & Entering
29128,30192,3,42.846,-78.831,Theft
29135,30199,3,42.871,-78.834,Robbery
29151,30215,3,42.854,-78.809,Breaking & Entering
29152,30216,3,42.853,-78.801,Theft
29154,30218,3,42.898,-78.807,Theft
29159,30223,3,42.886,-78.84,Assault
29167,30231,3,42.888,-78.838,Breaking & Entering
29180,30245,3,42.858,-78.814,Theft
29183,30248,3,42.836,-78.831,Theft of Vehicle
29188,30253,3,42.89,-78.803,Theft
29196,30261,3,42.899,-78.81,Theft
29197,30262,3,42.876,-78.828,Theft
29198,30263,3,42.838,-78.823,Theft
29212,30277,3,42.893,-78.827,Theft
29218,30283,3,42.858,-78.831,Theft
29230,30296,3,42.867,-78.823,Theft
29236,30302,3,42.897,-78.825,Assault
29247,30313,3,42.897,-78.819,Breaking & Entering
29252,30318,3,42.858,-78.813,Theft
29257,30323,3,42.879,-78.802,Theft
29262,30328,3,42.888,-78.819,Theft of Vehicle
29266,30332,3,42.879,-78.84,Assault
29270,30336,3,42.889,-78.808,Theft
29276,30342,3,42.892,-78.807,Assault
29277,30343,3,42.889,-78.808,Theft
29285,30351,3,42.854,-78.812,Breaking & Entering
29287,30354,3,42.848,-78.812,Theft
29294,30361,3,42.868,-78.808,Theft
29302,30369,3,42.896,-78.806,Homicide
29303,30370,3,42.896,-78.839,Theft of Vehicle
29314,30381,3,42.895,-78.828,Theft of Vehicle
29317,30384,3,42.878,-78.801,Robbery
29322,30389,3,42.838,-78.829,Theft
29329,30396,3,42.892,-78.834,Assault
29334,30401,3,42.833,-78.823,Theft
29340,30407,3,42.858,-78.813,Robbery
29343,30410,3,42.845,-78.823,Theft
29362,30430,3,42.859,-78.809,Assault
29368,30436,3,42.851,-78.827,Assault
29369,30437,3,42.848,-78.812,Theft
29375,30443,3,42.874,-78.844,Assault
29384,30452,3,42.872,-78.82,Theft of Vehicle
29395,30464,3,42.898,-78.8,Assault
29399,30468,3,42.871,-78.804,Breaking & Entering
29403,30472,3,42.876,-78.844,Breaking & Entering
29412,30481,3,42.847,-78.82,Assault
29413,30482,3,42.855,-78.825,Assault
29414,30483,3,42.89,-78.81,Theft
29416,30485,3,42.897,-78.833,Theft
29417,30486,3,42.893,-78.835,Theft
29423,30492,3,42.847,-78.827,Assault
29425,30494,3,42.881,-78.836,Assault
29429,30498,3,42.866,-78.824,Theft
29432,30501,3,42.893,-78.839,Assault
29433,30502,3,42.893,-78.823,Breaking & Entering
29435,30504,3,42.863,-78.811,Theft
29436,30505,3,42.861,-78.821,Theft
29440,30509,3,42.88,-78.84,Assault
29442,30511,3,42.899,-78.837,Theft of Vehicle
29447,30516,3,42.848,-78.824,Assault
29460,30530,3,42.858,-78.813,Theft
29463,30533,3,42.856,-78.81,Theft
29467,30537,3,42.86,-78.815,Breaking & Entering
29480,30550,3,42.867,-78.849,Breaking & Entering
29483,30553,3,42.86,-78.808,Theft
29487,30557,3,42.857,-78.833,Theft of Vehicle
29488,30558,3,42.882,-78.829,Breaking & Entering
29490,30560,3,42.891,-78.84,Breaking & Entering
29500,30570,3,42.845,-78.819,Theft
29505,30575,3,42.858,-78.813,Assault
29511,30581,3,42.854,-78.827,Theft
29512,30582,3,42.854,-78.808,Theft
29514,30584,3,42.895,-78.833,Breaking & Entering
29523,30593,3,42.848,-78.808,Assault
29531,30601,3,42.848,-78.824,Theft
29532,30602,3,42.895,-78.807,Theft
29537,30607,3,42.886,-78.841,Breaking & Entering
29543,30613,3,42.898,-78.807,Theft of Vehicle
29545,30615,3,42.887,-78.803,Assault
29546,30616,3,42.87,-78.832,Assault
29552,30622,3,42.882,-78.844,Assault
29559,30629,3,42.889,-78.837,Assault
29560,30630,3,42.896,-78.8,Breaking & Entering
29568,30638,3,42.879,-78.834,Assault
29572,30642,3,42.872,-78.801,Theft
29574,30644,3,42.895,-78.828,Theft of Vehicle
29580,30650,3,42.893,-78.841,Theft
29583,30653,3,42.844,-78.818,Breaking & Entering
29585,30655,3,42.86,-78.816,Theft
29586,30656,3,42.889,-78.815,Theft of Vehicle
29593,30663,3,42.833,-78.824,Theft of Vehicle
29599,30669,3,42.856,-78.825,Theft
29609,30679,3,42.886,-78.805,Theft
29619,30689,3,42.896,-78.82,Theft
29621,30691,3,42.887,-78.837,Assault
29622,30692,3,42.889,-78.808,Theft
29624,30694,3,42.854,-78.805,Sexual Assault
29626,30696,3,42.872,-78.843,Breaking & Entering
29628,30698,3,42.834,-78.843,Theft
29632,30702,3,42.854,-78.832,Breaking & Entering
29638,30708,3,42.852,-78.802,Theft
29644,30714,3,42.859,-78.824,Breaking & Entering
29647,30717,3,42.85,-78.803,Sexual Assault
29648,30718,3,42.853,-78.827,Assault
29665,30735,3,42.882,-78.829,Breaking & Entering
29669,30739,3,42.858,-78.832,Robbery
29672,30742,3,42.895,-78.821,Assault
29680,30750,3,42.849,-78.82,Theft
29691,30761,3,42.872,-78.809,Robbery
29696,30767,3,42.879,-78.837,Theft
29697,30768,3,42.845,-78.809,Theft
29699,30770,3,42.859,-78.813,Theft
29712,30783,3,42.895,-78.835,Theft
29723,30794,3,42.886,-78.839,Theft
29729,30801,3,42.896,-78.822,Theft
29730,30802,3,42.895,-78.835,Theft
29734,30806,3,42.867,-78.849,Breaking & Entering
29743,30815,3,42.841,-78.831,Breaking & Entering
29745,30817,3,42.89,-78.812,Breaking & Entering
29759,30831,3,42.873,-78.811,Theft
29764,30836,3,42.879,-78.842,Assault
29774,30846,3,42.878,-78.801,Theft
29776,30848,3,42.848,-78.824,Theft
29795,30867,3,42.889,-78.837,Theft
29796,30868,3,42.891,-78.8,Assault
29814,30886,3,42.894,-78.83,Assault
29815,30887,3,42.84,-78.818,Breaking & Entering
29817,30889,3,42.858,-78.813,Theft
29819,30891,3,42.843,-78.824,Assault
29829,30901,3,42.893,-78.83,Breaking & Entering
29840,30912,3,42.86,-78.822,Theft
29848,30920,3,42.874,-78.804,Theft of Vehicle
29850,30922,3,42.882,-78.834,Theft
29855,30928,3,42.872,-78.812,Theft
29860,30933,3,42.839,-78.819,Theft
29870,30943,3,42.84,-78.814,Theft
29882,30955,3,42.88,-78.839,Theft of Vehicle
29884,30957,3,42.895,-78.827,Assault
29891,30964,3,42.898,-78.803,Theft
29895,30968,3,42.896,-78.823,Robbery
29901,30974,3,42.886,-78.843,Theft
29905,30978,3,42.835,-78.809,Theft
29907,30980,3,42.898,-78.807,Theft
29915,30988,3,42.851,-78.803,Theft
29928,31001,3,42.872,-78.845,Assault
29929,31002,3,42.857,-78.833,Theft
29932,31005,3,42.898,-78.817,Assault
29943,31016,3,42.876,-78.816,Assault
29964,31037,3,42.834,-78.803,Theft of Vehicle
29965,31038,3,42.857,-78.829,Robbery
29969,31042,3,42.843,-78.809,Theft
29974,31047,3,42.897,-78.809,Theft
29975,31048,3,42.884,-78.845,Theft
29978,31051,3,42.892,-78.827,Assault
29983,31056,3,42.877,-78.848,Breaking & Entering
29989,31062,3,42.858,-78.831,Theft
30005,31078,3,42.896,-78.82,Assault
30006,31079,3,42.89,-78.836,Assault
30008,31081,3,42.893,-78.831,Breaking & Entering
30009,31082,3,42.898,-78.807,Assault
30010,31083,3,42.853,-78.824,Assault
30015,31088,3,42.894,-78.825,Theft
30023,31096,3,42.872,-78.834,Breaking & Entering
30026,31099,3,42.896,-78.815,Theft of Vehicle
30039,31113,3,42.893,-78.834,Robbery
30050,31124,3,42.855,-78.81,Assault
30051,31125,3,42.891,-78.84,Assault
30053,31127,3,42.893,-78.808,Theft
30065,31139,3,42.857,-78.812,Theft
30075,31149,3,42.872,-78.843,Assault
30086,31160,3,42.853,-78.808,Assault
30094,31168,3,42.876,-78.828,Assault
30098,31172,3,42.875,-78.85,Theft
30099,31173,3,42.888,-78.814,Robbery
30102,31176,3,42.872,-78.832,Breaking & Entering
30110,31184,3,42.872,-78.804,Breaking & Entering
30112,31186,3,42.843,-78.824,Theft
30114,31188,3,42.858,-78.831,Theft
30117,31192,3,42.897,-78.838,Sexual Assault
30118,31193,3,42.896,-78.817,Theft
30120,31195,3,42.851,-78.81,Assault
30122,31197,3,42.86,-78.815,Assault
30130,31205,3,42.897,-78.816,Assault
30133,31208,3,42.896,-78.837,Assault
30134,31209,3,42.895,-78.825,Robbery
30138,31214,3,42.859,-78.806,Robbery
30139,31215,3,42.897,-78.822,Breaking & Entering
30140,31216,3,42.873,-78.844,Assault
30141,31217,3,42.883,-78.835,Breaking & Entering
30145,31222,3,42.894,-78.804,Theft
30159,31236,3,42.837,-78.82,Theft
30163,31240,3,42.897,-78.838,Theft
30179,31256,3,42.89,-78.804,Assault
30185,31262,3,42.886,-78.842,Assault
30189,31266,3,42.895,-78.826,Theft
30190,31267,3,42.885,-78.839,Theft
30209,31287,3,42.886,-78.847,Assault
30212,31290,3,42.872,-78.811,Theft
30222,31300,3,42.888,-78.811,Assault
30225,31303,3,42.834,-78.808,Breaking & Entering
30226,31304,3,42.896,-78.841,Breaking & Entering
30233,31311,3,42.857,-78.824,Theft
30240,31318,3,42.88,-78.831,Theft
30243,31321,3,42.855,-78.812,Theft
30256,31334,3,42.868,-78.851,Assault
30257,31335,3,42.865,-78.837,Theft
30266,31344,3,42.889,-78.814,Theft
30271,31349,3,42.896,-78.835,Breaking & Entering
30272,31350,3,42.857,-78.812,Theft
30273,31351,3,42.856,-78.811,Assault
30275,31353,3,42.886,-78.839,Theft
30277,31355,3,42.854,-78.809,Assault
30281,31359,3,42.884,-78.834,Theft
30290,31368,3,42.856,-78.829,Breaking & Entering
30292,31370,3,42.873,-78.819,Robbery
30293,31371,3,42.858,-78.831,Theft
30303,31381,3,42.853,-78.804,Assault
30312,31390,3,42.856,-78.822,Theft of Vehicle
30323,31401,3,42.878,-78.849,Breaking & Entering
30329,31407,3,42.858,-78.831,Theft
30330,31408,3,42.832,-78.815,Theft
30334,31412,3,42.856,-78.824,Theft
30339,31418,3,42.894,-78.806,Theft
30340,31419,3,42.856,-78.809,Theft
30343,31422,3,42.848,-78.829,Theft of Vehicle
30351,31430,3,42.886,-78.808,Theft
30375,31454,3,42.896,-78.839,Robbery
30380,31459,3,42.849,-78.863,Theft
30381,31460,3,42.871,-78.829,Assault
30391,31470,3,42.846,-78.821,Theft of Vehicle
30393,31472,3,42.852,-78.809,Assault
30397,31476,3,42.837,-78.812,Assault
30399,31478,3,42.848,-78.813,Theft
30404,31483,3,42.886,-78.839,Theft
30406,31485,3,42.845,-78.824,Theft
30409,31488,3,42.841,-78.824,Theft
30420,31500,3,42.854,-78.833,Theft
30425,31505,3,42.844,-78.811,Theft
30433,31513,3,42.858,-78.831,Theft
30442,31522,3,42.844,-78.822,Assault
30443,31523,3,42.898,-78.835,Assault
30444,31525,3,42.855,-78.807,Assault
30449,31530,3,42.874,-78.827,Theft
30453,31535,3,42.855,-78.81,Theft
30459,31541,3,42.871,-78.834,Assault
30462,31544,3,42.882,-78.848,Assault
30465,31547,3,42.854,-78.803,Breaking & Entering
30479,31561,3,42.848,-78.812,Theft
30494,31576,3,42.869,-78.802,Theft
30495,31577,3,42.87,-78.801,Theft
30497,31579,3,42.873,-78.802,Other Sexual Offense
30507,31589,3,42.898,-78.814,Theft
30508,31590,3,42.883,-78.849,Breaking & Entering
30512,31594,3,42.891,-78.83,Other Sexual Offense
30517,31599,3,42.892,-78.835,Theft of Vehicle
30530,31612,3,42.883,-78.836,Theft
30531,31613,3,42.897,-78.816,Assault
30544,31626,3,42.891,-78.801,Breaking & Entering
30547,31629,3,42.858,-78.831,Theft
30548,31630,3,42.854,-78.808,Theft
30550,31632,3,42.869,-78.81,Theft
30551,31633,3,42.898,-78.807,Theft
30557,31639,3,42.857,-78.824,Theft
30565,31647,3,42.856,-78.806,Assault
30566,31648,3,42.89,-78.811,Theft
30569,31651,3,42.875,-78.804,Assault
30582,31664,3,42.833,-78.823,Breaking & Entering
30584,31666,3,42.857,-78.803,Theft of Vehicle
30587,31669,3,42.899,-78.836,Breaking & Entering
30596,31679,3,42.895,-78.819,Assault
30598,31681,3,42.855,-78.809,Assault
30616,31699,3,42.834,-78.821,Theft
30618,31701,3,42.884,-78.829,Theft
30619,31702,3,42.859,-78.809,Theft
30621,31704,3,42.841,-78.824,Robbery
30635,31718,3,42.891,-78.805,Assault
30640,31723,3,42.86,-78.825,Theft
30657,31740,3,42.851,-78.806,Assault
30680,31764,3,42.888,-78.806,Theft
30685,31769,3,42.851,-78.805,Breaking & Entering
30693,31777,3,42.848,-78.829,Breaking & Entering
30696,31780,3,42.895,-78.839,Breaking & Entering
30707,31792,3,42.856,-78.811,Assault
30709,31794,3,42.848,-78.824,Theft
30720,31805,3,42.872,-78.845,Assault
30721,31806,3,42.895,-78.832,Robbery
30722,31807,3,42.889,-78.804,Assault
30724,31809,3,42.898,-78.809,Theft
30732,31817,3,42.85,-78.832,Breaking & Entering
30737,31822,3,42.895,-78.818,Theft
30758,31843,3,42.898,-78.815,Assault
30778,31864,3,42.857,-78.829,Theft
30794,31880,3,42.892,-78.825,Assault
30799,31886,3,42.855,-78.825,Theft
30805,31892,3,42.852,-78.813,Assault
30808,31895,3,42.862,-78.815,Theft
30822,31909,3,42.872,-78.809,Theft
30827,31914,3,42.87,-78.811,Theft
30833,31920,3,42.832,-78.815,Theft
30841,31928,3,42.854,-78.818,Breaking & Entering
30842,31929,3,42.876,-78.83,Breaking & Entering
30843,31930,3,42.849,-78.828,Theft
30854,31941,3,42.883,-78.849,Theft
30859,31946,3,42.885,-78.84,Theft
30876,31963,3,42.848,-78.824,Other Sexual Offense
30878,31965,3,42.892,-78.801,Breaking & Entering
30882,31969,3,42.855,-78.825,Breaking & Entering
30886,31974,3,42.897,-78.816,Theft of Vehicle
30889,31977,3,42.862,-78.812,Theft
30893,31981,3,42.884,-78.843,Breaking & Entering
30901,31989,3,42.87,-78.805,Assault
30904,31992,3,42.85,-78.812,Assault
30906,31994,3,42.842,-78.829,Breaking & Entering
30912,32000,3,42.851,-78.824,Theft
30914,32002,3,42.895,-78.805,Assault
30917,32005,3,42.872,-78.838,Theft
30919,32007,3,42.853,-78.804,Theft
30923,32011,3,42.86,-78.816,Assault
30931,32019,3,42.856,-78.814,Breaking & Entering
30934,32022,3,42.895,-78.82,Robbery
30936,32024,3,42.863,-78.818,Assault
30951,32041,3,42.897,-78.815,Assault
30952,32042,3,42.833,-78.823,Theft
30953,32043,3,42.837,-78.823,Theft of Vehicle
30959,32049,3,42.893,-78.836,Assault
30970,32060,3,42.898,-78.807,Theft
30974,32064,3,42.897,-78.802,Assault
30975,32065,3,42.896,-78.801,Theft
30977,32067,3,42.88,-78.834,Breaking & Entering
30985,32075,3,42.885,-78.824,Breaking & Entering
30993,32083,3,42.871,-78.808,Theft
31003,32093,3,42.889,-78.836,Theft
31007,32097,3,42.887,-78.804,Theft
31019,32109,3,42.893,-78.837,Theft
31032,32123,3,42.847,-78.801,Assault
31037,32128,3,42.851,-78.803,Breaking & Entering
31041,32132,3,42.889,-78.835,Theft
31044,32135,3,42.892,-78.832,Assault
31051,32142,3,42.854,-78.829,Assault
31057,32148,3,42.871,-78.831,Breaking & Entering
31058,32149,3,42.867,-78.823,Breaking & Entering
31061,32152,3,42.856,-78.833,Theft
31062,32153,3,42.854,-78.812,Theft
31070,32161,3,42.873,-78.809,Theft of Vehicle
31072,32163,3,42.884,-78.833,Theft
31073,32164,3,42.855,-78.833,Theft of Vehicle
31074,32165,3,42.89,-78.812,Theft
31084,32175,3,42.885,-78.814,Theft
31094,32185,3,42.871,-78.851,Breaking & Entering
31099,32190,3,42.851,-78.828,Theft
31100,32191,3,42.85,-78.822,Theft
31113,32204,3,42.868,-78.806,Breaking & Entering
31126,32217,3,42.853,-78.829,Theft of Vehicle
31137,32229,3,42.848,-78.824,Assault
31139,32231,3,42.871,-78.831,Assault
31154,32246,3,42.873,-78.803,Robbery
31156,32248,3,42.846,-78.821,Theft
31163,32255,3,42.861,-78.817,Breaking & Entering
31165,32257,3,42.895,-78.828,Theft
31177,32269,3,42.85,-78.801,Theft of Vehicle
31179,32271,3,42.854,-78.801,Breaking & Entering
31197,32289,3,42.89,-78.84,Theft
31201,32293,3,42.872,-78.811,Theft
31213,32305,3,42.888,-78.837,Assault
31217,32309,3,42.882,-78.835,Theft
31222,32314,3,42.846,-78.819,Theft
31238,32330,3,42.894,-78.819,Breaking & Entering
31239,32331,3,42.86,-78.809,Other Sexual Offense
31242,32334,3,42.891,-78.809,Breaking & Entering
31245,32337,3,42.886,-78.811,Breaking & Entering
31252,32344,3,42.896,-78.816,Assault
31274,32367,3,42.866,-78.823,Assault
31278,32371,3,42.848,-78.812,Assault
31281,32374,3,42.889,-78.803,Assault
31283,32376,3,42.896,-78.824,Assault
31287,32380,3,42.87,-78.836,Assault
31288,32381,3,42.896,-78.822,Theft
31290,32383,3,42.893,-78.838,Theft of Vehicle
31297,32390,3,42.897,-78.814,Robbery
31303,32396,3,42.895,-78.82,Assault
31309,32402,3,42.837,-78.826,Assault
31311,32404,3,42.899,-78.836,Assault
31316,32409,3,42.855,-78.826,Assault
31324,32417,3,42.856,-78.831,Assault
31326,32419,3,42.871,-78.808,Other Sexual Offense
31330,32423,3,42.891,-78.826,Theft
31344,32437,3,42.886,-78.839,Assault
31349,32442,3,42.886,-78.805,Theft
31350,32443,3,42.893,-78.821,Assault
31355,32448,3,42.898,-78.818,Theft
31356,32449,3,42.876,-78.825,Assault
31376,32469,3,42.853,-78.824,Assault
31380,32473,3,42.858,-78.808,Other Sexual Offense
31382,32475,3,42.837,-78.824,Assault
31385,32478,3,42.896,-78.836,Breaking & Entering
31398,32491,3,42.899,-78.822,Robbery
31399,32492,3,42.893,-78.819,Breaking & Entering
31405,32498,3,42.889,-78.815,Breaking & Entering
31414,32507,3,42.891,-78.807,Theft of Vehicle
31419,32512,3,42.855,-78.81,Assault
31421,32514,3,42.855,-78.81,Theft
31424,32517,3,42.849,-78.825,Theft
31425,32518,3,42.888,-78.814,Assault
31426,32519,3,42.899,-78.821,Breaking & Entering
31427,32520,3,42.892,-78.83,Theft
31429,32522,3,42.86,-78.807,Breaking & Entering
31433,32526,3,42.858,-78.831,Theft
31434,32527,3,42.899,-78.839,Breaking & Entering
31438,32531,3,42.895,-78.809,Theft of Vehicle
31447,32540,3,42.894,-78.83,Theft
31450,32543,3,42.858,-78.805,Theft
31451,32544,3,42.87,-78.805,Assault
31460,32553,3,42.847,-78.832,Theft
31462,32555,3,42.877,-78.817,Theft of Vehicle
31464,32557,3,42.887,-78.837,Assault
31466,32559,3,42.892,-78.838,Theft
31479,32572,3,42.855,-78.808,Assault
31482,32575,3,42.872,-78.811,Theft
31484,32577,3,42.881,-78.836,Theft
31491,32584,3,42.894,-78.833,Theft
31492,32585,3,42.843,-78.822,Breaking & Entering
31497,32590,3,42.894,-78.809,Other Sexual Offense
31498,32591,3,42.848,-78.812,Assault
31504,32597,3,42.894,-78.842,Theft
31507,32600,3,42.891,-78.826,Theft
31508,32601,3,42.894,-78.833,Assault
31511,32604,3,42.891,-78.801,Theft
31512,32605,3,42.854,-78.808,Assault
31515,32609,3,42.849,-78.803,Assault
31523,32618,3,42.857,-78.808,Assault
31531,32626,3,42.839,-78.816,Theft
31544,32639,3,42.858,-78.83,Theft
31550,32645,3,42.896,-78.833,Assault
31554,32649,3,42.858,-78.808,Theft of Vehicle
31558,32653,3,42.845,-78.824,Theft
31563,32658,3,42.884,-78.833,Theft
31581,32677,3,42.893,-78.837,Robbery
31588,32684,3,42.862,-78.815,Theft
31591,32687,3,42.854,-78.827,Assault
31598,32694,3,42.893,-78.839,Theft
31607,32703,3,42.891,-78.836,Assault
31615,32711,3,42.894,-78.807,Assault
31616,32712,3,42.858,-78.813,Theft
31625,32721,3,42.872,-78.811,Theft
31631,32727,3,42.894,-78.832,Theft
31634,32730,3,42.89,-78.837,Assault
31637,32733,3,42.872,-78.804,Theft
31638,32734,3,42.894,-78.823,Breaking & Entering
31640,32736,3,42.889,-78.803,Breaking & Entering
31646,32742,3,42.878,-78.834,Robbery
31654,32750,3,42.868,-78.809,Breaking & Entering
31655,32751,3,42.85,-78.83,Theft
31656,32752,3,42.89,-78.8,Breaking & Entering
31662,32758,3,42.898,-78.822,Breaking & Entering
31671,32767,3,42.844,-78.824,Theft of Vehicle
31675,32771,3,42.896,-78.816,Theft
31678,32774,3,42.857,-78.809,Assault
31680,32776,3,42.885,-78.814,Theft
31687,32783,3,42.896,-78.836,Breaking & Entering
31694,32790,3,42.854,-78.826,Theft
31699,32795,3,42.848,-78.824,Assault
31714,32810,3,42.893,-78.83,Theft
31720,32816,3,42.882,-78.834,Theft
31725,32821,3,42.886,-78.812,Theft
31748,32844,3,42.878,-78.837,Robbery
31749,32845,3,42.859,-78.811,Breaking & Entering
31753,32849,3,42.867,-78.847,Assault
31756,32852,3,42.862,-78.813,Assault
31762,32858,3,42.863,-78.825,Breaking & Entering
31764,32860,3,42.858,-78.823,Theft
31776,32872,3,42.85,-78.803,Breaking & Entering
31778,32874,3,42.845,-78.824,Theft
31783,32879,3,42.872,-78.844,Breaking & Entering
31787,32883,3,42.844,-78.824,Theft
31789,32885,3,42.851,-78.827,Theft
31790,32886,3,42.891,-78.834,Breaking & Entering
31793,32889,3,42.845,-78.811,Theft
31796,32892,3,42.848,-78.812,Theft
31804,32900,3,42.854,-78.809,Breaking & Entering
31815,32912,3,42.896,-78.82,Robbery
31842,32939,3,42.88,-78.814,Theft
31847,32944,3,42.837,-78.824,Breaking & Entering
31849,32946,3,42.896,-78.822,Assault
31867,32964,3,42.838,-78.819,Breaking & Entering
31869,32966,3,42.884,-78.841,Assault
31876,32973,3,42.888,-78.814,Theft
31890,32987,3,42.841,-78.825,Theft of Vehicle
31891,32988,3,42.882,-78.841,Theft
31892,32989,3,42.892,-78.83,Breaking & Entering
31897,32994,3,42.85,-78.803,Theft
31899,32996,3,42.858,-78.833,Theft
31900,32997,3,42.872,-78.82,Assault
31913,33010,3,42.888,-78.8,Assault
31914,33011,3,42.894,-78.803,Breaking & Entering
31917,33014,3,42.843,-78.826,Theft
31928,33025,3,42.889,-78.811,Breaking & Entering
31931,33028,3,42.846,-78.817,Theft
31933,33030,3,42.899,-78.823,Breaking & Entering
31945,33043,3,42.877,-78.828,Theft
31948,33046,3,42.851,-78.829,Assault
31949,33047,3,42.849,-78.814,Theft
31952,33050,3,42.899,-78.832,Theft
31960,33058,3,42.872,-78.803,Theft
31961,33059,3,42.896,-78.822,Sexual Assault
31965,33063,3,42.869,-78.832,Breaking & Entering
31971,33070,3,42.85,-78.816,Theft
31974,33073,3,42.871,-78.849,Theft of Vehicle
31981,33080,3,42.883,-78.802,Theft
31984,33083,3,42.839,-78.824,Theft
31987,33086,3,42.857,-78.812,Theft
31993,33092,3,42.895,-78.841,Breaking & Entering
31994,33093,3,42.882,-78.801,Theft
31997,33096,3,42.893,-78.821,Breaking & Entering
31998,33097,3,42.897,-78.801,Sexual Assault
32010,33110,3,42.878,-78.846,Robbery
32013,33113,3,42.873,-78.806,Assault
32015,33115,3,42.898,-78.807,Robbery
32017,33117,3,42.887,-78.809,Assault
32022,33122,3,42.868,-78.809,Theft of Vehicle
32031,33131,3,42.896,-78.84,Breaking & Entering
32034,33134,3,42.859,-78.814,Theft of Vehicle
32035,33136,3,42.846,-78.832,Theft
32041,33142,3,42.899,-78.823,Breaking & Entering
32042,33143,3,42.892,-78.832,Breaking & Entering
32051,33152,3,42.88,-78.835,Theft of Vehicle
32052,33153,3,42.885,-78.838,Theft
32056,33157,3,42.898,-78.807,Theft
32058,33159,3,42.888,-78.813,Theft
32061,33163,3,42.897,-78.801,Assault
32062,33164,3,42.855,-78.816,Theft
32063,33165,3,42.888,-78.838,Breaking & Entering
32064,33166,3,42.834,-78.816,Assault
32072,33174,3,42.885,-78.809,Theft
32073,33175,3,42.896,-78.805,Theft of Vehicle
32080,33182,3,42.897,-78.814,Theft
32089,33192,3,42.864,-78.823,Breaking & Entering
32090,33193,3,42.895,-78.832,Robbery
32096,33199,3,42.895,-78.825,Theft
32098,33201,3,42.86,-78.815,Assault
32103,33206,3,42.88,-78.841,Assault
32112,33215,3,42.894,-78.836,Theft
32115,33218,3,42.898,-78.815,Theft
32118,33221,3,42.872,-78.821,Breaking & Entering
32128,33232,3,42.88,-78.844,Theft
32140,33244,3,42.884,-78.829,Theft
32145,33250,3,42.892,-78.832,Assault
32153,33258,3,42.897,-78.818,Theft
32168,33274,3,42.891,-78.831,Theft
32170,33276,3,42.839,-78.812,Assault
32173,33279,3,42.892,-78.835,Breaking & Entering
32174,33280,3,42.86,-78.806,Theft
32184,33290,3,42.85,-78.832,Assault
32195,33301,3,42.852,-78.823,Assault
32201,33307,3,42.88,-78.841,Breaking & Entering
32210,33316,3,42.849,-78.828,Theft
32211,33317,3,42.842,-78.829,Assault
32217,33323,3,42.851,-78.801,Theft
32230,33336,3,42.895,-78.829,Theft of Vehicle
32231,33337,3,42.832,-78.806,Theft
32233,33339,3,42.874,-78.803,Theft
32238,33344,3,42.849,-78.803,Assault
32247,33353,3,42.862,-78.818,Robbery
32250,33356,3,42.858,-78.831,Theft
32257,33363,3,42.859,-78.815,Assault
32264,33370,3,42.891,-78.826,Theft of Vehicle
32271,33378,3,42.889,-78.801,Breaking & Entering
32279,33386,3,42.894,-78.837,Robbery
32280,33387,3,42.848,-78.824,Theft
32286,33393,3,42.874,-78.844,Theft
32289,33396,3,42.854,-78.808,Theft
32290,33397,3,42.837,-78.812,Theft of Vehicle
32303,33411,3,42.877,-78.802,Sexual Assault
32305,33413,3,42.857,-78.833,Breaking & Entering
32306,33415,3,42.871,-78.834,Other Sexual Offense
32308,33417,3,42.861,-78.82,Assault
32315,33424,3,42.854,-78.804,Robbery
32332,33441,3,42.893,-78.837,Assault
32335,33444,3,42.899,-78.839,Theft
32336,33445,3,42.897,-78.841,Assault
32354,33463,3,42.893,-78.842,Assault
32359,33468,3,42.837,-78.81,Theft
32360,33469,3,42.886,-78.805,Assault
32361,33470,3,42.844,-78.828,Theft
32362,33471,3,42.883,-78.835,Theft
32365,33474,3,42.873,-78.803,Breaking & Entering
32371,33480,3,42.899,-78.81,Theft
32372,33481,3,42.899,-78.836,Theft
32375,33484,3,42.856,-78.827,Assault
32384,33494,3,42.883,-78.844,Theft
32394,33504,3,42.874,-78.806,Breaking & Entering
32396,33506,3,42.841,-78.818,Theft of Vehicle
32402,33512,3,42.833,-78.821,Breaking & Entering
32403,33513,3,42.85,-78.815,Theft
32410,33520,3,42.885,-78.814,Breaking & Entering
32415,33525,3,42.893,-78.831,Theft
32418,33528,3,42.887,-78.839,Theft of Vehicle
32419,33529,3,42.873,-78.821,Theft
32421,33531,3,42.846,-78.821,Breaking & Entering
32423,33534,3,42.858,-78.831,Theft
32428,33539,3,42.85,-78.823,Breaking & Entering
32430,33541,3,42.86,-78.822,Theft
32433,33544,3,42.89,-78.845,Homicide
32434,33545,3,42.87,-78.833,Theft
32446,33557,3,42.871,-78.802,Breaking & Entering
32452,33563,3,42.839,-78.819,Theft
32454,33565,3,42.897,-78.823,Breaking & Entering
32455,33566,3,42.87,-78.834,Assault
32464,33575,3,42.898,-78.836,Theft
32469,33580,3,42.883,-78.839,Theft
32471,33582,3,42.851,-78.813,Theft
32477,33588,3,42.85,-78.803,Theft
32478,33589,3,42.899,-78.836,Theft of Vehicle
32481,33593,3,42.847,-78.814,Theft
32482,33594,3,42.885,-78.839,Theft of Vehicle
32495,33607,3,42.87,-78.847,Theft
32496,33608,3,42.84,-78.818,Theft
32507,33619,3,42.895,-78.827,Assault
32515,33627,3,42.848,-78.812,Assault
32521,33633,3,42.853,-78.806,Theft
32522,33634,3,42.893,-78.841,Theft
32523,33635,3,42.847,-78.832,Theft of Vehicle
32525,33637,3,42.892,-78.83,Breaking & Entering
32541,33653,3,42.857,-78.812,Theft
32544,33656,3,42.871,-78.852,Assault
32553,33665,3,42.854,-78.832,Assault
32557,33669,3,42.853,-78.804,Theft
32558,33670,3,42.899,-78.819,Theft of Vehicle
32565,33677,3,42.889,-78.816,Breaking & Entering
32568,33680,3,42.851,-78.809,Breaking & Entering
32569,33681,3,42.858,-78.833,Theft
32570,33682,3,42.892,-78.83,Breaking & Entering
32571,33683,3,42.872,-78.807,Theft
32573,33685,3,42.894,-78.822,Theft of Vehicle
32575,33687,3,42.857,-78.815,Theft
32582,33694,3,42.889,-78.838,Assault
32586,33698,3,42.869,-78.851,Breaking & Entering
32595,33707,3,42.888,-78.836,Theft
32598,33710,3,42.863,-78.818,Assault
32600,33712,3,42.887,-78.837,Breaking & Entering
32608,33720,3,42.874,-78.803,Other Sexual Offense
32609,33721,3,42.86,-78.815,Breaking & Entering
32610,33722,3,42.894,-78.809,Assault
32614,33726,3,42.833,-78.813,Assault
32617,33729,3,42.859,-78.829,Theft
32620,33732,3,42.897,-78.816,Breaking & Entering
32621,33733,3,42.862,-78.813,Breaking & Entering
32641,33753,3,42.837,-78.814,Theft
32644,33756,3,42.855,-78.826,Breaking & Entering
32646,33758,3,42.836,-78.802,Theft
32661,33773,3,42.858,-78.825,Robbery
32662,33774,3,42.852,-78.81,Theft
32673,33785,3,42.851,-78.806,Theft
32676,33788,3,42.897,-78.826,Breaking & Entering
32682,33794,3,42.896,-78.826,Theft
32683,33795,3,42.898,-78.834,Theft
32688,33800,3,42.855,-78.833,Breaking & Entering
32692,33804,3,42.899,-78.815,Assault
32694,33806,3,42.898,-78.803,Theft
32704,33816,3,42.86,-78.819,Theft
32709,33821,3,42.844,-78.83,Assault
32710,33822,3,42.847,-78.823,Theft of Vehicle
32713,33826,3,42.86,-78.818,Theft
32714,33827,3,42.887,-78.814,Assault
32717,33830,3,42.896,-78.824,Assault
32718,33831,3,42.867,-78.846,Theft
32719,33832,3,42.878,-78.85,Theft
32726,33839,3,42.899,-78.823,Theft
32728,33841,3,42.843,-78.82,Breaking & Entering
32732,33845,3,42.855,-78.826,Breaking & Entering
32734,33847,3,42.888,-78.837,Breaking & Entering
32736,33849,3,42.86,-78.825,Theft of Vehicle
32739,33852,3,42.853,-78.801,Theft
32740,33853,3,42.892,-78.824,Breaking & Entering
32745,33858,3,42.889,-78.816,Theft
32753,33866,3,42.88,-78.841,Theft
32757,33870,3,42.857,-78.817,Theft
32761,33874,3,42.865,-78.849,Theft
32763,33876,3,42.895,-78.817,Breaking & Entering
32769,33882,3,42.892,-78.838,Theft
32771,33884,3,42.869,-78.85,Theft of Vehicle
32772,33885,3,42.842,-78.814,Theft
32773,33886,3,42.845,-78.824,Theft of Vehicle
32787,33900,3,42.89,-78.806,Breaking & Entering
32793,33906,3,42.851,-78.806,Theft
32795,33908,3,42.862,-78.82,Theft
32798,33911,3,42.843,-78.828,Robbery
32801,33914,3,42.868,-78.807,Theft
32807,33920,3,42.894,-78.819,Breaking & Entering
32812,33925,3,42.898,-78.807,Theft
32825,33938,3,42.887,-78.803,Theft
32839,33952,3,42.874,-78.805,Theft of Vehicle
32853,33968,3,42.855,-78.801,Theft
32859,33974,3,42.855,-78.826,Assault
32887,34002,3,42.856,-78.833,Other Sexual Offense
32892,34007,3,42.872,-78.815,Assault
32909,34024,3,42.832,-78.833,Theft
32911,34026,3,42.89,-78.838,Theft
32913,34028,3,42.854,-78.808,Assault
32916,34031,3,42.873,-78.827,Theft of Vehicle
32922,34037,3,42.854,-78.829,Assault
32925,34040,3,42.89,-78.835,Breaking & Entering
32926,34041,3,42.893,-78.839,Theft
32930,34045,3,42.878,-78.808,Theft
32932,34047,3,42.894,-78.835,Theft of Vehicle
32933,34048,3,42.84,-78.804,Theft
32935,34050,3,42.845,-78.836,Theft
32943,34058,3,42.878,-78.847,Breaking & Entering
32948,34063,3,42.883,-78.842,Theft
32950,34065,3,42.888,-78.836,Theft
32951,34066,3,42.854,-78.808,Theft
32952,34067,3,42.848,-78.832,Theft
32961,34076,3,42.869,-78.808,Breaking & Entering
32966,34082,3,42.895,-78.83,Theft
32971,34087,3,42.865,-78.837,Theft
32977,34094,3,42.869,-78.846,Theft
32985,34102,3,42.896,-78.838,Breaking & Entering
32998,34115,3,42.85,-78.815,Theft
32999,34116,3,42.86,-78.825,Theft
33006,34123,3,42.859,-78.825,Breaking & Entering
33009,34126,3,42.873,-78.81,Theft of Vehicle
33010,34127,3,42.889,-78.837,Assault
33011,34128,3,42.857,-78.806,Breaking & Entering
33013,34130,3,42.833,-78.819,Assault
33025,34142,3,42.878,-78.834,Assault
33032,34149,3,42.899,-78.836,Assault
33038,34155,3,42.843,-78.816,Theft
33042,34159,3,42.894,-78.808,Theft
33044,34161,3,42.891,-78.833,Theft
33050,34167,3,42.899,-78.819,Robbery
33053,34170,3,42.85,-78.803,Theft
33059,34176,3,42.87,-78.828,Theft
33061,34178,3,42.867,-78.823,Breaking & Entering
33075,34193,3,42.837,-78.824,Breaking & Entering
33076,34194,3,42.886,-78.805,Theft
33083,34201,3,42.889,-78.808,Assault
33089,34207,3,42.893,-78.837,Assault
33094,34212,3,42.845,-78.824,Theft
33099,34217,3,42.848,-78.823,Breaking & Entering
33100,34218,3,42.854,-78.803,Breaking & Entering
33105,34223,3,42.849,-78.827,Theft
33109,34227,3,42.85,-78.804,Assault
33114,34232,3,42.893,-78.84,Breaking & Entering
33118,34236,3,42.875,-78.829,Theft
33119,34237,3,42.855,-78.83,Breaking & Entering
33123,34241,3,42.885,-78.814,Assault
33124,34242,3,42.871,-78.815,Theft of Vehicle
33125,34243,3,42.85,-78.815,Theft
33130,34248,3,42.884,-78.835,Breaking & Entering
33136,34254,3,42.895,-78.82,Theft of Vehicle
33149,34267,3,42.894,-78.821,Assault
33150,34268,3,42.873,-78.802,Theft
33152,34270,3,42.896,-78.82,Assault
33162,34280,3,42.898,-78.836,Assault
33167,34285,3,42.892,-78.832,Theft
33173,34291,3,42.852,-78.822,Breaking & Entering
33188,34306,3,42.88,-78.839,Assault
33202,34320,3,42.872,-78.833,Assault
33210,34328,3,42.898,-78.819,Breaking & Entering
33219,34337,3,42.85,-78.803,Theft
33221,34341,3,42.84,-78.818,Assault
33224,34344,3,42.854,-78.834,Theft
33232,34352,3,42.857,-78.814,Breaking & Entering
33233,34353,3,42.851,-78.805,Breaking & Entering
33237,34357,3,42.837,-78.823,Theft
33241,34361,3,42.856,-78.815,Theft of Vehicle
33243,34363,3,42.888,-78.8,Assault
33244,34364,3,42.899,-78.823,Breaking & Entering
33246,34366,3,42.859,-78.817,Theft
33250,34370,3,42.886,-78.805,Theft
33255,34375,3,42.895,-78.816,Breaking & Entering
33262,34382,3,42.887,-78.812,Breaking & Entering
33266,34386,3,42.892,-78.826,Breaking & Entering
33268,34388,3,42.839,-78.817,Assault
33275,34395,3,42.899,-78.815,Theft
33276,34396,3,42.841,-78.824,Theft
33281,34401,3,42.898,-78.836,Theft
33282,34402,3,42.898,-78.815,Breaking & Entering
33284,34404,3,42.894,-78.822,Theft of Vehicle
33287,34407,3,42.842,-78.821,Assault
33289,34409,3,42.852,-78.801,Assault
33294,34414,3,42.881,-78.836,Homicide
33301,34421,3,42.855,-78.828,Theft
33307,34427,3,42.897,-78.832,Breaking & Entering
33312,34432,3,42.86,-78.815,Assault
33314,34434,3,42.893,-78.802,Theft
33316,34436,3,42.896,-78.806,Theft
33318,34438,3,42.858,-78.823,Breaking & Entering
33321,34441,3,42.895,-78.819,Theft
33325,34445,3,42.892,-78.833,Theft
33327,34447,3,42.891,-78.831,Theft of Vehicle
33334,34454,3,42.869,-78.832,Assault
33339,34459,3,42.893,-78.823,Breaking & Entering
33340,34460,3,42.848,-78.802,Breaking & Entering
33345,34465,3,42.893,-78.837,Theft
33355,34475,3,42.891,-78.811,Robbery
33369,34490,3,42.898,-78.82,Breaking & Entering
33378,34499,3,42.881,-78.835,Breaking & Entering
33383,34504,3,42.886,-78.84,Breaking & Entering
33390,34511,3,42.889,-78.837,Theft
33402,34524,3,42.887,-78.838,Robbery
33405,34527,3,42.888,-78.809,Breaking & Entering
33413,34535,3,42.857,-78.824,Theft
33424,34546,3,42.844,-78.824,Theft
33426,34548,3,42.879,-78.835,Breaking & Entering
33430,34552,3,42.899,-78.837,Theft
33435,34558,3,42.885,-78.808,Theft of Vehicle
33437,34560,3,42.885,-78.839,Robbery
33449,34572,3,42.882,-78.836,Breaking & Entering
33450,34573,3,42.898,-78.836,Homicide
33452,34575,3,42.856,-78.808,Theft
33468,34591,3,42.89,-78.811,Breaking & Entering
33470,34593,3,42.892,-78.835,Breaking & Entering
33484,34607,3,42.842,-78.809,Breaking & Entering
33489,34612,3,42.875,-78.825,Breaking & Entering
33491,34614,3,42.849,-78.822,Breaking & Entering
33492,34615,3,42.862,-78.815,Theft
33493,34616,3,42.873,-78.81,Breaking & Entering
33497,34620,3,42.889,-78.808,Theft
33501,34625,3,42.887,-78.842,Breaking & Entering
33507,34631,3,42.875,-78.82,Assault
33537,34662,3,42.874,-78.81,Theft
33538,34663,3,42.869,-78.846,Theft
33547,34672,3,42.857,-78.824,Theft
33549,34675,3,42.885,-78.807,Breaking & Entering
33554,34680,3,42.886,-78.808,Assault
33556,34682,3,42.894,-78.825,Theft
33561,34687,3,42.876,-78.83,Theft
33563,34689,3,42.888,-78.837,Assault
33565,34691,3,42.895,-78.836,Assault
33568,34694,3,42.889,-78.808,Theft
33587,34713,3,42.886,-78.81,Theft
33593,34719,3,42.855,-78.827,Theft
33602,34728,3,42.851,-78.828,Theft of Vehicle
33604,34730,3,42.843,-78.831,Robbery
33615,34741,3,42.89,-78.802,Robbery
33616,34742,3,42.89,-78.809,Theft
33622,34748,3,42.89,-78.808,Breaking & Entering
33623,34749,3,42.895,-78.817,Breaking & Entering
33639,34765,3,42.891,-78.808,Robbery
33642,34768,3,42.89,-78.838,Theft
33644,34770,3,42.858,-78.831,Theft
33646,34772,3,42.898,-78.835,Theft
33648,34774,3,42.881,-78.844,Theft
33651,34777,3,42.858,-78.831,Theft
33665,34791,3,42.85,-78.831,Theft
33666,34792,3,42.892,-78.833,Breaking & Entering
33667,34793,3,42.856,-78.813,Theft of Vehicle
33668,34794,3,42.878,-78.848,Robbery
33678,34804,3,42.894,-78.837,Theft
33688,34814,3,42.888,-78.811,Breaking & Entering
33689,34815,3,42.873,-78.824,Breaking & Entering
33691,34817,3,42.886,-78.808,Breaking & Entering
33692,34818,3,42.877,-78.842,Theft of Vehicle
33694,34820,3,42.887,-78.802,Theft
33696,34822,3,42.85,-78.804,Assault
33706,34834,3,42.854,-78.82,Theft of Vehicle
33709,34837,3,42.886,-78.839,Assault
33723,34851,3,42.873,-78.85,Theft
33728,34856,3,42.897,-78.823,Other Sexual Offense
33732,34860,3,42.886,-78.802,Theft
33763,34891,3,42.899,-78.839,Breaking & Entering
33764,34892,3,42.858,-78.826,Assault
33773,34901,3,42.836,-78.807,Theft
33774,34902,3,42.86,-78.816,Theft
33781,34909,3,42.894,-78.821,Breaking & Entering
33783,34911,3,42.896,-78.82,Assault
33787,34915,3,42.848,-78.828,Theft
33788,34916,3,42.848,-78.832,Breaking & Entering
33789,34917,3,42.843,-78.82,Breaking & Entering
33791,34919,3,42.874,-78.81,Other Sexual Offense
33793,34921,3,42.848,-78.802,Breaking & Entering
33795,34923,3,42.893,-78.836,Assault
33796,34924,3,42.853,-78.807,Assault
33804,34932,3,42.869,-78.802,Breaking & Entering
33815,34944,3,42.879,-78.839,Theft
33833,34962,3,42.855,-78.832,Assault
33835,34964,3,42.893,-78.809,Theft
33837,34966,3,42.859,-78.815,Sexual Assault
33839,34968,3,42.896,-78.836,Assault
33841,34970,3,42.859,-78.811,Assault
33862,34992,3,42.85,-78.819,Theft
33865,34995,3,42.846,-78.816,Theft
33866,34996,3,42.871,-78.815,Assault
33877,35007,3,42.868,-78.802,Theft
33880,35010,3,42.896,-78.814,Theft
33895,35026,3,42.856,-78.824,Theft
33919,35050,3,42.851,-78.824,Assault
33920,35051,3,42.881,-78.833,Assault
33921,35052,3,42.86,-78.813,Assault
33923,35054,3,42.859,-78.81,Assault
33932,35063,3,42.855,-78.806,Breaking & Entering
33937,35068,3,42.852,-78.82,Breaking & Entering
33938,35069,3,42.852,-78.816,Theft
33941,35072,3,42.895,-78.824,Theft
33944,35075,3,42.878,-78.837,Theft of Vehicle
33946,35077,3,42.886,-78.844,Assault
33949,35080,3,42.899,-78.824,Theft
33957,35088,3,42.877,-78.852,Breaking & Entering
33962,35094,3,42.886,-78.815,Theft
33963,35095,3,42.891,-78.837,Breaking & Entering
33981,35113,3,42.878,-78.816,Theft
34003,35136,3,42.897,-78.814,Assault
34007,35140,3,42.844,-78.822,Theft
34019,35152,3,42.844,-78.823,Theft
34028,35161,3,42.847,-78.839,Theft
34031,35164,3,42.881,-78.8,Theft
34035,35168,3,42.857,-78.812,Theft
34040,35174,3,42.869,-78.829,Assault
34054,35188,3,42.893,-78.839,Robbery
34058,35192,3,42.858,-78.818,Assault
34064,35198,3,42.874,-78.801,Theft
34067,35201,3,42.89,-78.836,Theft
34068,35203,3,42.85,-78.821,Breaking & Entering
34076,35211,3,42.871,-78.834,Theft of Vehicle
34077,35212,3,42.881,-78.801,Breaking & Entering
34095,35231,3,42.868,-78.802,Theft
34104,35240,3,42.857,-78.818,Theft
34120,35256,3,42.893,-78.841,Theft
34121,35257,3,42.848,-78.824,Theft
34128,35264,3,42.892,-78.824,Assault
34132,35268,3,42.85,-78.825,Robbery
34140,35276,3,42.836,-78.807,Theft of Vehicle
34166,35303,3,42.89,-78.839,Assault
34168,35305,3,42.855,-78.808,Assault
34170,35307,3,42.858,-78.813,Theft
34171,35308,3,42.887,-78.801,Assault
34177,35314,3,42.896,-78.806,Breaking & Entering
34181,35318,3,42.896,-78.83,Theft of Vehicle
34188,35325,3,42.856,-78.812,Theft
34189,35326,3,42.895,-78.802,Theft
34191,35328,3,42.879,-78.84,Assault
34195,35332,3,42.89,-78.812,Breaking & Entering
34201,35338,3,42.853,-78.804,Theft
34203,35340,3,42.871,-78.835,Assault
34209,35346,3,42.885,-78.81,Theft
34213,35351,3,42.836,-78.824,Breaking & Entering
34220,35358,3,42.886,-78.802,Theft
34221,35359,3,42.857,-78.808,Assault
34226,35364,3,42.858,-78.821,Theft
34227,35365,3,42.892,-78.833,Assault
34230,35368,3,42.855,-78.833,Robbery
34232,35370,3,42.854,-78.808,Theft
34235,35373,3,42.882,-78.835,Theft of Vehicle
34238,35377,3,42.854,-78.812,Breaking & Entering
34245,35385,3,42.897,-78.824,Theft of Vehicle
34255,35396,3,42.86,-78.811,Theft
34259,35400,3,42.859,-78.811,Theft
34261,35402,3,42.852,-78.823,Assault
34263,35404,3,42.898,-78.802,Breaking & Entering
34268,35409,3,42.893,-78.814,Breaking & Entering
34274,35415,3,42.873,-78.804,Breaking & Entering
34277,35418,3,42.875,-78.847,Breaking & Entering
34281,35422,3,42.868,-78.85,Theft
34309,35450,3,42.84,-78.82,Theft of Vehicle
34320,35461,3,42.848,-78.802,Breaking & Entering
34324,35465,3,42.853,-78.824,Theft of Vehicle
34327,35468,3,42.888,-78.837,Breaking & Entering
34328,35469,3,42.85,-78.804,Theft
34329,35470,3,42.894,-78.828,Theft
34330,35471,3,42.896,-78.817,Robbery
34342,35483,3,42.854,-78.809,Theft
34343,35484,3,42.855,-78.817,Theft
34348,35489,3,42.847,-78.824,Theft
34355,35496,3,42.857,-78.829,Theft of Vehicle
34360,35501,3,42.853,-78.823,Theft of Vehicle
34362,35503,3,42.858,-78.811,Assault
34364,35505,3,42.858,-78.823,Robbery
34367,35508,3,42.867,-78.848,Breaking & Entering
34372,35513,3,42.893,-78.837,Theft
34385,35526,3,42.895,-78.827,Theft of Vehicle
34387,35529,3,42.88,-78.804,Theft
34393,35535,3,42.848,-78.824,Theft
34402,35544,3,42.834,-78.813,Theft
34403,35545,3,42.876,-78.828,Breaking & Entering
34405,35547,3,42.855,-78.81,Assault
34412,35554,3,42.846,-78.817,Assault
34418,35560,3,42.896,-78.823,Assault
34423,35565,3,42.893,-78.837,Theft
34425,35567,3,42.854,-78.827,Assault
34428,35570,3,42.881,-78.844,Assault
34431,35573,3,42.873,-78.842,Breaking & Entering
34432,35574,3,42.852,-78.826,Other Sexual Offense
34439,35581,3,42.891,-78.831,Theft of Vehicle
34444,35586,3,42.855,-78.806,Theft
34449,35591,3,42.848,-78.824,Assault
34452,35594,3,42.874,-78.8,Theft
34464,35606,3,42.884,-78.839,Assault
34466,35608,3,42.885,-78.847,Theft
34469,35611,3,42.89,-78.815,Assault
34483,35625,3,42.859,-78.826,Theft of Vehicle
34486,35628,3,42.872,-78.834,Theft
34489,35631,3,42.898,-78.833,Theft
34491,35633,3,42.866,-78.829,Theft
34493,35635,3,42.842,-78.827,Theft
34514,35656,3,42.882,-78.836,Assault
34516,35658,3,42.89,-78.806,Theft
34518,35660,3,42.85,-78.812,Assault
34524,35666,3,42.89,-78.801,Robbery
34529,35671,3,42.863,-78.818,Breaking & Entering
34533,35675,3,42.835,-78.807,Assault
34534,35676,3,42.881,-78.801,Theft
34542,35684,3,42.871,-78.835,Breaking & Entering
34545,35687,3,42.897,-78.819,Theft
34563,35705,3,42.886,-78.802,Assault
34566,35708,3,42.859,-78.817,Assault
34582,35726,3,42.894,-78.819,Theft of Vehicle
34585,35729,3,42.848,-78.812,Assault
34594,35738,3,42.87,-78.836,Theft of Vehicle
34609,35753,3,42.855,-78.835,Theft of Vehicle
34610,35754,3,42.873,-78.81,Theft
34614,35758,3,42.873,-78.805,Theft
34624,35769,3,42.865,-78.825,Sexual Assault
34625,35770,3,42.878,-78.847,Theft
34628,35773,3,42.869,-78.839,Breaking & Entering
34629,35774,3,42.848,-78.824,Theft
34633,35778,3,42.89,-78.834,Robbery
34636,35781,3,42.887,-78.815,Theft
34638,35783,3,42.841,-78.824,Theft
34642,35787,3,42.844,-78.808,Theft of Vehicle
34645,35790,3,42.895,-78.807,Theft
34651,35796,3,42.895,-78.819,Theft
34659,35804,3,42.896,-78.819,Assault
34663,35808,3,42.894,-78.809,Theft of Vehicle
34667,35812,3,42.848,-78.813,Assault
34672,35817,3,42.89,-78.8,Breaking & Entering
34674,35819,3,42.872,-78.821,Theft
34676,35821,3,42.894,-78.821,Theft
34678,35823,3,42.852,-78.802,Theft
34682,35827,3,42.874,-78.805,Assault
34688,35833,3,42.833,-78.824,Theft
34690,35835,3,42.858,-78.809,Theft
34692,35837,3,42.867,-78.848,Theft
34700,35845,3,42.876,-78.827,Theft
34704,35849,3,42.859,-78.816,Assault
34710,35855,3,42.846,-78.819,Breaking & Entering
34711,35856,3,42.894,-78.828,Assault
34716,35861,3,42.886,-78.8,Assault
34717,35862,3,42.89,-78.845,Breaking & Entering
34719,35864,3,42.879,-78.843,Assault
34721,35867,3,42.877,-78.842,Theft
34728,35874,3,42.894,-78.834,Theft of Vehicle
34730,35876,3,42.897,-78.823,Theft
34739,35885,3,42.893,-78.828,Breaking & Entering
34746,35892,3,42.882,-78.848,Other Sexual Offense
34750,35896,3,42.876,-78.843,Breaking & Entering
34752,35898,3,42.884,-78.839,Robbery
34775,35921,3,42.894,-78.834,Assault
34786,35932,3,42.868,-78.855,Theft
34788,35934,3,42.888,-78.8,Theft
34797,35943,3,42.869,-78.829,Theft
34800,35946,3,42.858,-78.813,Breaking & Entering
34803,35949,3,42.85,-78.822,Theft
34804,35950,3,42.854,-78.829,Theft
34811,35957,3,42.855,-78.807,Theft
34817,35963,3,42.896,-78.817,Theft of Vehicle
34819,35965,3,42.838,-78.82,Robbery
34821,35967,3,42.881,-78.847,Theft of Vehicle
34826,35972,3,42.87,-78.846,Assault
34834,35980,3,42.889,-78.838,Breaking & Entering
34836,35982,3,42.872,-78.806,Assault
34838,35984,3,42.872,-78.8,Breaking & Entering
34841,35987,3,42.861,-78.81,Theft
34844,35990,3,42.833,-78.824,Breaking & Entering
34848,35994,3,42.894,-78.834,Robbery
34849,35995,3,42.886,-78.805,Sexual Assault
34853,35999,3,42.898,-78.819,Breaking & Entering
34858,36004,3,42.867,-78.847,Robbery
34862,36008,3,42.859,-78.817,Theft
34865,36011,3,42.848,-78.813,Theft
34868,36014,3,42.859,-78.808,Breaking & Entering
34870,36016,3,42.896,-78.805,Assault
34889,36035,3,42.889,-78.837,Breaking & Entering
34893,36039,3,42.886,-78.805,Assault
34896,36042,3,42.896,-78.816,Assault
34897,36043,3,42.874,-78.809,Assault
34917,36063,3,42.894,-78.836,Robbery
34923,36069,3,42.898,-78.831,Breaking & Entering
34935,36081,3,42.853,-78.81,Theft
34939,36085,3,42.848,-78.808,Theft
34945,36091,3,42.894,-78.82,Assault
34948,36094,3,42.848,-78.824,Theft
34950,36097,3,42.89,-78.803,Assault
34952,36099,3,42.885,-78.808,Breaking & Entering
34957,36104,3,42.863,-78.815,Breaking & Entering
34960,36107,3,42.894,-78.836,Theft
34961,36108,3,42.898,-78.807,Theft
34964,36112,3,42.862,-78.813,Breaking & Entering
34979,36127,3,42.877,-78.81,Theft
34987,36135,3,42.854,-78.828,Theft
34992,36140,3,42.886,-78.808,Breaking & Entering
34998,36146,3,42.891,-78.814,Theft
35010,36160,3,42.869,-78.831,Assault
35021,36171,3,42.85,-78.821,Theft
35025,36175,3,42.888,-78.8,Breaking & Entering
35030,36180,3,42.877,-78.81,Theft
35043,36193,3,42.882,-78.833,Theft
35044,36194,3,42.894,-78.836,Theft
35070,36220,3,42.85,-78.83,Theft of Vehicle
35075,36225,3,42.89,-78.811,Assault
35076,36226,3,42.869,-78.802,Theft
35081,36231,3,42.85,-78.831,Theft of Vehicle
35082,36232,3,42.894,-78.83,Theft
35083,36233,3,42.896,-78.817,Theft
35089,36239,3,42.877,-78.805,Theft
35092,36242,3,42.876,-78.83,Theft of Vehicle
35098,36248,3,42.893,-78.803,Assault
35103,36253,3,42.889,-78.841,Breaking & Entering
35111,36261,3,42.856,-78.825,Theft
35120,36270,3,42.885,-78.839,Robbery
35123,36273,3,42.896,-78.824,Robbery
35131,36282,3,42.891,-78.831,Assault
35135,36286,3,42.888,-78.836,Assault
35140,36291,3,42.836,-78.819,Theft
35141,36292,3,42.899,-78.818,Breaking & Entering
35159,36310,3,42.898,-78.822,Breaking & Entering
35160,36311,3,42.848,-78.832,Robbery
35163,36314,3,42.896,-78.815,Robbery
35166,36317,3,42.893,-78.824,Breaking & Entering
35185,36336,3,42.899,-78.81,Theft
35192,36343,3,42.84,-78.802,Theft
35193,36344,3,42.869,-78.829,Theft
35194,36345,3,42.894,-78.806,Theft
35196,36347,3,42.877,-78.847,Theft
35197,36348,3,42.894,-78.83,Theft of Vehicle
35203,36354,3,42.899,-78.81,Theft
35206,36357,3,42.892,-78.838,Robbery
35209,36360,3,42.899,-78.824,Breaking & Entering
35212,36363,3,42.853,-78.815,Theft
35216,36367,3,42.855,-78.824,Theft
35221,36372,3,42.861,-78.812,Theft of Vehicle
35224,36375,3,42.872,-78.815,Assault
35229,36380,3,42.898,-78.831,Breaking & Entering
35232,36383,3,42.888,-78.815,Breaking & Entering
35233,36384,3,42.895,-78.822,Breaking & Entering
35239,36391,3,42.89,-78.811,Assault
35240,36392,3,42.887,-78.842,Assault
35244,36396,3,42.857,-78.809,Theft
35245,36397,3,42.866,-78.83,Assault
35249,36401,3,42.86,-78.825,Theft
35251,36403,3,42.86,-78.825,Theft
35256,36408,3,42.855,-78.815,Breaking & Entering
35257,36409,3,42.891,-78.834,Assault
35261,36413,3,42.887,-78.847,Breaking & Entering
35266,36418,3,42.868,-78.846,Theft
35267,36419,3,42.867,-78.832,Theft
35269,36422,3,42.886,-78.842,Other Sexual Offense
35271,36424,3,42.891,-78.812,Breaking & Entering
35272,36425,3,42.893,-78.826,Breaking & Entering
35275,36430,3,42.874,-78.844,Theft of Vehicle
35281,36436,3,42.856,-78.814,Other Sexual Offense
35294,36449,3,42.889,-78.807,Theft
35300,36456,3,42.843,-78.824,Assault
35318,36474,3,42.835,-78.821,Theft
35322,36478,3,42.885,-78.803,Theft
35323,36479,3,42.874,-78.803,Theft
35330,36486,3,42.886,-78.815,Theft
35331,36487,3,42.892,-78.831,Theft
35335,36491,3,42.893,-78.823,Theft
35338,36494,3,42.866,-78.857,Breaking & Entering
35339,36495,3,42.875,-78.804,Theft of Vehicle
35343,36499,3,42.844,-78.834,Breaking & Entering
35345,36502,3,42.854,-78.81,Assault
35347,36504,3,42.89,-78.806,Theft
35352,36509,3,42.858,-78.832,Assault
35363,36520,3,42.894,-78.808,Theft
35369,36526,3,42.896,-78.819,Theft
35382,36539,3,42.888,-78.805,Assault
35383,36540,3,42.857,-78.829,Theft of Vehicle
35386,36543,3,42.888,-78.808,Theft
35389,36546,3,42.89,-78.81,Breaking & Entering
35390,36547,3,42.87,-78.829,Breaking & Entering
35394,36551,3,42.85,-78.815,Theft of Vehicle
35404,36561,3,42.884,-78.843,Theft
35410,36567,3,42.867,-78.823,Theft
35411,36568,3,42.871,-78.83,Theft of Vehicle
35412,36569,3,42.896,-78.838,Assault
35419,36576,3,42.89,-78.803,Breaking & Entering
35443,36600,3,42.843,-78.814,Assault
35450,36607,3,42.894,-78.843,Theft of Vehicle
35455,36612,3,42.853,-78.806,Theft
35456,36613,3,42.854,-78.808,Theft
35462,36619,3,42.895,-78.829,Robbery
35476,36633,3,42.896,-78.823,Homicide
35486,36643,3,42.894,-78.803,Theft of Vehicle
35499,36656,3,42.892,-78.823,Breaking & Entering
35504,36661,3,42.87,-78.834,Theft
35516,36673,3,42.878,-78.836,Assault
35519,36676,3,42.898,-78.807,Theft
35524,36681,3,42.879,-78.841,Theft
35531,36688,3,42.872,-78.814,Theft
35535,36692,3,42.85,-78.804,Theft of Vehicle
35537,36694,3,42.897,-78.802,Assault
35545,36702,3,42.898,-78.836,Breaking & Entering
35556,36713,3,42.871,-78.807,Theft
35558,36715,3,42.897,-78.818,Breaking & Entering
35561,36718,3,42.895,-78.84,Theft
35566,36723,3,42.892,-78.83,Homicide
35567,36724,3,42.857,-78.804,Theft
35570,36727,3,42.887,-78.8,Theft
35575,36732,3,42.879,-78.842,Theft
35582,36739,3,42.854,-78.822,Breaking & Entering
35585,36742,3,42.849,-78.824,Theft of Vehicle
35587,36744,3,42.857,-78.834,Sexual Assault
35588,36745,3,42.872,-78.82,Theft
35594,36751,3,42.85,-78.803,Assault
35598,36755,3,42.894,-78.834,Breaking & Entering
35601,36758,3,42.868,-78.8,Breaking & Entering
35602,36759,3,42.84,-78.826,Assault
35605,36762,3,42.854,-78.832,Breaking & Entering
35606,36763,3,42.852,-78.824,Assault
35607,36764,3,42.891,-78.832,Breaking & Entering
35608,36765,3,42.896,-78.826,Theft
35612,36770,3,42.866,-78.829,Breaking & Entering
35618,36777,3,42.89,-78.812,Breaking & Entering
35629,36788,3,42.847,-78.832,Assault
35635,36794,3,42.868,-78.804,Theft of Vehicle
35640,36799,3,42.852,-78.826,Theft of Vehicle
35662,36822,3,42.896,-78.836,Assault
35678,36838,3,42.89,-78.841,Breaking & Entering
35680,36840,3,42.872,-78.802,Robbery
35683,36843,3,42.892,-78.833,Breaking & Entering
35693,36853,3,42.842,-78.818,Breaking & Entering
35696,36856,3,42.884,-78.839,Assault
35709,36869,3,42.896,-78.827,Assault
35713,36873,3,42.898,-78.833,Theft of Vehicle
35720,36880,3,42.865,-78.841,Theft of Vehicle
35724,36884,3,42.868,-78.808,Assault
35727,36887,3,42.893,-78.809,Breaking & Entering
35734,36894,3,42.898,-78.807,Theft
35738,36898,3,42.875,-78.826,Breaking & Entering
35740,36900,3,42.873,-78.81,Theft
35743,36903,3,42.862,-78.812,Assault
35748,36908,3,42.868,-78.81,Breaking & Entering
35750,36910,3,42.889,-78.808,Theft
35754,36914,3,42.899,-78.819,Assault
35763,36924,3,42.893,-78.807,Theft
35767,36928,3,42.885,-78.804,Theft
35775,36936,3,42.848,-78.823,Theft
35776,36937,3,42.886,-78.82,Theft
35779,36940,3,42.879,-78.834,Assault
35786,36947,3,42.858,-78.831,Theft
35787,36948,3,42.842,-78.814,Breaking & Entering
35789,36950,3,42.879,-78.842,Theft of Vehicle
35792,36953,3,42.841,-78.824,Theft
35795,36956,3,42.862,-78.815,Theft
35807,36968,3,42.859,-78.806,Assault
35828,36989,3,42.893,-78.839,Assault
35829,36990,3,42.899,-78.831,Breaking & Entering
35833,36994,3,42.842,-78.817,Breaking & Entering
35844,37005,3,42.875,-78.826,Assault
35866,37027,3,42.872,-78.82,Robbery
35867,37028,3,42.844,-78.825,Theft
35868,37029,3,42.899,-78.83,Theft of Vehicle
35882,37043,3,42.89,-78.84,Robbery
35884,37045,3,42.854,-78.833,Breaking & Entering
35896,37057,3,42.86,-78.825,Theft
35897,37058,3,42.896,-78.803,Theft
35898,37059,3,42.869,-78.85,Breaking & Entering
35908,37069,3,42.852,-78.811,Breaking & Entering
35912,37073,3,42.89,-78.813,Theft
35913,37074,3,42.866,-78.847,Theft
35917,37078,3,42.878,-78.804,Assault
35918,37079,3,42.861,-78.81,Theft
35923,37085,3,42.858,-78.831,Theft
35931,37093,3,42.872,-78.806,Assault
35934,37096,3,42.866,-78.85,Breaking & Entering
35940,37102,3,42.854,-78.823,Theft
35946,37108,3,42.858,-78.83,Theft
35953,37115,3,42.878,-78.825,Assault
35967,37130,3,42.836,-78.812,Theft
35969,37132,3,42.847,-78.832,Theft
35977,37140,3,42.861,-78.806,Theft
35986,37149,3,42.875,-78.808,Breaking & Entering
35993,37156,3,42.89,-78.839,Assault
35995,37158,3,42.896,-78.836,Assault
35996,37159,3,42.85,-78.801,Assault
36011,37174,3,42.895,-78.824,Breaking & Entering
36015,37178,3,42.848,-78.824,Assault
36019,37182,3,42.851,-78.818,Assault
36021,37184,3,42.857,-78.829,Theft
36022,37185,3,42.894,-78.821,Breaking & Entering
36023,37186,3,42.898,-78.823,Theft
36034,37197,3,42.844,-78.824,Assault
36042,37205,3,42.847,-78.802,Theft
36043,37206,3,42.89,-78.84,Breaking & Entering
36052,37215,3,42.849,-78.828,Breaking & Entering
36064,37227,3,42.887,-78.804,Breaking & Entering
36078,37242,3,42.882,-78.841,Theft
36083,37247,3,42.898,-78.839,Robbery
36084,37248,3,42.858,-78.825,Theft
36091,37256,3,42.877,-78.845,Breaking & Entering
36092,37257,3,42.871,-78.811,Assault
36094,37259,3,42.887,-78.805,Robbery
36100,37265,3,42.874,-78.805,Theft
36102,37267,3,42.832,-78.811,Theft
36113,37278,3,42.876,-78.843,Assault
36116,37281,3,42.858,-78.803,Assault
36125,37290,3,42.893,-78.837,Theft
36126,37291,3,42.895,-78.822,Assault
36136,37301,3,42.866,-78.821,Theft
36142,37308,3,42.891,-78.833,Theft of Vehicle
36151,37317,3,42.893,-78.814,Theft of Vehicle
36153,37319,3,42.855,-78.833,Breaking & Entering
36156,37322,3,42.898,-78.807,Theft
36161,37327,3,42.86,-78.822,Theft of Vehicle
36165,37331,3,42.891,-78.835,Assault
36167,37333,3,42.871,-78.843,Assault
36169,37335,3,42.898,-78.807,Theft
36172,37338,3,42.834,-78.807,Theft
36182,37348,3,42.896,-78.817,Breaking & Entering
36191,37357,3,42.89,-78.842,Assault
36192,37358,3,42.869,-78.802,Breaking & Entering
36205,37371,3,42.895,-78.823,Theft
36213,37379,3,42.864,-78.844,Breaking & Entering
36215,37381,3,42.892,-78.824,Assault
36225,37391,3,42.894,-78.835,Theft
36227,37393,3,42.876,-78.846,Breaking & Entering
36234,37400,3,42.874,-78.844,Theft of Vehicle
36240,37406,3,42.85,-78.815,Breaking & Entering
36243,37409,3,42.897,-78.818,Assault
36245,37411,3,42.858,-78.831,Assault
36255,37421,3,42.887,-78.836,Breaking & Entering
36261,37428,3,42.874,-78.827,Theft
36264,37431,3,42.87,-78.848,Theft
36268,37435,3,42.894,-78.823,Theft
36269,37436,3,42.855,-78.809,Breaking & Entering
36270,37437,3,42.871,-78.811,Breaking & Entering
36276,37443,3,42.895,-78.832,Theft
36283,37450,3,42.848,-78.801,Assault
36286,37453,3,42.885,-78.846,Theft
36307,37474,3,42.86,-78.825,Theft
36312,37479,3,42.898,-78.807,Theft
36327,37494,3,42.848,-78.813,Theft
36331,37498,3,42.89,-78.812,Assault
36339,37506,3,42.879,-78.84,Assault
36344,37511,3,42.856,-78.814,Breaking & Entering
36353,37520,3,42.855,-78.815,Breaking & Entering
36376,37543,3,42.875,-78.85,Theft
36381,37549,3,42.848,-78.821,Theft
36383,37551,3,42.853,-78.824,Assault
36391,37559,3,42.871,-78.83,Theft
36392,37560,3,42.896,-78.831,Breaking & Entering
36394,37562,3,42.885,-78.839,Theft of Vehicle
36400,37568,3,42.889,-78.811,Theft of Vehicle
36415,37583,3,42.858,-78.831,Theft
36420,37589,3,42.864,-78.825,Theft of Vehicle
36421,37590,3,42.838,-78.824,Theft
36422,37591,3,42.833,-78.819,Assault
36423,37592,3,42.885,-78.801,Theft of Vehicle
36426,37595,3,42.837,-78.811,Theft
36427,37596,3,42.893,-78.839,Robbery
36430,37599,3,42.894,-78.834,Theft
36445,37614,3,42.856,-78.813,Assault
36447,37616,3,42.854,-78.826,Breaking & Entering
36449,37618,3,42.878,-78.847,Theft
36460,37630,3,42.855,-78.806,Breaking & Entering
36468,37638,3,42.859,-78.842,Theft
36473,37643,3,42.855,-78.807,Assault
36476,37646,3,42.885,-78.835,Robbery
36477,37647,3,42.828,-78.824,Breaking & Entering
36478,37649,3,42.898,-78.832,Theft
36488,37659,3,42.896,-78.817,Robbery
36492,37663,3,42.891,-78.814,Theft
36495,37666,3,42.85,-78.815,Assault
36498,37669,3,42.897,-78.813,Assault
36514,37685,3,42.898,-78.824,Sexual Assault
36518,37689,3,42.865,-78.806,Theft
36527,37698,3,42.85,-78.824,Theft
36540,37711,3,42.894,-78.835,Theft
36549,37720,3,42.857,-78.824,Theft
36553,37724,3,42.856,-78.805,Theft
36557,37728,3,42.861,-78.815,Breaking & Entering
36558,37729,3,42.888,-78.813,Breaking & Entering
36559,37730,3,42.841,-78.809,Breaking & Entering
36576,37747,3,42.893,-78.837,Breaking & Entering
36585,37756,3,42.858,-78.805,Breaking & Entering
36587,37758,3,42.889,-78.839,Breaking & Entering
36590,37761,3,42.896,-78.82,Assault
36599,37770,3,42.855,-78.806,Theft
36601,37772,3,42.836,-78.816,Theft
36603,37774,3,42.885,-78.839,Assault
36608,37779,3,42.894,-78.829,Breaking & Entering
36614,37785,3,42.896,-78.836,Breaking & Entering
36616,37787,3,42.841,-78.825,Breaking & Entering
36617,37788,3,42.893,-78.837,Theft
36625,37796,3,42.894,-78.842,Theft
36630,37801,3,42.898,-78.841,Assault
36643,37814,3,42.872,-78.803,Theft of Vehicle
36644,37815,3,42.858,-78.83,Theft
36648,37819,3,42.899,-78.822,Theft
36651,37822,3,42.891,-78.83,Breaking & Entering
36654,37825,3,42.866,-78.826,Theft
36656,37827,3,42.856,-78.809,Breaking & Entering
36657,37828,3,42.848,-78.832,Breaking & Entering
36658,37829,3,42.89,-78.802,Theft
36660,37831,3,42.86,-78.806,Theft
36670,37841,3,42.866,-78.825,Theft
36675,37846,3,42.889,-78.838,Theft of Vehicle
36678,37849,3,42.844,-78.824,Assault
36689,37860,3,42.885,-78.806,Assault
36691,37862,3,42.894,-78.822,Breaking & Entering
36692,37863,3,42.895,-78.839,Breaking & Entering
36694,37866,3,42.898,-78.832,Theft
36699,37871,3,42.844,-78.824,Theft
36711,37883,3,42.89,-78.805,Assault
36728,37900,3,42.895,-78.838,Assault
36731,37903,3,42.896,-78.832,Breaking & Entering
36733,37905,3,42.892,-78.806,Breaking & Entering
36734,37906,3,42.893,-78.824,Breaking & Entering
36738,37910,3,42.87,-78.832,Theft
36745,37917,3,42.898,-78.837,Assault
36748,37920,3,42.887,-78.808,Breaking & Entering
36750,37922,3,42.886,-78.805,Assault
36754,37926,3,42.857,-78.812,Theft
36755,37927,3,42.872,-78.818,Assault
36758,37930,3,42.892,-78.838,Robbery
36763,37935,3,42.89,-78.808,Theft
36775,37947,3,42.861,-78.819,Assault
36780,37952,3,42.872,-78.82,Theft
36784,37956,3,42.857,-78.827,Theft
36790,37963,3,42.896,-78.825,Theft
36803,37976,3,42.835,-78.815,Assault
36808,37981,3,42.847,-78.832,Assault
36820,37993,3,42.846,-78.802,Assault
36825,37998,3,42.848,-78.812,Theft
36834,38007,3,42.898,-78.807,Theft
36840,38013,3,42.888,-78.807,Theft
36841,38014,3,42.854,-78.831,Breaking & Entering
36853,38026,3,42.888,-78.808,Breaking & Entering
36854,38027,3,42.898,-78.836,Theft
36857,38030,3,42.897,-78.822,Breaking & Entering
36861,38034,3,42.892,-78.83,Breaking & Entering
36868,38041,3,42.897,-78.816,Breaking & Entering
36881,38054,3,42.892,-78.832,Theft
36882,38055,3,42.857,-78.812,Theft
36883,38056,3,42.85,-78.803,Breaking & Entering
36885,38058,3,42.844,-78.824,Theft
36902,38075,3,42.892,-78.831,Assault
36903,38076,3,42.898,-78.807,Theft
36905,38078,3,42.85,-78.815,Robbery
36914,38087,3,42.892,-78.83,Breaking & Entering
36918,38091,3,42.885,-78.835,Breaking & Entering
36921,38094,3,42.848,-78.824,Theft
36924,38097,3,42.89,-78.804,Theft
36930,38103,3,42.846,-78.818,Theft
36932,38105,3,42.89,-78.814,Breaking & Entering
36933,38106,3,42.853,-78.817,Assault
36934,38107,3,42.884,-78.829,Theft
36940,38113,3,42.896,-78.817,Theft
36943,38116,3,42.836,-78.808,Theft
36951,38124,3,42.879,-78.839,Assault
36952,38125,3,42.871,-78.816,Theft
36957,38130,3,42.87,-78.808,Assault
36959,38132,3,42.883,-78.837,Theft
36972,38145,3,42.853,-78.804,Breaking & Entering
36974,38147,3,42.852,-78.819,Assault
36983,38156,3,42.895,-78.827,Assault
36993,38166,3,42.898,-78.831,Breaking & Entering
36998,38171,3,42.861,-78.811,Assault
37004,38177,3,42.898,-78.807,Theft
37014,38187,3,42.843,-78.818,Theft
37016,38189,3,42.838,-78.825,Assault
37018,38191,3,42.897,-78.816,Robbery
37020,38193,3,42.894,-78.842,Theft
37030,38203,3,42.843,-78.824,Theft
37038,38211,3,42.858,-78.809,Other Sexual Offense
37041,38214,3,42.851,-78.825,Theft
37061,38234,3,42.853,-78.805,Theft
37067,38240,3,42.89,-78.804,Assault
37076,38249,3,42.898,-78.836,Breaking & Entering
37085,38258,3,42.855,-78.826,Theft
37089,38262,3,42.873,-78.811,Theft
37091,38264,3,42.851,-78.821,Assault
37095,38268,3,42.847,-78.828,Breaking & Entering
37096,38269,3,42.845,-78.823,Assault
37102,38275,3,42.874,-78.803,Robbery
37108,38281,3,42.837,-78.805,Theft
37110,38283,3,42.847,-78.83,Theft
37115,38288,3,42.852,-78.832,Breaking & Entering
37119,38292,3,42.898,-78.819,Sexual Assault
37131,38305,3,42.878,-78.836,Theft of Vehicle
37133,38307,3,42.858,-78.812,Breaking & Entering
37136,38310,3,42.855,-78.808,Breaking & Entering
37139,38313,3,42.883,-78.832,Breaking & Entering
37147,38321,3,42.886,-78.838,Assault
37151,38325,3,42.887,-78.808,Breaking & Entering
37158,38332,3,42.876,-78.823,Breaking & Entering
37163,38337,3,42.861,-78.814,Theft of Vehicle
37169,38343,3,42.87,-78.85,Breaking & Entering
37174,38348,3,42.859,-78.807,Theft
37180,38354,3,42.895,-78.833,Breaking & Entering
37182,38357,3,42.837,-78.802,Theft
37197,38372,3,42.884,-78.842,Assault
37198,38373,3,42.838,-78.827,Theft
37208,38383,3,42.856,-78.811,Theft
37211,38386,3,42.891,-78.834,Breaking & Entering
37219,38394,3,42.869,-78.828,Assault
37222,38398,3,42.875,-78.827,Theft
37227,38403,3,42.885,-78.81,Assault
37254,38431,3,42.898,-78.839,Robbery
37280,38457,3,42.895,-78.83,Theft
37287,38464,3,42.888,-78.808,Theft
37298,38475,3,42.856,-78.828,Theft
37304,38481,3,42.89,-78.811,Theft of Vehicle
37306,38483,3,42.843,-78.826,Theft
37308,38485,3,42.888,-78.843,Breaking & Entering
37309,38486,3,42.893,-78.805,Assault
37314,38491,3,42.848,-78.813,Theft
37315,38492,3,42.858,-78.823,Theft
37325,38502,3,42.891,-78.804,Robbery
37327,38504,3,42.89,-78.838,Theft
37343,38520,3,42.886,-78.811,Assault
37347,38524,3,42.874,-78.817,Breaking & Entering
37348,38525,3,42.899,-78.818,Assault
37349,38526,3,42.891,-78.826,Assault
37354,38531,3,42.876,-78.828,Assault
37357,38534,3,42.889,-78.808,Theft
37363,38540,3,42.841,-78.834,Theft of Vehicle
37364,38541,3,42.853,-78.823,Assault
37369,38546,3,42.835,-78.828,Theft
37382,38559,3,42.84,-78.822,Theft
37391,38568,3,42.863,-78.825,Breaking & Entering
37401,38579,3,42.855,-78.832,Breaking & Entering
37403,38581,3,42.896,-78.816,Theft of Vehicle
37406,38584,3,42.892,-78.835,Breaking & Entering
37432,38610,3,42.898,-78.82,Assault
37442,38620,3,42.86,-78.819,Breaking & Entering
37447,38625,3,42.838,-78.816,Theft
37450,38628,3,42.862,-78.818,Theft
37453,38631,3,42.89,-78.845,Breaking & Entering
37458,38636,3,42.895,-78.836,Robbery
37464,38642,3,42.897,-78.836,Theft of Vehicle
37474,38652,3,42.898,-78.824,Breaking & Entering
37479,38657,3,42.858,-78.811,Theft
37480,38658,3,42.853,-78.804,Assault
37482,38660,3,42.899,-78.818,Assault
37488,38666,3,42.888,-78.81,Breaking & Entering
37493,38671,3,42.888,-78.811,Theft of Vehicle
37498,38676,3,42.855,-78.81,Assault
37502,38680,3,42.873,-78.843,Assault
37508,38686,3,42.835,-78.817,Theft
37514,38692,3,42.854,-78.806,Theft
37518,38696,3,42.846,-78.827,Theft of Vehicle
37530,38709,3,42.874,-78.803,Breaking & Entering
37532,38711,3,42.895,-78.826,Robbery
37537,38716,3,42.896,-78.82,Robbery
37545,38724,3,42.876,-78.825,Breaking & Entering
37546,38725,3,42.869,-78.83,Theft
37551,38730,3,42.873,-78.825,Theft
37552,38731,3,42.893,-78.837,Theft
37553,38732,3,42.869,-78.846,Theft
37554,38733,3,42.881,-78.843,Breaking & Entering
37584,38763,3,42.872,-78.816,Sexual Assault
37588,38767,3,42.881,-78.836,Theft of Vehicle
37595,38775,3,42.855,-78.811,Theft of Vehicle
37603,38783,3,42.866,-78.851,Breaking & Entering
37606,38786,3,42.881,-78.84,Breaking & Entering
37608,38788,3,42.895,-78.84,Robbery
37611,38791,3,42.87,-78.832,Assault
37620,38800,3,42.894,-78.82,Breaking & Entering
37630,38810,3,42.88,-78.841,Theft of Vehicle
37633,38813,3,42.858,-78.814,Theft
37634,38814,3,42.894,-78.83,Theft
37635,38815,3,42.849,-78.823,Breaking & Entering
37654,38834,3,42.899,-78.816,Breaking & Entering
37658,38838,3,42.857,-78.806,Assault
37666,38846,3,42.897,-78.823,Theft
37678,38858,3,42.858,-78.813,Breaking & Entering
37682,38862,3,42.868,-78.81,Assault
37692,38872,3,42.843,-78.816,Theft
37693,38873,3,42.847,-78.832,Theft
37694,38874,3,42.899,-78.801,Assault
37696,38876,3,42.894,-78.807,Theft
37709,38889,3,42.874,-78.812,Assault
37715,38895,3,42.887,-78.8,Theft
37723,38903,3,42.894,-78.836,Assault
37730,38910,3,42.847,-78.833,Theft of Vehicle
37733,38913,3,42.89,-78.807,Theft
37743,38923,3,42.878,-78.801,Theft
37744,38924,3,42.889,-78.816,Breaking & Entering
37749,38929,3,42.899,-78.81,Theft
37751,38931,3,42.891,-78.833,Robbery
37752,38932,3,42.85,-78.815,Assault
37756,38936,3,42.897,-78.838,Theft
37758,38938,3,42.898,-78.807,Theft
37775,38955,3,42.898,-78.807,Theft
37791,38971,3,42.848,-78.824,Theft
37800,38980,3,42.856,-78.822,Theft of Vehicle
37801,38981,3,42.851,-78.829,Assault
37802,38982,3,42.85,-78.815,Assault
37804,38984,3,42.873,-78.829,Theft
37823,39003,3,42.897,-78.818,Breaking & Entering
37826,39006,3,42.837,-78.824,Theft
37831,39011,3,42.893,-78.837,Theft
37840,39021,3,42.848,-78.824,Assault
37842,39023,3,42.892,-78.83,Theft
37852,39033,3,42.872,-78.805,Assault
37854,39035,3,42.853,-78.824,Assault
37859,39040,3,42.885,-78.805,Breaking & Entering
37864,39045,3,42.843,-78.824,Other Sexual Offense
37869,39050,3,42.896,-78.825,Theft
37872,39053,3,42.898,-78.816,Theft
37878,39059,3,42.873,-78.805,Theft
37886,39067,3,42.858,-78.831,Theft
37890,39072,3,42.848,-78.823,Breaking & Entering
37892,39074,3,42.893,-78.828,Breaking & Entering
37904,39086,3,42.859,-78.812,Sexual Assault
37908,39090,3,42.858,-78.806,Theft
37911,39093,3,42.891,-78.824,Breaking & Entering
37927,39109,3,42.877,-78.85,Breaking & Entering
37929,39111,3,42.898,-78.814,Theft
37936,39118,3,42.891,-78.83,Assault
37944,39126,3,42.899,-78.836,Breaking & Entering
37951,39133,3,42.895,-78.837,Theft
37961,39143,3,42.865,-78.807,Theft
37980,39162,3,42.848,-78.812,Theft
37988,39170,3,42.852,-78.832,Assault
38004,39186,3,42.87,-78.812,Breaking & Entering
38006,39188,3,42.846,-78.801,Theft
38010,39192,3,42.892,-78.844,Theft of Vehicle
38012,39194,3,42.844,-78.828,Breaking & Entering
38014,39196,3,42.86,-78.814,Theft
38019,39201,3,42.885,-78.84,Theft
38023,39205,3,42.852,-78.804,Theft
38024,39206,3,42.885,-78.814,Theft
38036,39218,3,42.89,-78.845,Breaking & Entering
38038,39220,3,42.858,-78.831,Theft
38046,39228,3,42.897,-78.838,Breaking & Entering
38054,39236,3,42.885,-78.839,Theft of Vehicle
38059,39241,3,42.893,-78.837,Theft
38060,39242,3,42.89,-78.8,Breaking & Entering
38072,39254,3,42.89,-78.806,Assault
38077,39259,3,42.885,-78.813,Breaking & Entering
38093,39275,3,42.869,-78.848,Assault
38107,39290,3,42.888,-78.816,Theft of Vehicle
38115,39298,3,42.886,-78.839,Breaking & Entering
38118,39301,3,42.894,-78.835,Assault
38119,39302,3,42.855,-78.81,Theft
38125,39308,3,42.897,-78.814,Theft of Vehicle
38129,39312,3,42.873,-78.817,Breaking & Entering
38132,39315,3,42.891,-78.832,Theft
38138,39322,3,42.893,-78.839,Robbery
38147,39331,3,42.852,-78.806,Assault
38152,39336,3,42.894,-78.834,Robbery
38154,39338,3,42.886,-78.839,Theft
38165,39349,3,42.87,-78.846,Assault
38170,39355,3,42.89,-78.803,Theft
38171,39356,3,42.872,-78.811,Theft
38175,39360,3,42.842,-78.814,Theft
38181,39367,3,42.849,-78.803,Assault
38183,39369,3,42.897,-78.834,Robbery
38190,39376,3,42.85,-78.826,Breaking & Entering
38201,39387,3,42.892,-78.83,Robbery
38205,39391,3,42.892,-78.83,Breaking & Entering
38221,39407,3,42.848,-78.808,Assault
38222,39408,3,42.859,-78.836,Theft
38224,39411,3,42.852,-78.816,Theft
38227,39414,3,42.885,-78.814,Theft
38230,39417,3,42.853,-78.832,Assault
38241,39428,3,42.877,-78.812,Breaking & Entering
38242,39429,3,42.894,-78.826,Assault
38247,39434,3,42.868,-78.809,Assault
38251,39438,3,42.85,-78.803,Assault
38255,39442,3,42.843,-78.826,Breaking & Entering
38262,39449,3,42.858,-78.826,Theft of Vehicle
38271,39458,3,42.865,-78.856,Theft
38275,39462,3,42.837,-78.82,Theft
38278,39465,3,42.889,-78.805,Breaking & Entering
38283,39470,3,42.873,-78.853,Theft
38285,39472,3,42.879,-78.843,Breaking & Entering
38288,39475,3,42.846,-78.823,Breaking & Entering
38292,39479,3,42.899,-78.816,Robbery
38295,39482,3,42.88,-78.842,Assault
38297,39484,3,42.85,-78.832,Breaking & Entering
38303,39490,3,42.859,-78.814,Breaking & Entering
38307,39494,3,42.893,-78.841,Theft
38321,39509,3,42.86,-78.817,Theft
38332,39520,3,42.843,-78.831,Theft of Vehicle
38334,39522,3,42.879,-78.843,Assault
38338,39526,3,42.87,-78.823,Theft
38340,39528,3,42.858,-78.831,Theft
38345,39533,3,42.889,-78.844,Theft
38349,39537,3,42.893,-78.803,Theft
38354,39542,3,42.894,-78.835,Robbery
38358,39546,3,42.894,-78.82,Breaking & Entering
38369,39557,3,42.873,-78.827,Theft
38374,39562,3,42.888,-78.805,Theft
38381,39569,3,42.857,-78.812,Sexual Assault
38386,39574,3,42.895,-78.835,Breaking & Entering
38393,39581,3,42.896,-78.822,Theft of Vehicle
38395,39583,3,42.859,-78.834,Theft
38400,39588,3,42.859,-78.812,Theft
38403,39591,3,42.898,-78.816,Theft
38405,39593,3,42.856,-78.808,Assault
38411,39599,3,42.856,-78.827,Assault
38412,39600,3,42.871,-78.834,Breaking & Entering
38418,39606,3,42.889,-78.81,Theft
38428,39616,3,42.851,-78.818,Theft
38433,39621,3,42.867,-78.824,Assault
38435,39623,3,42.896,-78.801,Theft
38442,39630,3,42.895,-78.805,Assault
38445,39633,3,42.833,-78.824,Theft
38455,39643,3,42.854,-78.803,Theft
38461,39649,3,42.885,-78.811,Theft
38472,39660,3,42.851,-78.827,Homicide
38478,39667,3,42.85,-78.815,Theft
38485,39674,3,42.896,-78.816,Breaking & Entering
38487,39676,3,42.885,-78.814,Assault
38495,39685,3,42.888,-78.815,Theft
38498,39688,3,42.895,-78.809,Theft
38503,39693,3,42.879,-78.841,Assault
38509,39699,3,42.898,-78.834,Breaking & Entering
38512,39702,3,42.897,-78.818,Theft
38513,39703,3,42.857,-78.808,Theft
38518,39708,3,42.895,-78.822,Breaking & Entering
38523,39713,3,42.857,-78.824,Theft
38529,39719,3,42.858,-78.813,Theft
38532,39722,3,42.843,-78.805,Assault
38542,39732,3,42.896,-78.833,Assault
38544,39734,3,42.84,-78.82,Breaking & Entering
38548,39738,3,42.898,-78.835,Breaking & Entering
38562,39752,3,42.888,-78.837,Other Sexual Offense
38563,39753,3,42.896,-78.825,Assault
38564,39754,3,42.847,-78.824,Theft of Vehicle
38568,39758,3,42.891,-78.816,Theft
38586,39776,3,42.877,-78.828,Breaking & Entering
38597,39788,3,42.899,-78.81,Theft
38599,39790,3,42.892,-78.83,Assault
38618,39809,3,42.873,-78.804,Theft
38624,39815,3,42.872,-78.811,Robbery
38633,39824,3,42.887,-78.843,Theft
38634,39825,3,42.876,-78.83,Theft
38638,39829,3,42.866,-78.848,Theft
38646,39837,3,42.848,-78.812,Assault
38658,39849,3,42.885,-78.807,Sexual Assault
38660,39851,3,42.859,-78.807,Theft
38661,39852,3,42.896,-78.819,Assault
38668,39859,3,42.895,-78.829,Robbery
38672,39863,3,42.842,-78.829,Assault
38675,39866,3,42.851,-78.831,Assault
38681,39872,3,42.876,-78.843,Sexual Assault
38682,39873,3,42.858,-78.831,Theft
38689,39880,3,42.864,-78.821,Breaking & Entering
38691,39882,3,42.839,-78.824,Theft
38700,39891,3,42.896,-78.814,Theft
38701,39892,3,42.896,-78.831,Theft of Vehicle
38704,39895,3,42.894,-78.834,Theft
38713,39904,3,42.896,-78.826,Breaking & Entering
38715,39906,3,42.859,-78.826,Theft
38716,39907,3,42.859,-78.816,Theft of Vehicle
38719,39910,3,42.859,-78.826,Assault
38728,39919,3,42.873,-78.823,Theft
38730,39921,3,42.858,-78.831,Theft
38736,39927,3,42.862,-78.814,Breaking & Entering
38745,39937,3,42.869,-78.8,Theft
38746,39938,3,42.877,-78.833,Breaking & Entering
38748,39940,3,42.849,-78.827,Theft
38749,39941,3,42.876,-78.852,Theft
38753,39946,3,42.889,-78.835,Theft
38757,39950,3,42.852,-78.813,Theft of Vehicle
38766,39959,3,42.869,-78.8,Theft
38767,39960,3,42.874,-78.808,Breaking & Entering
38769,39962,3,42.885,-78.822,Theft
38772,39965,3,42.858,-78.81,Breaking & Entering
38778,39971,3,42.895,-78.83,Breaking & Entering
38781,39974,3,42.895,-78.825,Assault
38791,39984,3,42.893,-78.837,Assault
38796,39989,3,42.848,-78.812,Assault
38797,39990,3,42.843,-78.826,Breaking & Entering
38801,39995,3,42.896,-78.811,Theft of Vehicle
38813,40007,3,42.862,-78.814,Assault
38816,40010,3,42.847,-78.833,Breaking & Entering
38820,40014,3,42.851,-78.825,Assault
38827,40021,3,42.87,-78.834,Breaking & Entering
38828,40022,3,42.867,-78.803,Assault
38829,40023,3,42.89,-78.808,Theft
38830,40024,3,42.845,-78.836,Theft
38845,40039,3,42.872,-78.818,Theft
38850,40044,3,42.891,-78.837,Theft of Vehicle
38853,40047,3,42.89,-78.805,Theft
38855,40049,3,42.898,-78.831,Breaking & Entering
38866,40060,3,42.844,-78.824,Theft
38872,40066,3,42.855,-78.805,Assault
38874,40068,3,42.878,-78.802,Assault
38892,40087,3,42.885,-78.838,Theft of Vehicle
38895,40090,3,42.857,-78.812,Theft
38910,40105,3,42.891,-78.831,Breaking & Entering
38918,40113,3,42.88,-78.802,Theft
38923,40118,3,42.872,-78.82,Robbery
38933,40128,3,42.894,-78.827,Breaking & Entering
38935,40130,3,42.871,-78.823,Theft
38936,40131,3,42.873,-78.827,Robbery
38948,40143,3,42.896,-78.82,Breaking & Entering
38953,40149,3,42.854,-78.808,Theft
38954,40150,3,42.886,-78.814,Sexual Assault
38957,40153,3,42.869,-78.807,Theft
38958,40154,3,42.851,-78.823,Theft
38959,40155,3,42.876,-78.827,Breaking & Entering
38960,40156,3,42.897,-78.814,Sexual Assault
38961,40157,3,42.842,-78.825,Theft
38975,40171,3,42.878,-78.834,Theft
38978,40174,3,42.858,-78.813,Theft of Vehicle
38981,40177,3,42.87,-78.832,Theft
38984,40180,3,42.871,-78.832,Theft
38986,40182,3,42.866,-78.823,Assault
38988,40184,3,42.833,-78.822,Theft
39000,40196,3,42.842,-78.825,Theft
39003,40199,3,42.872,-78.805,Breaking & Entering
39007,40203,3,42.891,-78.804,Robbery
39010,40206,3,42.895,-78.807,Breaking & Entering
39015,40211,3,42.867,-78.848,Theft of Vehicle
39018,40214,3,42.847,-78.838,Theft
39032,40229,3,42.848,-78.812,Theft
39035,40232,3,42.858,-78.818,Breaking & Entering
39039,40236,3,42.898,-78.819,Breaking & Entering
39048,40245,3,42.873,-78.853,Theft
39052,40250,3,42.873,-78.818,Breaking & Entering
39055,40253,3,42.872,-78.807,Theft
39058,40256,3,42.854,-78.827,Theft
39061,40259,3,42.888,-78.803,Assault
39069,40267,3,42.896,-78.814,Breaking & Entering
39079,40277,3,42.849,-78.823,Breaking & Entering
39086,40284,3,42.876,-78.85,Theft
39090,40288,3,42.885,-78.814,Theft
39094,40292,3,42.879,-78.802,Theft
39095,40293,3,42.898,-78.82,Theft
39100,40298,3,42.892,-78.83,Theft of Vehicle
39101,40300,3,42.897,-78.814,Sexual Assault
39102,40301,3,42.874,-78.8,Theft
39107,40306,3,42.891,-78.806,Assault
39116,40315,3,42.834,-78.819,Theft
39119,40318,3,42.898,-78.807,Theft
39122,40321,3,42.856,-78.828,Theft of Vehicle
39125,40324,3,42.89,-78.807,Breaking & Entering
39134,40333,3,42.835,-78.816,Theft
39136,40335,3,42.896,-78.824,Robbery
39140,40339,3,42.88,-78.841,Assault
39147,40346,3,42.882,-78.841,Breaking & Entering
39151,40350,3,42.842,-78.81,Theft
39154,40353,3,42.874,-78.806,Theft
39157,40356,3,42.872,-78.814,Breaking & Entering
39159,40358,3,42.897,-78.82,Assault
39160,40359,3,42.849,-78.813,Other Sexual Offense
39162,40361,3,42.893,-78.83,Assault
39169,40368,3,42.85,-78.804,Theft of Vehicle
39175,40374,3,42.861,-78.82,Breaking & Entering
39179,40378,3,42.838,-78.808,Assault
39186,40385,3,42.895,-78.82,Breaking & Entering
39187,40386,3,42.838,-78.808,Theft
39189,40388,3,42.856,-78.829,Breaking & Entering
39194,40393,3,42.837,-78.83,Breaking & Entering
39215,40414,3,42.86,-78.821,Theft of Vehicle
39218,40417,3,42.849,-78.801,Theft
39225,40424,3,42.848,-78.824,Sexual Assault
39229,40428,3,42.856,-78.813,Breaking & Entering
39232,40431,3,42.891,-78.802,Theft
39235,40434,3,42.855,-78.826,Theft of Vehicle
39239,40438,3,42.898,-78.831,Breaking & Entering
39243,40442,3,42.855,-78.827,Theft
39245,40444,3,42.897,-78.815,Assault
39251,40450,3,42.847,-78.801,Theft
39258,40459,3,42.866,-78.807,Robbery
39266,40467,3,42.872,-78.844,Theft
39270,40471,3,42.895,-78.831,Robbery
39274,40475,3,42.843,-78.809,Theft
39276,40477,3,42.881,-78.801,Theft
39277,40478,3,42.87,-78.833,Robbery
39279,40480,3,42.859,-78.826,Breaking & Entering
39282,40483,3,42.895,-78.806,Breaking & Entering
39284,40485,3,42.893,-78.831,Assault
39287,40488,3,42.874,-78.802,Breaking & Entering
39294,40495,3,42.847,-78.823,Theft
39295,40496,3,42.898,-78.807,Theft
39298,40499,3,42.899,-78.816,Other Sexual Offense
39314,40515,3,42.898,-78.807,Robbery
39315,40516,3,42.89,-78.811,Assault
39323,40524,3,42.848,-78.812,Assault
39332,40533,3,42.887,-78.816,Other Sexual Offense
39337,40538,3,42.882,-78.848,Breaking & Entering
39346,40548,3,42.857,-78.827,Robbery
39355,40557,3,42.878,-78.834,Assault
39357,40559,3,42.833,-78.822,Assault
39359,40561,3,42.851,-78.828,Breaking & Entering
39361,40563,3,42.858,-78.815,Assault
39369,40571,3,42.857,-78.813,Theft
39371,40573,3,42.874,-78.806,Breaking & Entering
39378,40580,3,42.872,-78.805,Assault
39381,40583,3,42.894,-78.809,Breaking & Entering
39383,40585,3,42.853,-78.83,Breaking & Entering
39384,40586,3,42.849,-78.829,Breaking & Entering
39387,40589,3,42.858,-78.807,Theft
39389,40591,3,42.848,-78.812,Theft
39390,40592,3,42.851,-78.827,Theft of Vehicle
39399,40601,3,42.897,-78.838,Theft of Vehicle
39401,40603,3,42.889,-78.808,Theft
39406,40608,3,42.869,-78.847,Theft
39408,40610,3,42.885,-78.807,Theft of Vehicle
39420,40622,3,42.891,-78.801,Breaking & Entering
39429,40631,3,42.891,-78.843,Breaking & Entering
39431,40633,3,42.867,-78.851,Theft
39432,40634,3,42.897,-78.839,Theft
39435,40637,3,42.895,-78.832,Assault
39439,40641,3,42.837,-78.812,Theft
39450,40652,3,42.881,-78.85,Theft
39455,40657,3,42.89,-78.811,Other Sexual Offense
39456,40658,3,42.851,-78.812,Breaking & Entering
39460,40662,3,42.853,-78.823,Breaking & Entering
39466,40668,3,42.858,-78.832,Assault
39470,40673,3,42.846,-78.821,Theft
39478,40681,3,42.889,-78.815,Assault
39484,40687,3,42.854,-78.828,Theft
39487,40690,3,42.855,-78.81,Assault
39495,40698,3,42.852,-78.806,Assault
39507,40710,3,42.891,-78.84,Assault
39510,40713,3,42.892,-78.804,Sexual Assault
39519,40722,3,42.87,-78.802,Breaking & Entering
39524,40727,3,42.868,-78.804,Theft
39530,40733,3,42.893,-78.839,Assault
39535,40738,3,42.842,-78.831,Theft
39560,40764,3,42.898,-78.822,Theft
39567,40771,3,42.889,-78.812,Other Sexual Offense
39573,40777,3,42.894,-78.827,Theft of Vehicle
39581,40785,3,42.85,-78.803,Sexual Assault
39593,40797,3,42.844,-78.829,Theft
39597,40801,3,42.889,-78.808,Theft
39601,40805,3,42.887,-78.802,Breaking & Entering
39610,40814,3,42.884,-78.846,Breaking & Entering
39627,40832,3,42.897,-78.814,Theft of Vehicle
39637,40842,3,42.886,-78.806,Assault
39649,40854,3,42.878,-78.801,Breaking & Entering
39656,40861,3,42.853,-78.832,Theft of Vehicle
39663,40868,3,42.874,-78.802,Assault
39666,40871,3,42.851,-78.806,Breaking & Entering
39669,40874,3,42.892,-78.81,Theft
39670,40875,3,42.895,-78.829,Breaking & Entering
39676,40881,3,42.876,-78.827,Breaking & Entering
39686,40891,3,42.873,-78.82,Robbery
39697,40902,3,42.854,-78.808,Theft
39706,40911,3,42.894,-78.804,Assault
39707,40912,3,42.872,-78.843,Breaking & Entering
39716,40921,3,42.892,-78.814,Theft
39730,40935,3,42.884,-78.831,Theft
39742,40947,3,42.898,-78.833,Theft
39753,40958,3,42.856,-78.82,Theft
39767,40972,3,42.848,-78.812,Assault
39775,40980,3,42.848,-78.824,Assault
39777,40982,3,42.878,-78.847,Theft
39782,40987,3,42.888,-78.815,Theft
39799,41004,3,42.854,-78.808,Theft
39815,41020,3,42.856,-78.829,Theft
39816,41021,3,42.856,-78.834,Theft of Vehicle
39822,41027,3,42.872,-78.832,Theft
39826,41031,3,42.839,-78.856,Assault
39827,41032,3,42.885,-78.81,Theft
39828,41033,3,42.857,-78.823,Assault
39835,41041,3,42.89,-78.835,Breaking & Entering
39840,41047,3,42.892,-78.805,Theft
39844,41051,3,42.898,-78.832,Robbery
39850,41057,3,42.855,-78.819,Breaking & Entering
39860,41067,3,42.889,-78.814,Theft of Vehicle
39866,41073,3,42.857,-78.813,Theft
39868,41075,3,42.893,-78.838,Theft
39870,41077,3,42.877,-78.841,Assault
39876,41083,3,42.898,-78.807,Theft
39884,41091,3,42.895,-78.825,Breaking & Entering
39889,41096,3,42.881,-78.801,Theft
39894,41101,3,42.898,-78.836,Breaking & Entering
39911,41118,3,42.892,-78.806,Assault
39931,41138,3,42.85,-78.826,Assault
39936,41143,3,42.872,-78.805,Theft
39937,41144,3,42.89,-78.839,Robbery
39938,41145,3,42.884,-78.839,Theft
39947,41154,3,42.871,-78.811,Theft
39948,41155,3,42.854,-78.807,Theft
39953,41160,3,42.898,-78.841,Assault
39959,41166,3,42.895,-78.821,Assault
39960,41167,3,42.842,-78.829,Assault
39961,41168,3,42.887,-78.815,Breaking & Entering
39962,41169,3,42.837,-78.822,Theft
39965,41172,3,42.872,-78.853,Theft of Vehicle
39967,41174,3,42.886,-78.801,Assault
39968,41175,3,42.837,-78.824,Assault
39969,41176,3,42.894,-78.834,Theft of Vehicle
39973,41180,3,42.875,-78.809,Theft
39983,41190,3,42.851,-78.828,Theft
39991,41198,3,42.892,-78.803,Sexual Assault
39993,41200,3,42.848,-78.812,Assault
39996,41203,3,42.887,-78.803,Theft of Vehicle
40002,41209,3,42.837,-78.828,Theft
40005,41212,3,42.879,-78.84,Theft
40009,41216,3,42.855,-78.81,Theft
40020,41227,3,42.894,-78.825,Assault
40025,41232,3,42.891,-78.803,Breaking & Entering
40026,41233,3,42.885,-78.839,Assault
40037,41244,3,42.885,-78.826,Theft of Vehicle
40040,41247,3,42.848,-78.812,Assault
40042,41249,3,42.887,-78.812,Other Sexual Offense
40046,41254,3,42.893,-78.815,Theft
40049,41257,3,42.856,-78.811,Assault
40053,41261,3,42.892,-78.814,Breaking & Entering
40057,41265,3,42.895,-78.83,Theft
40063,41271,3,42.894,-78.841,Breaking & Entering
40067,41275,3,42.851,-78.802,Theft
40069,41277,3,42.854,-78.828,Theft
40082,41290,3,42.893,-78.824,Theft of Vehicle
40095,41303,3,42.896,-78.842,Sexual Assault
40096,41304,3,42.859,-78.825,Theft
40110,41319,3,42.885,-78.803,Theft
40119,41328,3,42.857,-78.824,Robbery
40120,41329,3,42.889,-78.809,Theft
40121,41330,3,42.853,-78.827,Assault
40122,41331,3,42.896,-78.814,Theft
40125,41334,3,42.88,-78.843,Theft of Vehicle
40127,41336,3,42.875,-78.829,Theft of Vehicle
40135,41344,3,42.89,-78.837,Theft
40154,41364,3,42.894,-78.82,Theft
40157,41367,3,42.894,-78.834,Theft
40162,41372,3,42.852,-78.817,Theft of Vehicle
40168,41378,3,42.892,-78.832,Assault
40173,41383,3,42.872,-78.82,Theft of Vehicle
40174,41384,3,42.898,-78.832,Assault
40184,41395,3,42.844,-78.825,Theft
40185,41396,3,42.855,-78.81,Theft
40193,41404,3,42.886,-78.811,Theft
40200,41411,3,42.871,-78.81,Theft
40206,41417,3,42.872,-78.82,Assault
40208,41419,3,42.835,-78.809,Theft of Vehicle
40209,41420,3,42.877,-78.833,Assault
40212,41423,3,42.85,-78.832,Breaking & Entering
40215,41426,3,42.886,-78.804,Theft
40229,41440,3,42.895,-78.823,Assault
40238,41449,3,42.884,-78.839,Robbery
40239,41450,3,42.898,-78.837,Breaking & Entering
40242,41453,3,42.876,-78.849,Theft of Vehicle
40248,41460,3,42.844,-78.828,Theft
40251,41463,3,42.896,-78.822,Assault
40257,41469,3,42.837,-78.822,Theft
40273,41486,3,42.892,-78.837,Theft
40280,41493,3,42.848,-78.824,Sexual Assault
40286,41499,3,42.868,-78.837,Theft
40291,41504,3,42.895,-78.83,Robbery
40294,41507,3,42.874,-78.807,Breaking & Entering
40300,41513,3,42.866,-78.858,Assault
40318,41531,3,42.848,-78.824,Robbery
40320,41533,3,42.895,-78.824,Theft
40323,41536,3,42.868,-78.806,Theft
40331,41544,3,42.858,-78.813,Assault
40332,41545,3,42.86,-78.819,Breaking & Entering
40339,41552,3,42.885,-78.814,Theft
40342,41555,3,42.895,-78.805,Assault
40354,41567,3,42.886,-78.801,Theft
40356,41569,3,42.896,-78.814,Breaking & Entering
40358,41571,3,42.89,-78.807,Breaking & Entering
40367,41580,3,42.889,-78.811,Theft
40370,41583,3,42.849,-78.823,Theft
40373,41586,3,42.85,-78.801,Breaking & Entering
40374,41587,3,42.855,-78.811,Assault
40383,41597,3,42.851,-78.802,Assault
40388,41602,3,42.891,-78.84,Breaking & Entering
40390,41604,3,42.857,-78.827,Assault
40391,41605,3,42.844,-78.83,Theft of Vehicle
40407,41621,3,42.854,-78.819,Breaking & Entering
40409,41623,3,42.857,-78.824,Theft
40410,41624,3,42.896,-78.824,Theft
40415,41629,3,42.895,-78.829,Assault
40416,41630,3,42.843,-78.81,Other Sexual Offense
40419,41633,3,42.892,-78.812,Robbery
40424,41638,3,42.87,-78.845,Theft
40430,41644,3,42.835,-78.823,Theft
40433,41647,3,42.884,-78.829,Theft
40434,41648,3,42.874,-78.809,Theft of Vehicle
40438,41652,3,42.857,-78.83,Theft of Vehicle
40441,41655,3,42.892,-78.835,Assault
40457,41671,3,42.888,-78.8,Breaking & Entering
40459,41673,3,42.892,-78.828,Breaking & Entering
40464,41678,3,42.852,-78.82,Breaking & Entering
40466,41680,3,42.894,-78.808,Theft
40469,41683,3,42.871,-78.832,Breaking & Entering
40480,41694,3,42.889,-78.812,Theft
40494,41708,3,42.849,-78.833,Breaking & Entering
40498,41712,3,42.86,-78.825,Theft
40514,41728,3,42.877,-78.848,Assault
40528,41742,3,42.896,-78.817,Robbery
40529,41743,3,42.837,-78.823,Breaking & Entering
40535,41749,3,42.887,-78.803,Theft
40548,41762,3,42.887,-78.84,Breaking & Entering
40554,41768,3,42.895,-78.83,Homicide
40571,41785,3,42.869,-78.808,Assault
40573,41787,3,42.892,-78.807,Other Sexual Offense
40575,41789,3,42.883,-78.837,Theft
40579,41793,3,42.885,-78.81,Theft of Vehicle
40583,41797,3,42.888,-78.836,Theft
40596,41810,3,42.865,-78.824,Theft
40598,41812,3,42.835,-78.824,Breaking & Entering
40601,41815,3,42.867,-78.846,Theft
40610,41824,3,42.892,-78.839,Theft
40614,41828,3,42.878,-78.808,Theft
40619,41833,3,42.88,-78.834,Theft
40625,41839,3,42.853,-78.827,Theft
40628,41842,3,42.888,-78.84,Assault
40635,41849,3,42.889,-78.803,Breaking & Entering
40639,41853,3,42.896,-78.82,Theft
40645,41859,3,42.885,-78.806,Assault
40658,41872,3,42.895,-78.832,Robbery
40660,41874,3,42.889,-78.834,Theft
40662,41876,3,42.854,-78.816,Sexual Assault
40663,41877,3,42.858,-78.807,Breaking & Entering
40665,41879,3,42.887,-78.802,Theft
40670,41884,3,42.894,-78.843,Breaking & Entering
40679,41893,3,42.889,-78.812,Theft of Vehicle
40684,41899,3,42.885,-78.811,Robbery
40688,41903,3,42.868,-78.838,Theft
40702,41917,3,42.893,-78.831,Theft
40707,41922,3,42.87,-78.807,Assault
40711,41926,3,42.893,-78.824,Breaking & Entering
40714,41929,3,42.876,-78.827,Assault
40722,41937,3,42.873,-78.853,Breaking & Entering
40725,41940,3,42.897,-78.814,Assault
40726,41941,3,42.872,-78.82,Theft
40728,41943,3,42.876,-78.804,Theft
40731,41946,3,42.894,-78.835,Breaking & Entering
40732,41947,3,42.843,-78.824,Theft
40734,41949,3,42.868,-78.837,Theft
40747,41962,3,42.896,-78.824,Robbery
40748,41963,3,42.899,-78.84,Breaking & Entering
40754,41969,3,42.892,-78.802,Theft
40762,41977,3,42.848,-78.817,Robbery
40764,41979,3,42.882,-78.84,Theft
40770,41986,3,42.857,-78.811,Robbery
40772,41988,3,42.853,-78.82,Breaking & Entering
40773,41989,3,42.857,-78.833,Breaking & Entering
40794,42010,3,42.892,-78.824,Breaking & Entering
40795,42011,3,42.858,-78.825,Breaking & Entering
40802,42019,3,42.854,-78.829,Breaking & Entering
40804,42021,3,42.853,-78.82,Theft
40811,42028,3,42.897,-78.805,Theft
40823,42040,3,42.853,-78.831,Theft
40825,42042,3,42.872,-78.812,Assault
40831,42048,3,42.87,-78.811,Theft
40840,42057,3,42.89,-78.837,Assault
40843,42060,3,42.858,-78.833,Theft of Vehicle
40847,42064,3,42.859,-78.811,Breaking & Entering
40857,42074,3,42.885,-78.804,Breaking & Entering
40867,42084,3,42.891,-78.814,Assault
40879,42096,3,42.858,-78.808,Sexual Assault
40888,42105,3,42.847,-78.832,Theft
40890,42107,3,42.863,-78.813,Theft
40895,42112,3,42.848,-78.824,Assault
40897,42114,3,42.892,-78.826,Assault
40899,42116,3,42.859,-78.834,Theft
40904,42121,3,42.891,-78.832,Theft
40913,42130,3,42.849,-78.823,Theft
40924,42141,3,42.869,-78.846,Theft
40929,42146,3,42.892,-78.832,Breaking & Entering
40931,42148,3,42.853,-78.819,Breaking & Entering
40952,42170,3,42.893,-78.82,Breaking & Entering
40957,42175,3,42.886,-78.809,Theft
40963,42181,3,42.877,-78.803,Breaking & Entering
40966,42184,3,42.89,-78.803,Theft
40974,42192,3,42.86,-78.812,Assault
40976,42194,3,42.861,-78.812,Theft
40984,42202,3,42.855,-78.833,Theft
41000,42218,3,42.876,-78.85,Breaking & Entering
41002,42220,3,42.884,-78.833,Theft
41009,42227,3,42.874,-78.848,Theft
41010,42228,3,42.878,-78.813,Assault
41014,42232,3,42.893,-78.834,Theft
41034,42252,3,42.896,-78.807,Theft of Vehicle
41037,42255,3,42.894,-78.806,Theft
41041,42259,3,42.893,-78.823,Breaking & Entering
41044,42262,3,42.89,-78.807,Assault
41045,42263,3,42.894,-78.805,Theft
41060,42278,3,42.858,-78.81,Theft
41061,42279,3,42.834,-78.812,Theft
41074,42292,3,42.855,-78.827,Theft
41087,42305,3,42.885,-78.811,Breaking & Entering
41089,42307,3,42.884,-78.831,Theft
41090,42308,3,42.898,-78.816,Theft
41092,42310,3,42.898,-78.839,Robbery
41093,42311,3,42.859,-78.816,Breaking & Entering
41105,42323,3,42.891,-78.814,Assault
41108,42326,3,42.853,-78.829,Assault
41117,42335,3,42.856,-78.811,Theft
41155,42373,3,42.893,-78.824,Breaking & Entering
41156,42374,3,42.875,-78.846,Assault
41162,42380,3,42.892,-78.824,Breaking & Entering
41163,42381,3,42.85,-78.831,Theft
41165,42383,3,42.877,-78.81,Theft of Vehicle
41169,42387,3,42.87,-78.811,Assault
41171,42389,3,42.877,-78.804,Theft
41172,42390,3,42.892,-78.834,Assault
41177,42395,3,42.854,-78.808,Theft
41179,42397,3,42.891,-78.831,Breaking & Entering
41184,42402,3,42.851,-78.82,Theft
41185,42403,3,42.856,-78.829,Breaking & Entering
41186,42404,3,42.87,-78.83,Theft
41188,42406,3,42.872,-78.825,Assault
41189,42407,3,42.886,-78.803,Theft
41205,42423,3,42.853,-78.804,Breaking & Entering
41227,42447,3,42.857,-78.805,Theft
41235,42455,3,42.899,-78.823,Theft
41237,42457,3,42.88,-78.833,Assault
41238,42458,3,42.888,-78.805,Theft
41240,42460,3,42.898,-78.831,Theft
41241,42461,3,42.888,-78.806,Breaking & Entering
41245,42465,3,42.899,-78.831,Assault
41250,42470,3,42.865,-78.806,Breaking & Entering
41252,42472,3,42.894,-78.82,Sexual Offense
41256,42476,3,42.882,-78.845,Breaking & Entering
41257,42477,3,42.875,-78.809,Theft
41261,42481,3,42.863,-78.821,Theft
41263,42483,3,42.884,-78.835,Other Sexual Offense
41265,42485,3,42.869,-78.809,Assault
41278,42498,3,42.896,-78.832,Assault
41292,42512,3,42.889,-78.839,Breaking & Entering
41293,42513,3,42.864,-78.802,Theft of Vehicle
41302,42523,3,42.856,-78.81,Assault
41305,42526,3,42.856,-78.812,Theft of Vehicle
41312,42534,3,42.893,-78.808,Robbery
41320,42543,3,42.844,-78.832,Robbery
41323,42546,3,42.88,-78.814,Theft
41324,42548,3,42.89,-78.834,Assault
41326,42550,3,42.889,-78.813,Theft
41331,42555,3,42.854,-78.805,Theft
41334,42558,3,42.881,-78.834,Robbery
41337,42561,3,42.878,-78.834,Breaking & Entering
41343,42567,3,42.893,-78.84,Assault
41344,42568,3,42.857,-78.812,Theft
41359,42583,3,42.889,-78.838,Assault
41367,42592,3,42.86,-78.825,Theft
41368,42593,3,42.891,-78.801,Breaking & Entering
41374,42599,3,42.893,-78.805,Theft of Vehicle
41382,42607,3,42.871,-78.852,Assault
41385,42610,3,42.898,-78.84,Theft
41387,42612,3,42.89,-78.801,Theft
41390,42617,3,42.866,-78.822,Assault
41395,42622,3,42.898,-78.815,Sexual Assault
41401,42628,3,42.835,-78.802,Breaking & Entering
41402,42629,3,42.896,-78.816,Assault
41415,42642,3,42.893,-78.837,Robbery
41424,42651,3,42.897,-78.806,Theft of Vehicle
41426,42653,3,42.879,-78.836,Assault
41428,42655,3,42.893,-78.827,Assault
41429,42656,3,42.842,-78.821,Theft
41431,42658,3,42.895,-78.815,Theft
41442,42669,3,42.836,-78.806,Breaking & Entering
41447,42674,3,42.859,-78.805,Theft
41462,42689,3,42.898,-78.806,Breaking & Entering
41463,42690,3,42.889,-78.808,Theft
41465,42692,3,42.889,-78.801,Theft
41468,42695,3,42.868,-78.846,Theft
41469,42696,3,42.898,-78.834,Theft
41472,42699,3,42.848,-78.812,Theft
41476,42703,3,42.871,-78.831,Theft
41481,42708,3,42.878,-78.836,Breaking & Entering
41487,42715,3,42.894,-78.83,Theft of Vehicle
41488,42716,3,42.891,-78.836,Sexual Assault
41496,42724,3,42.84,-78.823,Theft
41502,42730,3,42.858,-78.831,Assault
41505,42733,3,42.853,-78.819,Breaking & Entering
41508,42736,3,42.884,-78.833,Breaking & Entering
41509,42737,3,42.897,-78.821,Theft of Vehicle
41513,42741,3,42.848,-78.836,Theft
41517,42745,3,42.898,-78.807,Theft
41531,42759,3,42.879,-78.835,Breaking & Entering
41533,42761,3,42.843,-78.819,Breaking & Entering
41537,42765,3,42.885,-78.839,Robbery
41542,42770,3,42.895,-78.83,Theft
41543,42771,3,42.89,-78.811,Theft of Vehicle
41555,42783,3,42.838,-78.832,Assault
41564,42792,3,42.872,-78.843,Assault
41565,42793,3,42.899,-78.837,Assault
41568,42796,3,42.885,-78.838,Robbery
41576,42804,3,42.889,-78.811,Other Sexual Offense
41580,42808,3,42.88,-78.839,Theft
41584,42812,3,42.845,-78.824,Theft
41585,42813,3,42.867,-78.806,Theft
41595,42823,3,42.852,-78.827,Theft of Vehicle
41607,42835,3,42.897,-78.84,Assault
41613,42841,3,42.898,-78.83,Theft
41618,42846,3,42.841,-78.824,Theft
41622,42850,3,42.834,-78.815,Assault
41624,42852,3,42.896,-78.836,Breaking & Entering
41625,42853,3,42.891,-78.83,Breaking & Entering
41633,42861,3,42.868,-78.846,Assault
41640,42868,3,42.89,-78.834,Theft
41651,42880,3,42.887,-78.839,Assault
41654,42883,3,42.866,-78.83,Theft
41656,42885,3,42.88,-78.841,Theft
41667,42896,3,42.837,-78.821,Assault
41668,42897,3,42.892,-78.844,Theft of Vehicle
41676,42905,3,42.887,-78.839,Theft
41690,42919,3,42.885,-78.801,Breaking & Entering
41705,42934,3,42.888,-78.815,Theft of Vehicle
41728,42958,3,42.887,-78.807,Assault
41730,42960,3,42.852,-78.806,Theft
41736,42966,3,42.878,-78.816,Theft of Vehicle
41738,42968,3,42.878,-78.816,Theft
41740,42970,3,42.877,-78.814,Theft
41745,42975,3,42.841,-78.824,Theft
41751,42981,3,42.861,-78.817,Assault
41760,42990,3,42.851,-78.801,Breaking & Entering
41777,43007,3,42.872,-78.804,Theft
41780,43010,3,42.885,-78.84,Theft
41788,43018,3,42.887,-78.815,Theft
41792,43022,3,42.888,-78.837,Breaking & Entering
41793,43023,3,42.886,-78.806,Breaking & Entering
41794,43024,3,42.853,-78.807,Assault
41795,43025,3,42.888,-78.81,Sexual Assault
41797,43027,3,42.857,-78.812,Theft
41808,43038,3,42.873,-78.818,Theft of Vehicle
41810,43040,3,42.885,-78.839,Assault
41838,43070,3,42.853,-78.807,Robbery
41842,43074,3,42.895,-78.806,Theft of Vehicle
41848,43080,3,42.858,-78.803,Assault
41850,43082,3,42.867,-78.846,Theft
41851,43083,3,42.877,-78.843,Breaking & Entering
41855,43087,3,42.868,-78.802,Theft
41861,43093,3,42.881,-78.833,Theft
41864,43096,3,42.866,-78.849,Assault
41870,43102,3,42.856,-78.805,Assault
41873,43105,3,42.894,-78.83,Breaking & Entering
41880,43112,3,42.863,-78.821,Theft
41888,43120,3,42.886,-78.815,Breaking & Entering
41890,43122,3,42.854,-78.828,Assault
41897,43129,3,42.858,-78.825,Robbery
41904,43137,3,42.899,-78.818,Assault
41907,43140,3,42.871,-78.83,Breaking & Entering
41911,43144,3,42.869,-78.83,Theft of Vehicle
41912,43145,3,42.894,-78.825,Breaking & Entering
41917,43152,3,42.881,-78.801,Theft
41920,43155,3,42.898,-78.807,Robbery
41929,43164,3,42.895,-78.828,Theft of Vehicle
41931,43166,3,42.89,-78.837,Assault
41935,43170,3,42.878,-78.8,Theft
41944,43179,3,42.835,-78.824,Robbery
41948,43183,3,42.869,-78.817,Theft
41952,43187,3,42.898,-78.837,Robbery
41955,43190,3,42.884,-78.833,Theft
41966,43201,3,42.85,-78.804,Assault
41967,43202,3,42.876,-78.852,Theft
41970,43205,3,42.896,-78.8,Breaking & Entering
41975,43210,3,42.857,-78.826,Breaking & Entering
41978,43213,3,42.868,-78.846,Robbery
41981,43216,3,42.873,-78.842,Theft
41982,43217,3,42.893,-78.839,Breaking & Entering
41983,43218,3,42.875,-78.8,Theft
41986,43221,3,42.848,-78.824,Other Sexual Offense
41989,43224,3,42.874,-78.827,Breaking & Entering
41992,43227,3,42.884,-78.826,Theft
41995,43230,3,42.873,-78.824,Assault
42002,43237,3,42.896,-78.823,Robbery
42006,43241,3,42.883,-78.835,Breaking & Entering
42008,43243,3,42.877,-78.844,Theft
42009,43244,3,42.887,-78.837,Assault
42019,43254,3,42.875,-78.819,Theft
42021,43256,3,42.853,-78.823,Breaking & Entering
42023,43258,3,42.857,-78.807,Assault
42024,43259,3,42.837,-78.825,Assault
42025,43260,3,42.88,-78.841,Breaking & Entering
42033,43268,3,42.853,-78.81,Theft of Vehicle
42039,43275,3,42.89,-78.81,Theft
42063,43300,3,42.881,-78.836,Assault
42065,43302,3,42.849,-78.802,Breaking & Entering
42070,43307,3,42.848,-78.824,Theft of Vehicle
42072,43309,3,42.852,-78.826,Assault
42076,43313,3,42.87,-78.847,Theft of Vehicle
42078,43315,3,42.895,-78.831,Breaking & Entering
42081,43319,3,42.89,-78.812,Assault
42086,43324,3,42.898,-78.835,Breaking & Entering
42088,43326,3,42.87,-78.836,Assault
42089,43328,3,42.886,-78.845,Assault
42090,43329,3,42.896,-78.836,Breaking & Entering
42093,43332,3,42.869,-78.846,Theft of Vehicle
42098,43337,3,42.853,-78.832,Breaking & Entering
42104,43343,3,42.845,-78.823,Theft
42105,43344,3,42.853,-78.809,Theft
42113,43352,3,42.857,-78.829,Theft
42114,43353,3,42.893,-78.827,Assault
42116,43355,3,42.833,-78.819,Breaking & Entering
42117,43356,3,42.855,-78.832,Assault
42121,43360,3,42.843,-78.809,Breaking & Entering
42123,43362,3,42.893,-78.841,Theft
42125,43364,3,42.857,-78.809,Assault
42126,43365,3,42.848,-78.812,Assault
42129,43368,3,42.842,-78.813,Theft
42130,43369,3,42.848,-78.819,Assault
42133,43372,3,42.887,-78.805,Robbery
42134,43373,3,42.893,-78.838,Theft
42137,43376,3,42.839,-78.819,Theft
42138,43377,3,42.896,-78.82,Theft
42144,43383,3,42.898,-78.816,Theft of Vehicle
42149,43388,3,42.884,-78.839,Theft
42156,43395,3,42.849,-78.828,Breaking & Entering
42157,43396,3,42.863,-78.817,Breaking & Entering
42158,43397,3,42.888,-78.843,Theft
42165,43405,3,42.897,-78.838,Theft
42170,43410,3,42.892,-78.834,Theft
42182,43422,3,42.879,-78.836,Breaking & Entering
42185,43425,3,42.876,-78.826,Theft
42198,43439,3,42.838,-78.806,Theft
42205,43446,3,42.852,-78.815,Theft
42221,43463,3,42.882,-78.835,Breaking & Entering
42237,43479,3,42.887,-78.842,Theft
42241,43483,3,42.887,-78.837,Robbery
42249,43491,3,42.858,-78.813,Robbery
42253,43495,3,42.855,-78.834,Theft of Vehicle
42256,43498,3,42.896,-78.823,Theft of Vehicle
42258,43500,3,42.895,-78.827,Assault
42264,43506,3,42.833,-78.813,Theft of Vehicle
42269,43511,3,42.875,-78.806,Sexual Assault
42275,43517,3,42.896,-78.823,Breaking & Entering
42276,43518,3,42.893,-78.827,Breaking & Entering
42285,43527,3,42.894,-78.822,Theft
42292,43534,3,42.897,-78.824,Breaking & Entering
42294,43536,3,42.885,-78.825,Theft
42299,43541,3,42.893,-78.841,Theft
42304,43546,3,42.896,-78.802,Breaking & Entering
42322,43564,3,42.844,-78.811,Theft
42325,43567,3,42.852,-78.808,Theft
42327,43569,3,42.897,-78.841,Assault
42330,43572,3,42.857,-78.826,Assault
42333,43575,3,42.87,-78.81,Theft
42335,43577,3,42.835,-78.827,Assault
42340,43582,3,42.868,-78.848,Assault
42350,43592,3,42.856,-78.818,Theft
42361,43603,3,42.867,-78.823,Theft of Vehicle
42366,43608,3,42.87,-78.807,Breaking & Entering
42367,43610,3,42.89,-78.805,Breaking & Entering
42393,43636,3,42.888,-78.804,Theft
42403,43646,3,42.852,-78.802,Theft
42407,43650,3,42.848,-78.813,Assault
42411,43654,3,42.843,-78.82,Theft
42421,43664,3,42.851,-78.801,Theft
42423,43666,3,42.896,-78.809,Breaking & Entering
42439,43682,3,42.899,-78.831,Breaking & Entering
42440,43683,3,42.896,-78.819,Breaking & Entering
42446,43689,3,42.899,-78.82,Theft
42458,43701,3,42.889,-78.837,Assault
42459,43702,3,42.842,-78.822,Breaking & Entering
42471,43716,3,42.893,-78.84,Assault
42473,43718,3,42.856,-78.819,Theft
42475,43720,3,42.853,-78.803,Assault
42478,43723,3,42.884,-78.842,Breaking & Entering
42481,43726,3,42.849,-78.831,Theft
42486,43731,3,42.869,-78.817,Breaking & Entering
42492,43737,3,42.898,-78.807,Theft
42499,43744,3,42.879,-78.836,Theft of Vehicle
42501,43746,3,42.869,-78.849,Assault
42504,43749,3,42.88,-78.802,Theft
42513,43758,3,42.854,-78.807,Theft
42514,43759,3,42.841,-78.825,Assault
42519,43764,3,42.852,-78.82,Breaking & Entering
42528,43773,3,42.869,-78.849,Breaking & Entering
42529,43774,3,42.85,-78.824,Theft
42531,43776,3,42.878,-78.801,Theft
42533,43778,3,42.898,-78.835,Robbery
42535,43780,3,42.862,-78.813,Breaking & Entering
42539,43784,3,42.883,-78.814,Theft
42545,43790,3,42.855,-78.81,Theft
42552,43797,3,42.855,-78.834,Assault
42558,43803,3,42.882,-78.84,Assault
42559,43804,3,42.895,-78.842,Assault
42572,43817,3,42.898,-78.807,Theft
42581,43826,3,42.886,-78.801,Breaking & Entering
42582,43827,3,42.885,-78.808,Breaking & Entering
42583,43828,3,42.878,-78.801,Theft
42584,43829,3,42.893,-78.839,Theft
42595,43840,3,42.831,-78.824,Theft
42596,43841,3,42.872,-78.805,Assault
42599,43844,3,42.897,-78.804,Theft
42609,43854,3,42.872,-78.808,Assault
42616,43861,3,42.889,-78.811,Assault
42617,43862,3,42.842,-78.823,Theft
42619,43864,3,42.855,-78.827,Assault
42623,43868,3,42.861,-78.802,Robbery
42637,43882,3,42.896,-78.821,Theft
42640,43885,3,42.854,-78.81,Theft
42651,43896,3,42.871,-78.815,Theft
42652,43897,3,42.85,-78.812,Theft
42665,43910,3,42.855,-78.813,Theft
42667,43912,3,42.877,-78.841,Assault
42673,43918,3,42.886,-78.844,Breaking & Entering
42676,43921,3,42.856,-78.809,Assault
42679,43924,3,42.893,-78.837,Robbery
42680,43925,3,42.884,-78.824,Robbery
42682,43927,3,42.894,-78.835,Assault
42683,43928,3,42.895,-78.805,Assault
42689,43934,3,42.89,-78.801,Breaking & Entering
42695,43940,3,42.846,-78.819,Breaking & Entering
42699,43944,3,42.896,-78.833,Breaking & Entering
42708,43953,3,42.851,-78.823,Theft
42713,43958,3,42.897,-78.814,Assault
42714,43959,3,42.858,-78.831,Theft
42725,43970,3,42.878,-78.842,Breaking & Entering
42726,43971,3,42.899,-78.81,Theft
42727,43972,3,42.889,-78.801,Assault
42731,43976,3,42.889,-78.812,Assault
42732,43977,3,42.848,-78.824,Assault
42734,43979,3,42.88,-78.839,Assault
42739,43984,3,42.88,-78.85,Assault
42745,43990,3,42.898,-78.831,Breaking & Entering
42748,43993,3,42.851,-78.806,Theft
42751,43997,3,42.855,-78.827,Assault
42755,44001,3,42.844,-78.83,Theft
42757,44003,3,42.853,-78.832,Assault
42758,44004,3,42.886,-78.803,Theft of Vehicle
42762,44008,3,42.896,-78.836,Theft of Vehicle
42768,44014,3,42.885,-78.803,Assault
42793,44040,3,42.855,-78.825,Breaking & Entering
42797,44044,3,42.882,-78.841,Theft of Vehicle
42798,44045,3,42.852,-78.82,Theft
42810,44058,3,42.858,-78.813,Theft
42816,44064,3,42.842,-78.809,Assault
42828,44076,3,42.882,-78.83,Breaking & Entering
42831,44079,3,42.889,-78.803,Breaking & Entering
42837,44085,3,42.878,-78.848,Breaking & Entering
42840,44088,3,42.858,-78.813,Breaking & Entering
42843,44092,3,42.892,-78.84,Theft
42845,44094,3,42.854,-78.815,Theft
42846,44095,3,42.871,-78.811,Theft
42854,44103,3,42.851,-78.807,Theft
42857,44106,3,42.857,-78.833,Theft
42858,44107,3,42.869,-78.851,Breaking & Entering
42868,44117,3,42.896,-78.814,Assault
42876,44125,3,42.896,-78.824,Theft
42878,44127,3,42.857,-78.812,Theft
42881,44130,3,42.855,-78.808,Theft
42899,44149,3,42.892,-78.83,Breaking & Entering
42900,44150,3,42.893,-78.841,Robbery
42901,44151,3,42.879,-78.813,Theft
42903,44153,3,42.887,-78.808,Breaking & Entering
42904,44154,3,42.874,-78.808,Assault
42907,44158,3,42.887,-78.846,Breaking & Entering
42910,44161,3,42.898,-78.836,Breaking & Entering
42914,44165,3,42.893,-78.833,Breaking & Entering
42915,44166,3,42.853,-78.811,Theft
42932,44183,3,42.841,-78.825,Theft
42937,44188,3,42.849,-78.832,Breaking & Entering
42943,44194,3,42.857,-78.82,Theft
42952,44203,3,42.86,-78.816,Theft
42963,44215,3,42.89,-78.832,Assault
42967,44219,3,42.894,-78.831,Breaking & Entering
42978,44230,3,42.874,-78.82,Theft
42980,44232,3,42.866,-78.822,Theft
42983,44235,3,42.896,-78.816,Theft of Vehicle
42992,44245,3,42.899,-78.84,Other Sexual Offense
42993,44246,3,42.893,-78.838,Assault
43005,44258,3,42.851,-78.826,Theft
43007,44260,3,42.89,-78.804,Theft
43009,44262,3,42.858,-78.831,Theft
43013,44266,3,42.871,-78.807,Theft of Vehicle
43014,44267,3,42.894,-78.835,Robbery
43030,44283,3,42.896,-78.817,Theft
43038,44291,3,42.89,-78.8,Robbery
43039,44292,3,42.887,-78.842,Assault
43050,44304,3,42.838,-78.827,Theft
43052,44306,3,42.889,-78.808,Theft
43054,44308,3,42.896,-78.836,Other Sexual Offense
43063,44317,3,42.852,-78.805,Theft
43064,44318,3,42.868,-78.806,Theft
43066,44320,3,42.894,-78.819,Breaking & Entering
43067,44321,3,42.897,-78.837,Robbery
43072,44326,3,42.841,-78.824,Theft
43077,44331,3,42.838,-78.83,Theft
43088,44342,3,42.897,-78.817,Assault
43094,44348,3,42.894,-78.822,Assault
43098,44352,3,42.87,-78.807,Assault
43100,44354,3,42.883,-78.836,Breaking & Entering
43107,44361,3,42.888,-78.802,Theft
43109,44363,3,42.892,-78.838,Theft
43121,44375,3,42.888,-78.841,Theft
43126,44380,3,42.847,-78.801,Theft
43133,44387,3,42.877,-78.846,Breaking & Entering
43134,44388,3,42.872,-78.805,Assault
43135,44389,3,42.895,-78.832,Assault
43139,44393,3,42.881,-78.835,Breaking & Entering
43158,44412,3,42.896,-78.84,Breaking & Entering
43159,44413,3,42.897,-78.832,Breaking & Entering
43161,44415,3,42.885,-78.814,Assault
43162,44416,3,42.842,-78.816,Theft
43168,44422,3,42.884,-78.848,Breaking & Entering
43171,44425,3,42.888,-78.814,Theft of Vehicle
43172,44426,3,42.874,-78.804,Assault
43182,44436,3,42.897,-78.8,Theft
43183,44437,3,42.885,-78.81,Theft
43184,44438,3,42.84,-78.826,Breaking & Entering
43192,44446,3,42.891,-78.812,Breaking & Entering
43194,44448,3,42.897,-78.804,Assault
43196,44450,3,42.843,-78.826,Assault
43201,44455,3,42.899,-78.819,Assault
43202,44456,3,42.845,-78.823,Robbery
43203,44457,3,42.868,-78.817,Breaking & Entering
43205,44459,3,42.854,-78.832,Theft of Vehicle
43212,44466,3,42.853,-78.827,Theft
43222,44476,3,42.843,-78.829,Theft
43223,44477,3,42.889,-78.808,Theft
43226,44480,3,42.856,-78.833,Assault
43234,44488,3,42.844,-78.828,Assault
43236,44490,3,42.873,-78.824,Assault
43247,44501,3,42.856,-78.808,Other Sexual Offense
43251,44505,3,42.846,-78.823,Theft
43266,44520,3,42.875,-78.809,Theft
43274,44528,3,42.87,-78.837,Theft
43276,44530,3,42.892,-78.833,Breaking & Entering
43281,44535,3,42.897,-78.824,Robbery
43282,44536,3,42.894,-78.837,Theft
43289,44543,3,42.881,-78.836,Theft of Vehicle
43292,44546,3,42.866,-78.851,Sexual Assault
43310,44566,3,42.896,-78.823,Breaking & Entering
43313,44569,3,42.87,-78.809,Assault
43322,44578,3,42.873,-78.811,Theft
43331,44587,3,42.86,-78.813,Theft
43337,44593,3,42.889,-78.812,Theft
43338,44594,3,42.857,-78.823,Assault
43339,44595,3,42.854,-78.802,Theft
43344,44600,3,42.855,-78.817,Theft
43347,44603,3,42.899,-78.83,Robbery
43350,44606,3,42.892,-78.844,Breaking & Entering
43357,44613,3,42.835,-78.822,Assault
43361,44617,3,42.878,-78.833,Breaking & Entering
43363,44619,3,42.867,-78.851,Assault
43364,44620,3,42.862,-78.802,Theft
43366,44622,3,42.857,-78.815,Theft of Vehicle
43372,44628,3,42.891,-78.8,Assault
43389,44645,3,42.893,-78.825,Breaking & Entering
43400,44656,3,42.892,-78.83,Theft
43404,44660,3,42.894,-78.826,Other Sexual Offense
43405,44661,3,42.891,-78.832,Robbery
43429,44686,3,42.856,-78.828,Theft
43438,44696,3,42.891,-78.807,Assault
43440,44698,3,42.896,-78.818,Theft
43447,44705,3,42.896,-78.815,Theft
43449,44707,3,42.892,-78.83,Breaking & Entering
43452,44710,3,42.891,-78.835,Assault
43453,44711,3,42.899,-78.832,Breaking & Entering
43454,44712,3,42.897,-78.818,Breaking & Entering
43457,44715,3,42.873,-78.822,Theft
43458,44716,3,42.858,-78.831,Theft
43465,44723,3,42.896,-78.821,Assault
43466,44724,3,42.892,-78.839,Theft
43470,44728,3,42.857,-78.813,Assault
43472,44730,3,42.884,-78.802,Theft
43481,44739,3,42.842,-78.821,Breaking & Entering
43482,44740,3,42.878,-78.848,Theft of Vehicle
43485,44743,3,42.874,-78.808,Theft
43496,44754,3,42.892,-78.825,Theft
43497,44755,3,42.878,-78.801,Theft
43500,44758,3,42.832,-78.811,Theft
43501,44759,3,42.855,-78.828,Robbery
43504,44762,3,42.869,-78.803,Breaking & Entering
43511,44769,3,42.869,-78.81,Assault
43512,44770,3,42.854,-78.831,Assault
43517,44775,3,42.895,-78.82,Theft of Vehicle
43536,44794,3,42.855,-78.818,Assault
43539,44797,3,42.884,-78.845,Breaking & Entering
43555,44814,3,42.873,-78.807,Breaking & Entering
43568,44827,3,42.897,-78.814,Robbery
43576,44835,3,42.875,-78.826,Robbery
43597,44858,3,42.89,-78.838,Theft
43599,44860,3,42.883,-78.833,Theft
43601,44862,3,42.898,-78.816,Theft
43603,44864,3,42.885,-78.814,Assault
43616,44877,3,42.835,-78.814,Theft
43617,44878,3,42.898,-78.839,Theft
43618,44879,3,42.847,-78.824,Theft
43626,44887,3,42.851,-78.812,Theft
43635,44896,3,42.872,-78.806,Breaking & Entering
43636,44897,3,42.857,-78.829,Theft
43639,44900,3,42.85,-78.802,Assault
43640,44901,3,42.858,-78.831,Theft
43641,44902,3,42.89,-78.834,Theft of Vehicle
43647,44908,3,42.852,-78.832,Breaking & Entering
43654,44915,3,42.898,-78.816,Assault
43663,44924,3,42.896,-78.824,Assault
43665,44926,3,42.857,-78.821,Theft
43670,44931,3,42.862,-78.814,Breaking & Entering
43671,44932,3,42.855,-78.818,Theft of Vehicle
43675,44936,3,42.892,-78.841,Other Sexual Offense
43685,44947,3,42.846,-78.816,Theft
43691,44953,3,42.861,-78.839,Theft
43694,44956,3,42.89,-78.802,Assault
43702,44964,3,42.895,-78.842,Theft
43703,44965,3,42.894,-78.834,Theft
43704,44966,3,42.893,-78.82,Assault
43714,44976,3,42.872,-78.808,Theft of Vehicle
43719,44981,3,42.894,-78.826,Assault
43720,44982,3,42.849,-78.801,Robbery
43722,44984,3,42.846,-78.821,Theft
43731,44993,3,42.848,-78.813,Assault
43738,45000,3,42.885,-78.843,Assault
43739,45001,3,42.854,-78.826,Theft
43740,45002,3,42.847,-78.832,Theft
43741,45003,3,42.891,-78.825,Theft
43744,45006,3,42.88,-78.839,Breaking & Entering
43746,45008,3,42.851,-78.806,Assault
43754,45016,3,42.847,-78.827,Assault
43757,45019,3,42.841,-78.824,Theft
43758,45020,3,42.878,-78.846,Assault
43764,45026,3,42.858,-78.809,Breaking & Entering
43765,45027,3,42.897,-78.817,Theft of Vehicle
43767,45029,3,42.885,-78.807,Assault
43772,45034,3,42.894,-78.834,Sexual Assault
43774,45036,3,42.878,-78.801,Theft
43777,45039,3,42.895,-78.819,Assault
43786,45048,3,42.878,-78.834,Theft
43792,45054,3,42.892,-78.838,Robbery
43793,45055,3,42.852,-78.805,Theft
43794,45056,3,42.857,-78.833,Assault
43798,45060,3,42.848,-78.824,Assault
43810,45073,3,42.871,-78.815,Assault
43814,45077,3,42.835,-78.824,Breaking & Entering
43817,45080,3,42.897,-78.816,Breaking & Entering
43818,45081,3,42.868,-78.848,Theft
43819,45082,3,42.878,-78.805,Theft
43825,45088,3,42.857,-78.823,Breaking & Entering
43830,45093,3,42.848,-78.802,Theft
43838,45101,3,42.899,-78.815,Breaking & Entering
43847,45110,3,42.855,-78.826,Theft
43850,45113,3,42.874,-78.853,Breaking & Entering
43853,45116,3,42.877,-78.805,Theft
43861,45124,3,42.886,-78.839,Theft
43862,45125,3,42.834,-78.816,Theft
43865,45128,3,42.875,-78.85,Theft
43872,45135,3,42.851,-78.83,Theft
43876,45139,3,42.869,-78.808,Robbery
43877,45140,3,42.899,-78.821,Breaking & Entering
43887,45150,3,42.879,-78.836,Theft
43889,45152,3,42.858,-78.822,Breaking & Entering
43891,45154,3,42.885,-78.814,Theft
43893,45156,3,42.852,-78.807,Theft
43895,45158,3,42.851,-78.822,Breaking & Entering
43909,45172,3,42.835,-78.824,Assault
43912,45175,3,42.879,-78.835,Theft
43916,45179,3,42.882,-78.847,Breaking & Entering
43917,45180,3,42.889,-78.808,Theft
43919,45182,3,42.848,-78.812,Theft
43926,45189,3,42.889,-78.803,Breaking & Entering
43928,45191,3,42.894,-78.821,Theft
43930,45193,3,42.854,-78.822,Theft of Vehicle
43940,45203,3,42.896,-78.836,Breaking & Entering
43942,45205,3,42.842,-78.816,Breaking & Entering
43946,45209,3,42.887,-78.84,Breaking & Entering
43950,45213,3,42.858,-78.818,Assault
43957,45220,3,42.848,-78.802,Theft
43960,45223,3,42.854,-78.809,Assault
43962,45225,3,42.848,-78.824,Assault
43966,45229,3,42.854,-78.809,Assault
43978,45241,3,42.869,-78.809,Assault
43979,45242,3,42.854,-78.82,Assault
43986,45249,3,42.856,-78.826,Breaking & Entering
43996,45259,3,42.854,-78.811,Theft
43997,45260,3,42.896,-78.805,Assault
44002,45265,3,42.837,-78.823,Theft
44008,45271,3,42.873,-78.81,Breaking & Entering
44025,45288,3,42.894,-78.819,Breaking & Entering
44030,45293,3,42.882,-78.835,Assault
44036,45299,3,42.832,-78.811,Breaking & Entering
44044,45307,3,42.894,-78.83,Theft
44048,45311,3,42.871,-78.83,Assault
44052,45315,3,42.857,-78.835,Breaking & Entering
44057,45320,3,42.843,-78.824,Theft of Vehicle
44061,45324,3,42.873,-78.81,Theft
44075,45338,3,42.895,-78.803,Theft
44076,45339,3,42.848,-78.824,Assault
44081,45344,3,42.869,-78.85,Breaking & Entering
44093,45356,3,42.852,-78.813,Assault
44096,45359,3,42.849,-78.832,Theft
44102,45365,3,42.851,-78.827,Breaking & Entering
44104,45367,3,42.871,-78.83,Breaking & Entering
44106,45369,3,42.859,-78.826,Robbery
44112,45376,3,42.854,-78.815,Breaking & Entering
44114,45378,3,42.896,-78.82,Theft of Vehicle
44119,45383,3,42.861,-78.839,Theft
44126,45390,3,42.85,-78.803,Theft
44129,45393,3,42.866,-78.829,Theft
44133,45397,3,42.857,-78.811,Theft
44136,45400,3,42.892,-78.825,Theft
44137,45401,3,42.888,-78.8,Assault
44140,45404,3,42.899,-78.819,Breaking & Entering
44141,45405,3,42.87,-78.846,Theft
44142,45406,3,42.884,-78.839,Breaking & Entering
44144,45408,3,42.858,-78.81,Theft of Vehicle
44156,45420,3,42.892,-78.839,Breaking & Entering
44158,45422,3,42.893,-78.841,Theft
44159,45423,3,42.858,-78.831,Theft
44165,45429,3,42.893,-78.839,Theft
44168,45432,3,42.856,-78.809,Theft
44185,45449,3,42.863,-78.809,Assault
44192,45456,3,42.836,-78.826,Theft
44195,45459,3,42.845,-78.824,Theft
44202,45466,3,42.865,-78.856,Theft
44210,45474,3,42.847,-78.803,Theft of Vehicle
44212,45476,3,42.834,-78.816,Assault
44224,45488,3,42.848,-78.824,Theft of Vehicle
44226,45490,3,42.893,-78.839,Robbery
44228,45492,3,42.845,-78.81,Breaking & Entering
44242,45506,3,42.852,-78.803,Breaking & Entering
44245,45510,3,42.841,-78.813,Breaking & Entering
44247,45512,3,42.851,-78.828,Breaking & Entering
44256,45521,3,42.856,-78.828,Theft of Vehicle
44257,45522,3,42.856,-78.832,Assault
44263,45529,3,42.885,-78.84,Theft of Vehicle
44265,45531,3,42.897,-78.814,Robbery
44276,45542,3,42.886,-78.805,Assault
44277,45543,3,42.889,-78.814,Theft
44279,45545,3,42.862,-78.819,Robbery
44286,45552,3,42.898,-78.831,Assault
44297,45563,3,42.858,-78.813,Theft
44300,45566,3,42.839,-78.818,Theft
44317,45583,3,42.889,-78.839,Robbery
44318,45584,3,42.894,-78.821,Theft of Vehicle
44324,45591,3,42.84,-78.824,Theft
44326,45593,3,42.879,-78.842,Theft
44327,45594,3,42.878,-78.851,Theft
44343,45610,3,42.86,-78.822,Assault
44348,45615,3,42.877,-78.824,Breaking & Entering
44351,45618,3,42.882,-78.833,Theft
44358,45625,3,42.869,-78.808,Assault
44359,45626,3,42.894,-78.835,Assault
44361,45628,3,42.863,-78.825,Breaking & Entering
44377,45644,3,42.896,-78.805,Breaking & Entering
44381,45648,3,42.87,-78.829,Theft
44388,45655,3,42.86,-78.82,Breaking & Entering
44393,45660,3,42.889,-78.801,Assault
44395,45662,3,42.861,-78.821,Theft
44411,45678,3,42.855,-78.828,Theft
44425,45692,3,42.883,-78.844,Breaking & Entering
44433,45700,3,42.856,-78.81,Breaking & Entering
44445,45713,3,42.89,-78.803,Theft
44452,45721,3,42.857,-78.833,Theft
44453,45722,3,42.834,-78.812,Assault
44454,45723,3,42.847,-78.823,Theft
44455,45724,3,42.848,-78.812,Breaking & Entering
44458,45727,3,42.869,-78.834,Assault
44463,45732,3,42.858,-78.831,Theft
44465,45734,3,42.842,-78.816,Theft
44474,45743,3,42.841,-78.82,Theft of Vehicle
44475,45744,3,42.885,-78.848,Breaking & Entering
44481,45750,3,42.834,-78.819,Theft
44507,45776,3,42.891,-78.825,Breaking & Entering
44509,45778,3,42.854,-78.828,Breaking & Entering
44511,45780,3,42.836,-78.807,Assault
44512,45781,3,42.858,-78.815,Theft
44516,45785,3,42.888,-78.814,Theft
44521,45790,3,42.87,-78.816,Theft
44529,45799,3,42.862,-78.818,Breaking & Entering
44532,45802,3,42.863,-78.821,Assault
44544,45814,3,42.895,-78.826,Theft
44547,45817,3,42.894,-78.806,Theft
44556,45826,3,42.843,-78.82,Theft of Vehicle
44561,45831,3,42.892,-78.838,Theft
44566,45836,3,42.846,-78.81,Breaking & Entering
44582,45852,3,42.866,-78.848,Theft
44586,45856,3,42.866,-78.847,Theft
44590,45860,3,42.856,-78.808,Theft of Vehicle
44603,45874,3,42.865,-78.825,Theft
44605,45876,3,42.866,-78.821,Breaking & Entering
44610,45881,3,42.888,-78.809,Assault
44616,45887,3,42.833,-78.824,Theft
44618,45889,3,42.879,-78.836,Theft of Vehicle
44628,45899,3,42.837,-78.816,Theft of Vehicle
44636,45907,3,42.848,-78.812,Theft
44648,45919,3,42.841,-78.828,Breaking & Entering
44649,45920,3,42.846,-78.817,Theft
44655,45926,3,42.873,-78.812,Theft
44658,45930,3,42.859,-78.858,Breaking & Entering
44659,45931,3,42.899,-78.84,Breaking & Entering
44661,45933,3,42.893,-78.83,Theft
44662,45934,3,42.899,-78.81,Theft
44674,45947,3,42.896,-78.819,Assault
44681,45954,3,42.859,-78.826,Theft
44687,45960,3,42.858,-78.806,Theft
44694,45967,3,42.891,-78.841,Breaking & Entering
44709,45982,3,42.837,-78.83,Breaking & Entering
44714,45987,3,42.858,-78.813,Theft
44717,45990,3,42.855,-78.813,Breaking & Entering
44728,46002,3,42.898,-78.807,Theft
44732,46006,3,42.857,-78.812,Theft
44734,46008,3,42.856,-78.813,Theft
44735,46009,3,42.895,-78.839,Homicide
44736,46010,3,42.876,-78.828,Breaking & Entering
44737,46011,3,42.895,-78.842,Theft
44743,46017,3,42.893,-78.835,Breaking & Entering
44745,46019,3,42.892,-78.831,Theft
44747,46021,3,42.837,-78.818,Theft
44748,46022,3,42.889,-78.802,Theft
44750,46024,3,42.872,-78.843,Robbery
44754,46028,3,42.859,-78.826,Theft
44760,46034,3,42.879,-78.843,Theft
44761,46035,3,42.884,-78.84,Breaking & Entering
44768,46042,3,42.89,-78.804,Assault
44771,46045,3,42.843,-78.814,Theft of Vehicle
44773,46047,3,42.858,-78.813,Assault
44781,46055,3,42.877,-78.851,Theft
44782,46056,3,42.887,-78.81,Breaking & Entering
44786,46060,3,42.898,-78.838,Theft
44791,46065,3,42.844,-78.825,Theft
44798,46072,3,42.855,-78.806,Assault
44799,46073,3,42.845,-78.801,Theft
44810,46085,3,42.889,-78.8,Theft
44814,46089,3,42.888,-78.808,Theft
44821,46096,3,42.881,-78.836,Breaking & Entering
44829,46104,3,42.89,-78.8,Theft
44834,46109,3,42.872,-78.803,Robbery
44845,46120,3,42.893,-78.823,Assault
44849,46124,3,42.854,-78.82,Assault
44870,46145,3,42.885,-78.808,Theft
44873,46148,3,42.844,-78.829,Theft of Vehicle
44880,46155,3,42.863,-78.815,Theft of Vehicle
44881,46156,3,42.85,-78.824,Assault
44896,46171,3,42.851,-78.806,Theft
44904,46179,3,42.886,-78.805,Theft
44909,46184,3,42.898,-78.807,Theft
44918,46193,3,42.895,-78.842,Assault
44920,46195,3,42.886,-78.844,Breaking & Entering
44921,46196,3,42.893,-78.837,Robbery
44923,46198,3,42.896,-78.818,Theft
44933,46208,3,42.87,-78.832,Assault
44934,46209,3,42.882,-78.836,Breaking & Entering
44937,46212,3,42.897,-78.816,Breaking & Entering
44938,46213,3,42.835,-78.823,Assault
44953,46228,3,42.857,-78.812,Robbery
44965,46240,3,42.893,-78.843,Assault
44967,46242,3,42.871,-78.838,Breaking & Entering
44969,46244,3,42.896,-78.814,Breaking & Entering
44984,46259,3,42.87,-78.849,Breaking & Entering
44989,46264,3,42.854,-78.808,Breaking & Entering
45016,46292,3,42.882,-78.836,Assault
45018,46294,3,42.88,-78.835,Theft
45021,46297,3,42.885,-78.814,Assault
45025,46301,3,42.887,-78.839,Theft
45029,46305,3,42.896,-78.819,Assault
45036,46312,3,42.896,-78.813,Assault
45045,46321,3,42.86,-78.813,Breaking & Entering
45048,46324,3,42.887,-78.803,Theft
45053,46329,3,42.856,-78.812,Theft of Vehicle
45066,46342,3,42.852,-78.826,Breaking & Entering
45076,46352,3,42.888,-78.814,Theft
45082,46358,3,42.893,-78.832,Breaking & Entering
45083,46359,3,42.898,-78.807,Theft
45088,46365,3,42.884,-78.824,Breaking & Entering
45110,46387,3,42.854,-78.833,Assault
45119,46396,3,42.894,-78.835,Theft
45121,46398,3,42.888,-78.8,Assault
45123,46400,3,42.849,-78.812,Theft of Vehicle
45126,46403,3,42.897,-78.819,Theft
45131,46408,3,42.855,-78.818,Assault
45136,46413,3,42.849,-78.817,Assault
45140,46417,3,42.852,-78.828,Theft
45145,46422,3,42.85,-78.812,Theft
45146,46423,3,42.844,-78.832,Assault
45147,46424,3,42.848,-78.812,Assault
45153,46431,3,42.857,-78.816,Assault
45159,46437,3,42.85,-78.824,Assault
45165,46443,3,42.853,-78.807,Theft
45167,46445,3,42.855,-78.8,Theft
45184,46462,3,42.893,-78.837,Assault
45188,46466,3,42.837,-78.858,Theft
45195,46473,3,42.893,-78.841,Theft
45198,46476,3,42.889,-78.808,Theft of Vehicle
45200,46479,3,42.881,-78.847,Assault
45203,46482,3,42.834,-78.816,Theft
45205,46485,3,42.893,-78.81,Theft
45210,46490,3,42.891,-78.837,Breaking & Entering
45212,46492,3,42.89,-78.833,Robbery
45218,46498,3,42.874,-78.804,Theft
45223,46504,3,42.871,-78.835,Theft
45227,46508,3,42.896,-78.838,Breaking & Entering
45233,46514,3,42.856,-78.831,Assault
45235,46516,3,42.862,-78.81,Breaking & Entering
45236,46517,3,42.873,-78.824,Breaking & Entering
45237,46518,3,42.855,-78.808,Breaking & Entering
45238,46519,3,42.836,-78.807,Breaking & Entering
45239,46520,3,42.879,-78.843,Breaking & Entering
45242,46523,3,42.854,-78.808,Assault
45244,46525,3,42.888,-78.808,Theft
45247,46529,3,42.899,-78.82,Breaking & Entering
45266,46548,3,42.852,-78.809,Assault
45269,46551,3,42.868,-78.847,Breaking & Entering
45279,46561,3,42.897,-78.814,Robbery
45283,46565,3,42.86,-78.805,Theft
45286,46568,3,42.85,-78.801,Theft
45308,46590,3,42.854,-78.81,Robbery
45316,46598,3,42.894,-78.822,Theft
45317,46599,3,42.873,-78.806,Breaking & Entering
45325,46607,3,42.887,-78.808,Assault
45326,46608,3,42.88,-78.844,Assault
45333,46616,3,42.893,-78.839,Robbery
45335,46618,3,42.89,-78.802,Theft
45346,46629,3,42.858,-78.831,Breaking & Entering
45348,46631,3,42.883,-78.835,Theft
45353,46636,3,42.897,-78.819,Assault
45354,46637,3,42.853,-78.824,Other Sexual Offense
45357,46640,3,42.889,-78.803,Theft
45358,46641,3,42.856,-78.833,Theft
45377,46660,3,42.879,-78.836,Breaking & Entering
45382,46665,3,42.893,-78.839,Breaking & Entering
45389,46672,3,42.879,-78.833,Breaking & Entering
45393,46676,3,42.856,-78.825,Theft of Vehicle
45395,46678,3,42.847,-78.817,Theft
45404,46687,3,42.889,-78.838,Theft
45407,46690,3,42.894,-78.834,Assault
45410,46693,3,42.885,-78.806,Theft of Vehicle
45431,46716,3,42.892,-78.81,Theft of Vehicle
45434,46719,3,42.841,-78.824,Theft
45442,46727,3,42.894,-78.806,Assault
45447,46732,3,42.89,-78.806,Robbery
45448,46733,3,42.851,-78.814,Theft of Vehicle
45463,46748,3,42.889,-78.805,Theft
45474,46759,3,42.867,-78.808,Assault
45483,46768,3,42.89,-78.844,Theft
45490,46776,3,42.899,-78.835,Breaking & Entering
45491,46777,3,42.877,-78.827,Breaking & Entering
45492,46778,3,42.854,-78.826,Theft
45493,46779,3,42.862,-78.815,Assault
45494,46780,3,42.896,-78.835,Assault
45510,46796,3,42.856,-78.801,Theft
45530,46816,3,42.88,-78.814,Theft
45532,46818,3,42.873,-78.809,Theft
45535,46821,3,42.889,-78.808,Theft
45545,46831,3,42.858,-78.822,Theft
45548,46834,3,42.856,-78.834,Assault
45559,46845,3,42.856,-78.825,Theft
45566,46852,3,42.833,-78.824,Theft
45570,46856,3,42.89,-78.84,Theft
45572,46858,3,42.892,-78.837,Theft
45583,46870,3,42.892,-78.834,Robbery
45590,46877,3,42.848,-78.832,Breaking & Entering
45593,46880,3,42.851,-78.811,Breaking & Entering
45604,46891,3,42.855,-78.809,Breaking & Entering
45612,46899,3,42.884,-78.839,Theft
45613,46900,3,42.85,-78.827,Breaking & Entering
45615,46902,3,42.854,-78.828,Breaking & Entering
45623,46911,3,42.853,-78.832,Robbery
45624,46912,3,42.889,-78.807,Breaking & Entering
45626,46914,3,42.899,-78.817,Assault
45628,46916,3,42.886,-78.814,Assault
45630,46918,3,42.89,-78.836,Breaking & Entering
45637,46925,3,42.854,-78.808,Assault
45650,46938,3,42.871,-78.83,Theft
45664,46952,3,42.837,-78.822,Breaking & Entering
45668,46956,3,42.892,-78.832,Breaking & Entering
45672,46960,3,42.897,-78.814,Robbery
45685,46973,3,42.834,-78.815,Assault
45689,46977,3,42.845,-78.824,Theft
45690,46978,3,42.837,-78.817,Breaking & Entering
45698,46987,3,42.855,-78.809,Theft
45700,46989,3,42.861,-78.807,Homicide
45701,46990,3,42.895,-78.825,Theft
45702,46991,3,42.89,-78.803,Theft
45711,47000,3,42.89,-78.806,Theft
45714,47003,3,42.895,-78.827,Theft
45718,47007,3,42.86,-78.821,Theft
45722,47011,3,42.872,-78.806,Theft
45730,47019,3,42.859,-78.812,Breaking & Entering
45743,47032,3,42.892,-78.844,Theft
45744,47033,3,42.893,-78.839,Theft
45747,47037,3,42.893,-78.833,Assault
45751,47041,3,42.893,-78.837,Theft
45752,47042,3,42.844,-78.826,Assault
45753,47043,3,42.89,-78.806,Theft
45764,47054,3,42.874,-78.817,Assault
45766,47056,3,42.898,-78.807,Theft
45780,47070,3,42.894,-78.827,Breaking & Entering
45781,47071,3,42.893,-78.821,Theft of Vehicle
45782,47072,3,42.852,-78.808,Breaking & Entering
45786,47076,3,42.875,-78.805,Theft
45799,47090,3,42.896,-78.841,Breaking & Entering
45806,47097,3,42.855,-78.82,Breaking & Entering
45807,47098,3,42.839,-78.824,Theft
45811,47102,3,42.883,-78.849,Theft of Vehicle
45815,47106,3,42.869,-78.808,Breaking & Entering
45817,47108,3,42.872,-78.805,Assault
45822,47113,3,42.868,-78.802,Assault
45836,47128,3,42.891,-78.833,Breaking & Entering
45841,47133,3,42.896,-78.819,Theft
45852,47144,3,42.885,-78.804,Robbery
45866,47158,3,42.887,-78.803,Breaking & Entering
45867,47159,3,42.874,-78.828,Theft
45868,47160,3,42.895,-78.813,Sexual Offense
45869,47161,3,42.868,-78.808,Theft
45878,47170,3,42.853,-78.832,Breaking & Entering
45888,47180,3,42.893,-78.826,Theft
45899,47191,3,42.877,-78.827,Assault
45900,47192,3,42.878,-78.801,Theft
45916,47208,3,42.855,-78.825,Assault
45926,47218,3,42.892,-78.812,Theft
45930,47222,3,42.843,-78.819,Breaking & Entering
45934,47226,3,42.894,-78.832,Breaking & Entering
45935,47227,3,42.855,-78.806,Assault
45952,47244,3,42.896,-78.816,Robbery
45954,47246,3,42.896,-78.8,Breaking & Entering
45955,47247,3,42.884,-78.839,Theft of Vehicle
45964,47256,3,42.895,-78.832,Breaking & Entering
45971,47263,3,42.894,-78.839,Homicide
45978,47270,3,42.858,-78.827,Theft
45979,47271,3,42.872,-78.811,Theft
45982,47274,3,42.873,-78.811,Assault
45988,47280,3,42.875,-78.804,Theft
45989,47281,3,42.898,-78.807,Theft
45990,47282,3,42.886,-78.827,Breaking & Entering
45991,47283,3,42.874,-78.827,Theft
45993,47285,3,42.859,-78.814,Robbery
46001,47293,3,42.876,-78.83,Breaking & Entering
46005,47297,3,42.857,-78.813,Assault
46008,47300,3,42.843,-78.824,Breaking & Entering
46009,47301,3,42.85,-78.825,Breaking & Entering
46017,47309,3,42.855,-78.81,Theft
46020,47312,3,42.883,-78.84,Theft
46022,47314,3,42.851,-78.803,Assault
46025,47317,3,42.839,-78.804,Theft
46032,47324,3,42.896,-78.817,Assault
46033,47325,3,42.895,-78.823,Theft
46036,47328,3,42.841,-78.802,Breaking & Entering
46045,47337,3,42.842,-78.808,Assault
46050,47342,3,42.892,-78.834,Theft of Vehicle
46052,47344,3,42.871,-78.811,Breaking & Entering
46055,47347,3,42.891,-78.815,Theft of Vehicle
46057,47349,3,42.84,-78.823,Assault
46077,47369,3,42.879,-78.841,Robbery
46080,47372,3,42.88,-78.834,Assault
46089,47381,3,42.869,-78.831,Assault
46090,47382,3,42.871,-78.815,Assault
46096,47388,3,42.85,-78.821,Theft
46114,47407,3,42.848,-78.812,Assault
46115,47408,3,42.849,-78.832,Assault
46116,47409,3,42.891,-78.805,Assault
46120,47413,3,42.892,-78.83,Robbery
46130,47423,3,42.855,-78.826,Theft
46134,47427,3,42.868,-78.848,Assault
46139,47432,3,42.897,-78.835,Theft of Vehicle
46144,47437,3,42.845,-78.824,Theft
46151,47444,3,42.861,-78.814,Breaking & Entering
46153,47446,3,42.895,-78.834,Theft
46169,47462,3,42.899,-78.82,Breaking & Entering
46170,47463,3,42.895,-78.806,Theft of Vehicle
46175,47469,3,42.893,-78.836,Theft
46181,47475,3,42.89,-78.8,Theft
46186,47480,3,42.895,-78.827,Breaking & Entering
46189,47483,3,42.888,-78.841,Theft
46191,47485,3,42.897,-78.804,Breaking & Entering
46196,47491,3,42.857,-78.823,Theft
46217,47512,3,42.893,-78.824,Theft
46225,47520,3,42.884,-78.845,Theft
46230,47525,3,42.852,-78.819,Theft
46231,47526,3,42.849,-78.823,Theft
46233,47528,3,42.899,-78.82,Robbery
46248,47543,3,42.838,-78.808,Robbery
46251,47546,3,42.852,-78.805,Theft
46254,47549,3,42.855,-78.806,Breaking & Entering
46278,47573,3,42.874,-78.844,Breaking & Entering
46280,47575,3,42.853,-78.83,Assault
46289,47584,3,42.898,-78.832,Breaking & Entering
46293,47588,3,42.872,-78.804,Theft
46296,47591,3,42.873,-78.829,Theft
46299,47594,3,42.897,-78.816,Assault
46305,47600,3,42.897,-78.816,Breaking & Entering
46307,47602,3,42.897,-78.809,Theft
46310,47605,3,42.836,-78.824,Assault
46311,47606,3,42.867,-78.849,Theft of Vehicle
46317,47612,3,42.846,-78.824,Breaking & Entering
46324,47619,3,42.833,-78.817,Theft
46328,47623,3,42.894,-78.826,Assault
46335,47630,3,42.898,-78.822,Assault
46342,47637,3,42.851,-78.806,Theft
46345,47640,3,42.869,-78.839,Assault
46354,47649,3,42.884,-78.839,Robbery
46358,47654,3,42.855,-78.827,Theft of Vehicle
46368,47664,3,42.888,-78.816,Theft
46377,47673,3,42.844,-78.808,Assault
46378,47674,3,42.896,-78.833,Breaking & Entering
46383,47679,3,42.856,-78.825,Theft
46392,47688,3,42.898,-78.839,Robbery
46401,47697,3,42.858,-78.831,Breaking & Entering
46414,47710,3,42.848,-78.823,Theft
46423,47719,3,42.848,-78.823,Assault
46426,47722,3,42.893,-78.838,Assault
46428,47724,3,42.868,-78.84,Theft
46442,47738,3,42.839,-78.807,Theft
46445,47741,3,42.835,-78.815,Assault
46448,47744,3,42.893,-78.839,Assault
46449,47745,3,42.888,-78.816,Theft
46451,47747,3,42.896,-78.836,Robbery
46455,47751,3,42.898,-78.807,Theft
46456,47752,3,42.89,-78.806,Assault
46457,47753,3,42.871,-78.835,Assault
46461,47757,3,42.877,-78.803,Theft of Vehicle
46463,47759,3,42.894,-78.827,Robbery
46468,47764,3,42.864,-78.821,Sexual Assault
46492,47790,3,42.85,-78.816,Theft
46494,47792,3,42.858,-78.815,Theft
46503,47801,3,42.849,-78.833,Breaking & Entering
46505,47803,3,42.894,-78.827,Homicide
46510,47808,3,42.894,-78.826,Theft
46512,47810,3,42.854,-78.831,Breaking & Entering
46517,47815,3,42.881,-78.802,Theft
46521,47819,3,42.893,-78.831,Breaking & Entering
46530,47828,3,42.851,-78.824,Theft
46534,47832,3,42.844,-78.824,Assault
46544,47842,3,42.87,-78.832,Assault
46546,47844,3,42.873,-78.813,Theft
46549,47847,3,42.891,-78.843,Robbery
46554,47852,3,42.844,-78.829,Breaking & Entering
46558,47856,3,42.893,-78.838,Robbery
46564,47862,3,42.884,-78.835,Breaking & Entering
46574,47872,3,42.855,-78.824,Assault
46575,47873,3,42.897,-78.809,Breaking & Entering
46577,47875,3,42.89,-78.832,Breaking & Entering
46578,47876,3,42.85,-78.815,Theft
46583,47881,3,42.892,-78.806,Assault
46597,47895,3,42.843,-78.82,Assault
46607,47905,3,42.889,-78.836,Robbery
46611,47909,3,42.882,-78.842,Assault
46612,47910,3,42.896,-78.833,Other Sexual Offense
46613,47911,3,42.888,-78.809,Theft of Vehicle
46633,47931,3,42.866,-78.822,Assault
46636,47934,3,42.893,-78.836,Robbery
46648,47946,3,42.856,-78.836,Theft
46666,47964,3,42.844,-78.824,Theft
46667,47965,3,42.871,-78.836,Theft
46670,47968,3,42.876,-78.852,Breaking & Entering
46675,47973,3,42.857,-78.833,Theft
46690,47988,3,42.877,-78.827,Breaking & Entering
46691,47989,3,42.892,-78.824,Theft
46696,47994,3,42.857,-78.825,Assault
46699,47997,3,42.894,-78.843,Assault
46705,48003,3,42.87,-78.837,Theft
46706,48004,3,42.896,-78.826,Breaking & Entering
46707,48005,3,42.846,-78.82,Theft
46709,48007,3,42.87,-78.832,Assault
46712,48010,3,42.859,-78.808,Breaking & Entering
46736,48035,3,42.884,-78.843,Theft
46741,48040,3,42.844,-78.824,Assault
46746,48045,3,42.893,-78.821,Theft of Vehicle
46748,48048,3,42.854,-78.807,Assault
46750,48050,3,42.885,-78.825,Theft
46761,48061,3,42.873,-78.811,Breaking & Entering
46769,48069,3,42.848,-78.824,Assault
46775,48075,3,42.878,-78.836,Assault
46778,48078,3,42.89,-78.816,Assault
46787,48087,3,42.899,-78.818,Breaking & Entering
46790,48090,3,42.835,-78.806,Assault
46810,48110,3,42.839,-78.821,Theft
46811,48111,3,42.899,-78.837,Assault
46812,48112,3,42.87,-78.846,Breaking & Entering
46821,48121,3,42.898,-78.82,Theft of Vehicle
46828,48128,3,42.854,-78.832,Assault
46829,48129,3,42.854,-78.833,Theft
46830,48130,3,42.856,-78.812,Theft
46831,48131,3,42.893,-78.837,Theft
46835,48135,3,42.856,-78.828,Breaking & Entering
46837,48137,3,42.887,-78.803,Theft
46839,48139,3,42.892,-78.814,Assault
46846,48146,3,42.872,-78.806,Assault
46848,48148,3,42.838,-78.819,Theft
46858,48159,3,42.888,-78.803,Theft of Vehicle
46859,48160,3,42.896,-78.815,Theft
46863,48164,3,42.898,-78.815,Breaking & Entering
46868,48169,3,42.855,-78.807,Assault
46870,48171,3,42.873,-78.85,Theft
46877,48179,3,42.846,-78.812,Theft
46879,48181,3,42.886,-78.844,Assault
46884,48186,3,42.872,-78.82,Theft
46888,48190,3,42.868,-78.808,Theft
46897,48199,3,42.899,-78.822,Assault
46917,48219,3,42.881,-78.841,Robbery
46924,48226,3,42.881,-78.836,Theft
46933,48235,3,42.842,-78.825,Breaking & Entering
46940,48242,3,42.855,-78.824,Breaking & Entering
46943,48245,3,42.854,-78.818,Theft
46947,48249,3,42.897,-78.832,Assault
46955,48257,3,42.894,-78.824,Robbery
46958,48260,3,42.842,-78.808,Theft
46963,48265,3,42.868,-78.837,Theft of Vehicle
46966,48268,3,42.899,-78.815,Theft
46973,48275,3,42.894,-78.824,Theft
46981,48284,3,42.856,-78.806,Breaking & Entering
46983,48286,3,42.889,-78.805,Breaking & Entering
46988,48291,3,42.898,-78.807,Theft
46989,48292,3,42.89,-78.801,Assault
46990,48293,3,42.889,-78.808,Theft
46992,48295,3,42.862,-78.807,Theft
46994,48297,3,42.85,-78.819,Theft
47001,48304,3,42.853,-78.812,Assault
47009,48312,3,42.844,-78.826,Theft
47031,48335,3,42.872,-78.807,Breaking & Entering
47036,48340,3,42.874,-78.801,Breaking & Entering
47041,48345,3,42.842,-78.824,Theft
47042,48346,3,42.891,-78.837,Theft
47045,48349,3,42.848,-78.827,Theft
47056,48360,3,42.896,-78.825,Theft
47063,48367,3,42.853,-78.827,Theft
47066,48370,3,42.897,-78.839,Assault
47068,48372,3,42.852,-78.823,Assault
47071,48375,3,42.838,-78.802,Theft
47073,48377,3,42.898,-78.807,Theft
47084,48388,3,42.839,-78.814,Theft
47091,48395,3,42.849,-78.814,Theft
47093,48397,3,42.847,-78.824,Theft
47095,48399,3,42.893,-78.839,Assault
47099,48403,3,42.855,-78.81,Breaking & Entering
47100,48404,3,42.878,-78.801,Theft
47109,48413,3,42.885,-78.806,Breaking & Entering
47113,48417,3,42.853,-78.82,Theft
47118,48422,3,42.887,-78.803,Assault
47126,48430,3,42.845,-78.824,Theft
47135,48439,3,42.871,-78.834,Assault
47136,48440,3,42.898,-78.835,Theft
47147,48451,3,42.898,-78.832,Theft
47153,48457,3,42.858,-78.817,Assault
47155,48459,3,42.856,-78.813,Theft of Vehicle
47159,48464,3,42.862,-78.813,Theft
47161,48466,3,42.89,-78.814,Theft of Vehicle
47197,48503,3,42.869,-78.83,Breaking & Entering
47211,48517,3,42.868,-78.807,Theft
47220,48526,3,42.899,-78.818,Assault
47222,48528,3,42.897,-78.839,Robbery
47226,48532,3,42.894,-78.834,Assault
47237,48543,3,42.898,-78.807,Theft
47244,48550,3,42.875,-78.844,Theft
47257,48563,3,42.88,-78.84,Breaking & Entering
47259,48565,3,42.838,-78.824,Theft
47264,48570,3,42.868,-78.846,Theft of Vehicle
47275,48582,3,42.87,-78.808,Breaking & Entering
47283,48590,3,42.896,-78.807,Theft
47289,48596,3,42.853,-78.824,Sexual Assault
47292,48599,3,42.86,-78.818,Breaking & Entering
47293,48600,3,42.895,-78.821,Breaking & Entering
47297,48604,3,42.872,-78.836,Theft
47299,48606,3,42.898,-78.82,Theft
47308,48615,3,42.897,-78.839,Theft of Vehicle
47310,48617,3,42.89,-78.836,Assault
47312,48619,3,42.857,-78.805,Assault
47320,48627,3,42.862,-78.82,Theft
47326,48633,3,42.887,-78.814,Assault
47327,48634,3,42.832,-78.809,Theft
47329,48636,3,42.834,-78.815,Theft
47333,48640,3,42.853,-78.824,Theft
47334,48641,3,42.878,-78.801,Theft
47338,48645,3,42.86,-78.813,Breaking & Entering
47341,48648,3,42.87,-78.804,Theft
47344,48651,3,42.889,-78.811,Theft
47355,48663,3,42.898,-78.816,Theft of Vehicle
47367,48675,3,42.863,-78.85,Theft of Vehicle
47376,48684,3,42.853,-78.826,Robbery
47378,48686,3,42.893,-78.806,Theft of Vehicle
47381,48689,3,42.85,-78.815,Assault
47390,48699,3,42.895,-78.803,Theft
47407,48716,3,42.898,-78.824,Breaking & Entering
47413,48722,3,42.878,-78.801,Theft
47421,48730,3,42.892,-78.802,Assault
47422,48731,3,42.869,-78.85,Breaking & Entering
47428,48737,3,42.872,-78.833,Theft
47430,48739,3,42.897,-78.809,Theft
47434,48743,3,42.888,-78.815,Theft
47447,48757,3,42.866,-78.826,Theft
47458,48768,3,42.848,-78.823,Theft
47474,48784,3,42.889,-78.807,Robbery
47475,48785,3,42.877,-78.842,Theft of Vehicle
47489,48799,3,42.894,-78.828,Breaking & Entering
47490,48800,3,42.856,-78.809,Theft of Vehicle
47491,48801,3,42.851,-78.801,Assault
47501,48811,3,42.853,-78.803,Theft of Vehicle
47502,48812,3,42.889,-78.809,Breaking & Entering
47512,48822,3,42.896,-78.8,Breaking & Entering
47516,48826,3,42.884,-78.839,Assault
47517,48827,3,42.89,-78.84,Assault
47520,48830,3,42.872,-78.812,Theft of Vehicle
47521,48831,3,42.858,-78.831,Theft
47532,48842,3,42.851,-78.826,Assault
47536,48846,3,42.886,-78.801,Breaking & Entering
47538,48848,3,42.889,-78.808,Theft
47542,48852,3,42.896,-78.839,Robbery
47544,48854,3,42.899,-78.817,Robbery
47548,48858,3,42.872,-78.844,Assault
47551,48861,3,42.866,-78.821,Breaking & Entering
47555,48865,3,42.855,-78.834,Assault
47556,48866,3,42.876,-78.828,Theft
47559,48870,3,42.847,-78.835,Theft
47565,48876,3,42.895,-78.835,Theft
47576,48887,3,42.847,-78.815,Theft
47578,48889,3,42.888,-78.842,Breaking & Entering
47585,48896,3,42.859,-78.813,Breaking & Entering
47603,48914,3,42.896,-78.82,Theft
47604,48915,3,42.87,-78.832,Theft
47610,48921,3,42.873,-78.811,Breaking & Entering
47618,48929,3,42.898,-78.819,Breaking & Entering
47621,48932,3,42.878,-78.8,Theft
47627,48938,3,42.857,-78.833,Theft
47628,48939,3,42.887,-78.8,Theft
47629,48940,3,42.833,-78.819,Assault
47633,48944,3,42.881,-78.802,Theft
47636,48947,3,42.899,-78.815,Assault
47639,48950,3,42.848,-78.832,Breaking & Entering
47646,48957,3,42.878,-78.801,Theft
47650,48961,3,42.855,-78.832,Assault
47665,48976,3,42.853,-78.826,Assault
47672,48983,3,42.873,-78.812,Breaking & Entering
47673,48984,3,42.851,-78.831,Theft
47674,48985,3,42.854,-78.809,Robbery
47679,48990,3,42.897,-78.831,Breaking & Entering
47688,49000,3,42.894,-78.839,Breaking & Entering
47690,49002,3,42.896,-78.822,Theft
47699,49011,3,42.868,-78.84,Theft
47705,49017,3,42.848,-78.824,Theft
47717,49029,3,42.835,-78.823,Breaking & Entering
47721,49033,3,42.853,-78.83,Assault
47729,49041,3,42.873,-78.807,Assault
47730,49042,3,42.889,-78.808,Theft
47732,49044,3,42.859,-78.808,Breaking & Entering
47734,49046,3,42.891,-78.826,Breaking & Entering
47740,49052,3,42.882,-78.841,Assault
47741,49053,3,42.852,-78.813,Assault
47742,49054,3,42.889,-78.846,Theft of Vehicle
47745,49057,3,42.854,-78.808,Assault
47746,49058,3,42.855,-78.821,Breaking & Entering
47749,49061,3,42.846,-78.816,Sexual Assault
47758,49070,3,42.837,-78.82,Breaking & Entering
47761,49073,3,42.86,-78.815,Breaking & Entering
47762,49074,3,42.896,-78.817,Assault
47768,49080,3,42.862,-78.819,Assault
47772,49084,3,42.892,-78.843,Robbery
47774,49086,3,42.873,-78.814,Breaking & Entering
47777,49089,3,42.87,-78.847,Theft
47811,49124,3,42.833,-78.824,Breaking & Entering
47819,49132,3,42.844,-78.829,Assault
47821,49135,3,42.888,-78.814,Theft
47840,49155,3,42.883,-78.835,Breaking & Entering
47843,49158,3,42.896,-78.814,Theft
47844,49159,3,42.89,-78.837,Breaking & Entering
47851,49166,3,42.886,-78.803,Theft
47860,49175,3,42.895,-78.829,Robbery
47861,49176,3,42.871,-78.809,Assault
47870,49185,3,42.866,-78.822,Assault
47878,49193,3,42.861,-78.81,Assault
47883,49198,3,42.899,-78.818,Breaking & Entering
47893,49208,3,42.896,-78.832,Breaking & Entering
47898,49213,3,42.892,-78.844,Theft
47902,49217,3,42.833,-78.817,Theft
47907,49222,3,42.893,-78.827,Theft
47912,49227,3,42.868,-78.804,Theft
47914,49229,3,42.895,-78.826,Assault
47922,49237,3,42.85,-78.822,Theft
47923,49238,3,42.896,-78.824,Theft
47924,49239,3,42.851,-78.827,Breaking & Entering
47932,49247,3,42.868,-78.837,Theft
47934,49249,3,42.89,-78.815,Theft
47937,49252,3,42.881,-78.832,Breaking & Entering
47941,49256,3,42.854,-78.807,Breaking & Entering
47944,49259,3,42.856,-78.804,Theft
47945,49260,3,42.87,-78.808,Assault
47949,49264,3,42.897,-78.823,Breaking & Entering
47951,49266,3,42.851,-78.824,Breaking & Entering
47957,49272,3,42.895,-78.839,Breaking & Entering
47962,49277,3,42.893,-78.808,Assault
47970,49285,3,42.894,-78.832,Breaking & Entering
47974,49289,3,42.836,-78.807,Breaking & Entering
47984,49299,3,42.895,-78.824,Theft
47985,49300,3,42.841,-78.824,Theft
47989,49304,3,42.89,-78.804,Robbery
47999,49315,3,42.87,-78.809,Assault
48003,49319,3,42.851,-78.864,Theft
48004,49320,3,42.87,-78.831,Theft
48006,49322,3,42.838,-78.818,Theft
48011,49327,3,42.893,-78.819,Assault
48017,49333,3,42.892,-78.811,Assault
48019,49335,3,42.856,-78.808,Theft of Vehicle
48021,49337,3,42.855,-78.825,Breaking & Entering
48025,49341,3,42.868,-78.816,Breaking & Entering
48031,49347,3,42.858,-78.831,Theft
48049,49365,3,42.897,-78.818,Theft of Vehicle
48060,49376,3,42.859,-78.833,Assault
48062,49378,3,42.89,-78.8,Theft
48064,49380,3,42.863,-78.816,Theft
48071,49387,3,42.854,-78.83,Theft
48075,49391,3,42.869,-78.846,Assault
48091,49407,3,42.856,-78.809,Breaking & Entering
48096,49412,3,42.879,-78.849,Breaking & Entering
48100,49416,3,42.871,-78.834,Assault
48101,49417,3,42.895,-78.825,Robbery
48103,49419,3,42.842,-78.808,Breaking & Entering
48105,49421,3,42.847,-78.801,Theft
48108,49425,3,42.849,-78.827,Assault
48121,49438,3,42.884,-78.822,Theft
48126,49443,3,42.899,-78.84,Breaking & Entering
48128,49445,3,42.881,-78.836,Theft
48130,49447,3,42.857,-78.825,Breaking & Entering
48137,49454,3,42.894,-78.819,Theft
48144,49461,3,42.893,-78.825,Theft
48164,49482,3,42.893,-78.832,Theft
48165,49483,3,42.852,-78.832,Theft
48170,49488,3,42.893,-78.839,Theft
48176,49494,3,42.89,-78.804,Theft
48193,49511,3,42.889,-78.807,Robbery
48197,49516,3,42.889,-78.808,Theft
48198,49517,3,42.882,-78.807,Theft
48203,49522,3,42.894,-78.84,Breaking & Entering
48205,49524,3,42.841,-78.814,Breaking & Entering
48206,49525,3,42.855,-78.81,Assault
48208,49527,3,42.855,-78.808,Assault
48221,49540,3,42.889,-78.811,Theft
48232,49552,3,42.896,-78.826,Assault
48240,49560,3,42.897,-78.834,Theft
48243,49563,3,42.863,-78.815,Theft of Vehicle
48244,49564,3,42.897,-78.801,Theft
48245,49565,3,42.877,-78.803,Breaking & Entering
48248,49568,3,42.84,-78.804,Theft
48249,49569,3,42.888,-78.839,Breaking & Entering
48251,49571,3,42.857,-78.812,Theft
48258,49578,3,42.877,-78.81,Theft
48267,49588,3,42.852,-78.821,Theft
48273,49594,3,42.896,-78.816,Assault
48276,49597,3,42.891,-78.807,Assault
48278,49599,3,42.856,-78.827,Theft
48282,49603,3,42.854,-78.809,Theft of Vehicle
48285,49606,3,42.894,-78.832,Theft
48288,49609,3,42.858,-78.812,Breaking & Entering
48298,49619,3,42.857,-78.833,Assault
48300,49621,3,42.893,-78.814,Theft
48303,49624,3,42.894,-78.822,Theft of Vehicle
48304,49625,3,42.89,-78.809,Theft
48306,49627,3,42.896,-78.825,Robbery
48311,49632,3,42.866,-78.85,Assault
48313,49634,3,42.895,-78.826,Assault
48315,49636,3,42.872,-78.82,Assault
48323,49644,3,42.872,-78.81,Breaking & Entering
48331,49653,3,42.885,-78.84,Breaking & Entering
48337,49659,3,42.835,-78.817,Theft
48341,49663,3,42.87,-78.816,Breaking & Entering
48354,49676,3,42.895,-78.809,Breaking & Entering
48358,49680,3,42.864,-78.823,Breaking & Entering
48361,49683,3,42.842,-78.819,Theft
48366,49688,3,42.895,-78.829,Theft of Vehicle
48370,49692,3,42.896,-78.836,Breaking & Entering
48373,49695,3,42.839,-78.809,Theft
48380,49702,3,42.858,-78.831,Theft
48390,49712,3,42.896,-78.817,Theft
48394,49716,3,42.863,-78.821,Breaking & Entering
48412,49734,3,42.897,-78.84,Breaking & Entering
48420,49742,3,42.874,-78.81,Assault
48429,49752,3,42.856,-78.808,Sexual Assault
48431,49754,3,42.856,-78.832,Breaking & Entering
48439,49762,3,42.854,-78.806,Breaking & Entering
48449,49772,3,42.853,-78.808,Theft
48458,49781,3,42.889,-78.81,Assault
48476,49799,3,42.858,-78.824,Assault
48484,49807,3,42.855,-78.831,Theft
48492,49815,3,42.893,-78.837,Theft
48494,49817,3,42.879,-78.843,Theft
48498,49821,3,42.843,-78.819,Theft
48502,49825,3,42.891,-78.839,Theft
48505,49828,3,42.896,-78.805,Theft
48506,49829,3,42.899,-78.838,Breaking & Entering
48515,49838,3,42.871,-78.833,Theft of Vehicle
48517,49840,3,42.878,-78.811,Theft of Vehicle
48528,49851,3,42.889,-78.807,Theft
48530,49853,3,42.89,-78.837,Assault
48532,49855,3,42.85,-78.815,Theft
48536,49859,3,42.891,-78.807,Theft of Vehicle
48540,49863,3,42.87,-78.807,Breaking & Entering
48551,49874,3,42.879,-78.835,Theft
48557,49881,3,42.872,-78.815,Theft
48569,49895,3,42.885,-78.814,Breaking & Entering
48588,49914,3,42.855,-78.828,Assault
48590,49916,3,42.893,-78.823,Assault
48608,49934,3,42.834,-78.818,Breaking & Entering
48613,49939,3,42.87,-78.845,Theft
48616,49942,3,42.892,-78.84,Theft
48619,49945,3,42.849,-78.803,Assault
48622,49948,3,42.855,-78.833,Theft
48623,49949,3,42.894,-78.822,Sexual Assault
48627,49953,3,42.877,-78.847,Theft
48634,49960,3,42.875,-78.85,Theft
48636,49962,3,42.873,-78.818,Theft
48642,49968,3,42.845,-78.826,Theft
48648,49974,3,42.875,-78.847,Theft
48650,49976,3,42.84,-78.818,Theft
48653,49979,3,42.888,-78.8,Theft
48655,49981,3,42.838,-78.808,Theft
48659,49985,3,42.89,-78.84,Assault
48677,50003,3,42.847,-78.831,Assault
48678,50004,3,42.898,-78.836,Breaking & Entering
48681,50007,3,42.855,-78.806,Other Sexual Offense
48688,50014,3,42.893,-78.831,Theft of Vehicle
48702,50028,3,42.884,-78.822,Theft
48714,50040,3,42.86,-78.825,Robbery
48717,50043,3,42.893,-78.839,Robbery
48719,50045,3,42.887,-78.841,Breaking & Entering
48726,50052,3,42.881,-78.841,Assault
48727,50053,3,42.844,-78.834,Theft
48729,50055,3,42.854,-78.83,Theft
48738,50064,3,42.852,-78.809,Other Sexual Offense
48740,50066,3,42.869,-78.83,Theft
48742,50068,3,42.892,-78.842,Robbery
48744,50070,3,42.893,-78.823,Breaking & Entering
48745,50071,3,42.898,-78.821,Breaking & Entering
48746,50072,3,42.863,-78.814,Theft
48749,50075,3,42.876,-78.852,Breaking & Entering
48752,50078,3,42.876,-78.85,Theft of Vehicle
48761,50087,3,42.85,-78.815,Theft
48767,50093,3,42.858,-78.813,Theft
48780,50106,3,42.855,-78.809,Other Sexual Offense
48799,50125,3,42.894,-78.826,Assault
48800,50126,3,42.897,-78.837,Robbery
48801,50127,3,42.859,-78.806,Assault
48807,50133,3,42.898,-78.807,Theft
48811,50137,3,42.891,-78.831,Breaking & Entering
48826,50152,3,42.849,-78.82,Breaking & Entering
48829,50155,3,42.892,-78.832,Assault
48831,50157,3,42.87,-78.804,Breaking & Entering
48832,50158,3,42.844,-78.825,Assault
48834,50160,3,42.897,-78.805,Breaking & Entering
48836,50162,3,42.889,-78.808,Theft
48848,50174,3,42.844,-78.831,Theft
48851,50177,3,42.855,-78.833,Robbery
48856,50182,3,42.891,-78.814,Theft
48857,50183,3,42.893,-78.833,Assault
48859,50185,3,42.885,-78.814,Theft
48864,50190,3,42.845,-78.801,Breaking & Entering
48870,50196,3,42.85,-78.804,Theft
48878,50204,3,42.892,-78.84,Breaking & Entering
48886,50212,3,42.833,-78.822,Assault
48898,50224,3,42.87,-78.846,Assault
48899,50225,3,42.871,-78.806,Theft
48900,50226,3,42.898,-78.807,Theft
48903,50229,3,42.858,-78.831,Theft
48907,50233,3,42.858,-78.807,Assault
48916,50242,3,42.889,-78.839,Theft
48917,50243,3,42.886,-78.8,Assault
48918,50244,3,42.848,-78.824,Theft
48919,50245,3,42.897,-78.825,Theft
48924,50250,3,42.896,-78.816,Theft
48931,50257,3,42.851,-78.81,Theft
48932,50258,3,42.893,-78.83,Theft of Vehicle
48933,50259,3,42.836,-78.808,Theft
48934,50260,3,42.885,-78.802,Theft
48940,50266,3,42.885,-78.814,Robbery
48941,50267,3,42.89,-78.832,Assault
48954,50280,3,42.851,-78.81,Theft of Vehicle
48955,50281,3,42.863,-78.812,Theft
48956,50282,3,42.858,-78.831,Theft
48963,50289,3,42.854,-78.807,Assault
48983,50309,3,42.861,-78.839,Breaking & Entering
48985,50311,3,42.898,-78.836,Robbery
48989,50315,3,42.833,-78.823,Breaking & Entering
48992,50318,3,42.885,-78.813,Theft
48995,50321,3,42.878,-78.849,Theft
48996,50322,3,42.899,-78.814,Theft
48998,50324,3,42.843,-78.818,Theft
49000,50326,3,42.85,-78.815,Theft
49005,50331,3,42.895,-78.832,Assault
49012,50338,3,42.885,-78.84,Theft of Vehicle
49017,50343,3,42.886,-78.802,Theft
49019,50345,3,42.899,-78.82,Theft
49029,50355,3,42.832,-78.805,Robbery
49033,50359,3,42.891,-78.839,Theft of Vehicle
49038,50364,3,42.851,-78.814,Breaking & Entering
49046,50372,3,42.858,-78.823,Theft
49051,50377,3,42.897,-78.836,Assault
49053,50379,3,42.89,-78.806,Breaking & Entering
49056,50382,3,42.896,-78.815,Robbery
49066,50392,3,42.848,-78.823,Breaking & Entering
49076,50402,3,42.849,-78.82,Assault
49077,50403,3,42.85,-78.815,Theft
49087,50413,3,42.868,-78.808,Theft
49088,50414,3,42.888,-78.811,Breaking & Entering
49103,50429,3,42.86,-78.815,Breaking & Entering
49106,50432,3,42.847,-78.803,Theft of Vehicle
49107,50433,3,42.893,-78.839,Assault
49108,50434,3,42.852,-78.803,Theft of Vehicle
49123,50449,3,42.887,-78.84,Breaking & Entering
49129,50455,3,42.889,-78.807,Assault
49133,50459,3,42.874,-78.803,Assault
49144,50470,3,42.87,-78.847,Breaking & Entering
49145,50471,3,42.893,-78.83,Theft
49146,50472,3,42.896,-78.805,Breaking & Entering
49167,50493,3,42.898,-78.807,Theft
49184,50510,3,42.854,-78.834,Breaking & Entering
49185,50511,3,42.895,-78.83,Theft
49187,50513,3,42.892,-78.831,Breaking & Entering
49195,50521,3,42.875,-78.805,Assault
49206,50532,3,42.869,-78.832,Breaking & Entering
49208,50534,3,42.842,-78.809,Assault
49209,50535,3,42.852,-78.803,Breaking & Entering
49219,50545,3,42.857,-78.828,Theft of Vehicle
49232,50558,3,42.889,-78.808,Theft
49242,50568,3,42.871,-78.838,Breaking & Entering
49254,50580,3,42.899,-78.816,Breaking & Entering
49279,50605,3,42.872,-78.805,Breaking & Entering
49280,50606,3,42.837,-78.826,Theft
49281,50607,3,42.871,-78.807,Theft
49284,50610,3,42.847,-78.824,Theft
49286,50612,3,42.89,-78.803,Theft
49287,50613,3,42.896,-78.837,Theft
49289,50615,3,42.857,-78.819,Breaking & Entering
49295,50621,3,42.893,-78.839,Assault
49301,50627,3,42.853,-78.815,Theft
49306,50632,3,42.851,-78.803,Theft
49315,50641,3,42.853,-78.808,Breaking & Entering
49321,50647,3,42.895,-78.841,Assault
49328,50654,3,42.873,-78.808,Theft
49329,50655,3,42.895,-78.83,Theft
49341,50667,3,42.896,-78.816,Theft
49352,50678,3,42.841,-78.824,Theft
49357,50683,3,42.885,-78.811,Theft
49359,50685,3,42.851,-78.824,Breaking & Entering
49362,50688,3,42.875,-78.809,Theft
49364,50690,3,42.887,-78.806,Theft of Vehicle
49366,50692,3,42.894,-78.82,Theft
49367,50693,3,42.887,-78.803,Breaking & Entering
49368,50694,3,42.845,-78.813,Assault
49381,50707,3,42.836,-78.818,Theft of Vehicle
49384,50710,3,42.859,-78.81,Assault
49385,50711,3,42.871,-78.833,Assault
49395,50721,3,42.892,-78.838,Theft
49396,50722,3,42.85,-78.824,Assault
49399,50725,3,42.867,-78.807,Theft
49405,50731,3,42.892,-78.825,Breaking & Entering
49406,50732,3,42.89,-78.814,Theft
49407,50733,3,42.851,-78.823,Theft of Vehicle
49426,50752,3,42.895,-78.828,Assault
49428,50754,3,42.885,-78.844,Assault
49430,50756,3,42.881,-78.849,Theft
49459,50785,3,42.887,-78.804,Theft of Vehicle
49464,50790,3,42.87,-78.812,Theft
49469,50795,3,42.889,-78.837,Assault
49478,50804,3,42.893,-78.837,Robbery
49480,50806,3,42.858,-78.811,Theft
49481,50808,3,42.854,-78.832,Breaking & Entering
49483,50810,3,42.854,-78.828,Assault
49494,50821,3,42.848,-78.827,Breaking & Entering
49503,50830,3,42.841,-78.824,Theft
49511,50838,3,42.855,-78.808,Breaking & Entering
49513,50840,3,42.846,-78.801,Theft
49520,50847,3,42.857,-78.824,Theft
49525,50852,3,42.897,-78.805,Assault
49526,50853,3,42.886,-78.842,Theft
49528,50855,3,42.895,-78.805,Theft
49532,50859,3,42.851,-78.816,Theft
49533,50860,3,42.848,-78.812,Assault
49538,50865,3,42.89,-78.803,Theft
49548,50875,3,42.896,-78.814,Theft
49550,50877,3,42.839,-78.824,Breaking & Entering
49553,50880,3,42.852,-78.818,Breaking & Entering
49562,50889,3,42.847,-78.824,Assault
49563,50890,3,42.885,-78.842,Theft of Vehicle
49565,50892,3,42.88,-78.833,Robbery
49570,50897,3,42.898,-78.817,Theft of Vehicle
49583,50912,3,42.857,-78.815,Sexual Assault
49586,50915,3,42.894,-78.81,Theft
49590,50919,3,42.881,-78.834,Assault
49597,50926,3,42.841,-78.809,Theft
49601,50930,3,42.899,-78.84,Assault
49606,50935,3,42.848,-78.812,Sexual Assault
49608,50937,3,42.887,-78.8,Theft
49625,50954,3,42.874,-78.827,Theft of Vehicle
49626,50955,3,42.897,-78.838,Theft
49627,50956,3,42.855,-78.811,Robbery
49635,50964,3,42.886,-78.804,Breaking & Entering
49636,50965,3,42.895,-78.835,Assault
49644,50973,3,42.873,-78.813,Theft
49648,50977,3,42.853,-78.807,Theft
49649,50978,3,42.887,-78.822,Theft
49650,50979,3,42.885,-78.84,Theft
49655,50984,3,42.853,-78.826,Theft
49663,50992,3,42.847,-78.824,Assault
49678,51007,3,42.898,-78.836,Breaking & Entering
49680,51009,3,42.884,-78.835,Theft
49690,51020,3,42.889,-78.841,Theft
49692,51022,3,42.887,-78.811,Theft
49694,51024,3,42.899,-78.818,Breaking & Entering
49695,51025,3,42.86,-78.825,Theft
49709,51039,3,42.858,-78.816,Assault
49710,51040,3,42.863,-78.809,Theft
49713,51043,3,42.881,-78.802,Theft
49717,51049,3,42.855,-78.807,Assault
49719,51051,3,42.891,-78.825,Theft of Vehicle
49723,51055,3,42.897,-78.814,Theft
49728,51060,3,42.894,-78.834,Theft
49731,51063,3,42.889,-78.843,Theft
49745,51077,3,42.868,-78.851,Theft of Vehicle
49749,51081,3,42.895,-78.808,Breaking & Entering
49755,51087,3,42.87,-78.838,Assault
49770,51102,3,42.879,-78.801,Breaking & Entering
49772,51104,3,42.858,-78.831,Theft
49777,51109,3,42.898,-78.82,Assault
49781,51113,3,42.891,-78.805,Breaking & Entering
49789,51121,3,42.89,-78.807,Assault
49791,51123,3,42.892,-78.837,Breaking & Entering
49793,51125,3,42.849,-78.813,Theft
49799,51131,3,42.873,-78.813,Theft
49805,51137,3,42.89,-78.811,Assault
49807,51139,3,42.894,-78.835,Robbery
49809,51141,3,42.893,-78.829,Homicide
49813,51145,3,42.871,-78.833,Assault
49822,51154,3,42.895,-78.83,Assault
49823,51155,3,42.893,-78.838,Theft
49825,51157,3,42.886,-78.801,Robbery
49826,51158,3,42.842,-78.809,Theft
49839,51171,3,42.85,-78.814,Theft
49851,51183,3,42.89,-78.81,Assault
49866,51198,3,42.869,-78.803,Theft
49867,51199,3,42.891,-78.803,Breaking & Entering
49868,51200,3,42.889,-78.839,Breaking & Entering
49869,51201,3,42.842,-78.809,Theft
49876,51209,3,42.858,-78.813,Theft
49882,51215,3,42.891,-78.805,Theft
49886,51219,3,42.858,-78.831,Theft
49888,51221,3,42.872,-78.812,Theft
49889,51222,3,42.896,-78.8,Assault
49891,51224,3,42.895,-78.827,Theft of Vehicle
49901,51234,3,42.872,-78.832,Breaking & Entering
49907,51240,3,42.867,-78.857,Other Sexual Offense
49913,51246,3,42.861,-78.815,Theft
49915,51248,3,42.855,-78.831,Theft
49917,51250,3,42.872,-78.808,Breaking & Entering
49918,51251,3,42.881,-78.835,Theft
49927,51260,3,42.883,-78.837,Breaking & Entering
49930,51263,3,42.899,-78.816,Theft
49931,51264,3,42.886,-78.803,Robbery
49936,51269,3,42.85,-78.814,Theft
49944,51277,3,42.872,-78.821,Theft
49952,51285,3,42.848,-78.812,Assault
49954,51287,3,42.896,-78.818,Sexual Assault
49957,51290,3,42.848,-78.824,Theft of Vehicle
49958,51291,3,42.892,-78.802,Breaking & Entering
49960,51293,3,42.892,-78.838,Breaking & Entering
49963,51296,3,42.895,-78.836,Breaking & Entering
49968,51301,3,42.876,-78.825,Theft
49969,51302,3,42.871,-78.83,Breaking & Entering
49970,51303,3,42.867,-78.808,Theft of Vehicle
49981,51315,3,42.85,-78.803,Assault
49985,51320,3,42.842,-78.829,Theft of Vehicle
49986,51321,3,42.881,-78.801,Theft
49988,51323,3,42.838,-78.816,Theft
49999,51334,3,42.899,-78.816,Breaking & Entering
50003,51338,3,42.89,-78.832,Breaking & Entering
50026,51361,3,42.848,-78.817,Assault
50027,51362,3,42.887,-78.816,Breaking & Entering
50028,51363,3,42.891,-78.809,Assault
50031,51366,3,42.85,-78.821,Theft of Vehicle
50033,51368,3,42.89,-78.845,Theft
50038,51373,3,42.863,-78.805,Theft
50039,51375,3,42.859,-78.815,Breaking & Entering
50044,51380,3,42.856,-78.81,Theft
50045,51381,3,42.895,-78.807,Breaking & Entering
50047,51383,3,42.896,-78.82,Theft
50052,51388,3,42.856,-78.806,Theft
50058,51394,3,42.872,-78.811,Robbery
50069,51405,3,42.879,-78.813,Theft
50077,51413,3,42.85,-78.815,Theft
50081,51417,3,42.869,-78.811,Breaking & Entering
50111,51447,3,42.893,-78.837,Theft
50136,51472,3,42.843,-78.823,Sexual Offense
50139,51475,3,42.885,-78.84,Theft of Vehicle
50144,51480,3,42.851,-78.801,Assault
50145,51481,3,42.894,-78.835,Assault
50151,51487,3,42.861,-78.813,Robbery
50164,51500,3,42.898,-78.816,Breaking & Entering
50166,51502,3,42.897,-78.814,Assault
50169,51505,3,42.896,-78.824,Theft
50170,51506,3,42.848,-78.824,Theft
50171,51507,3,42.863,-78.821,Theft
50172,51508,3,42.855,-78.826,Theft
50174,51510,3,42.854,-78.836,Theft
50181,51517,3,42.86,-78.825,Theft
50185,51521,3,42.896,-78.817,Theft
50186,51522,3,42.872,-78.812,Breaking & Entering
50206,51542,3,42.866,-78.851,Breaking & Entering
50210,51546,3,42.841,-78.816,Theft
50214,51550,3,42.895,-78.835,Theft
50215,51551,3,42.85,-78.815,Theft
50218,51554,3,42.858,-78.831,Theft
50219,51555,3,42.896,-78.82,Assault
50222,51558,3,42.872,-78.83,Assault
50226,51562,3,42.858,-78.831,Theft
50241,51577,3,42.862,-78.815,Theft
50243,51579,3,42.835,-78.826,Breaking & Entering
50249,51586,3,42.857,-78.816,Theft
50251,51588,3,42.844,-78.813,Theft
50255,51592,3,42.845,-78.832,Theft
50257,51594,3,42.885,-78.804,Theft
50268,51605,3,42.872,-78.818,Assault
50273,51610,3,42.837,-78.808,Theft
50281,51619,3,42.859,-78.804,Theft
50298,51636,3,42.887,-78.802,Breaking & Entering
50299,51637,3,42.849,-78.82,Breaking & Entering
50308,51648,3,42.895,-78.825,Robbery
50314,51654,3,42.885,-78.839,Theft of Vehicle
50317,51657,3,42.898,-78.807,Theft of Vehicle
50324,51664,3,42.898,-78.819,Theft
50327,51667,3,42.858,-78.805,Theft
50331,51671,3,42.86,-78.812,Breaking & Entering
50350,51690,3,42.883,-78.831,Assault
50359,51699,3,42.873,-78.821,Robbery
50360,51700,3,42.89,-78.832,Theft
50363,51703,3,42.858,-78.812,Breaking & Entering
50371,51711,3,42.858,-78.834,Assault
50382,51722,3,42.892,-78.844,Robbery
50383,51723,3,42.885,-78.806,Theft
50387,51727,3,42.863,-78.82,Theft
50388,51728,3,42.882,-78.842,Robbery
50390,51730,3,42.895,-78.83,Assault
50391,51731,3,42.89,-78.805,Breaking & Entering
50400,51740,3,42.853,-78.829,Theft of Vehicle
50403,51743,3,42.893,-78.841,Theft
50408,51748,3,42.866,-78.851,Breaking & Entering
50410,51750,3,42.871,-78.843,Theft of Vehicle
50419,51759,3,42.847,-78.83,Theft
50425,51765,3,42.89,-78.802,Theft of Vehicle
50431,51771,3,42.894,-78.834,Assault
50438,51778,3,42.856,-78.806,Breaking & Entering
50449,51789,3,42.873,-78.843,Theft
50452,51793,3,42.86,-78.816,Assault
50453,51794,3,42.89,-78.834,Theft
50457,51799,3,42.889,-78.805,Robbery
50458,51800,3,42.872,-78.853,Assault
50461,51803,3,42.898,-78.807,Theft
50473,51815,3,42.858,-78.831,Theft
50486,51828,3,42.895,-78.838,Breaking & Entering
50487,51829,3,42.897,-78.816,Theft of Vehicle
50488,51830,3,42.878,-78.815,Theft
50491,51833,3,42.852,-78.813,Theft
50500,51842,3,42.843,-78.825,Assault
50501,51843,3,42.85,-78.824,Breaking & Entering
50503,51845,3,42.869,-78.804,Theft of Vehicle
50508,51850,3,42.853,-78.808,Breaking & Entering
50509,51851,3,42.896,-78.815,Assault
50526,51868,3,42.873,-78.82,Theft
50529,51871,3,42.877,-78.843,Theft
50541,51883,3,42.885,-78.814,Theft
50542,51884,3,42.872,-78.838,Theft
50548,51890,3,42.872,-78.805,Breaking & Entering
50549,51891,3,42.84,-78.802,Breaking & Entering
50553,51895,3,42.899,-78.834,Theft
50555,51897,3,42.852,-78.825,Theft
50556,51898,3,42.892,-78.812,Theft
50563,51905,3,42.886,-78.815,Breaking & Entering
50564,51906,3,42.896,-78.838,Assault
50568,51910,3,42.871,-78.837,Breaking & Entering
50577,51919,3,42.837,-78.83,Breaking & Entering
50592,51934,3,42.894,-78.809,Theft
50600,51942,3,42.872,-78.82,Theft of Vehicle
50618,51960,3,42.856,-78.812,Breaking & Entering
50627,51969,3,42.891,-78.837,Theft
50632,51974,3,42.893,-78.839,Theft
50642,51984,3,42.874,-78.826,Theft of Vehicle
50647,51989,3,42.868,-78.842,Breaking & Entering
50648,51990,3,42.859,-78.808,Breaking & Entering
50651,51993,3,42.892,-78.804,Sexual Assault
50658,52000,3,42.843,-78.824,Breaking & Entering
50665,52007,3,42.896,-78.81,Breaking & Entering
50667,52009,3,42.838,-78.823,Theft
50671,52013,3,42.857,-78.812,Theft
50674,52016,3,42.895,-78.803,Breaking & Entering
50681,52024,3,42.88,-78.842,Theft of Vehicle
50682,52025,3,42.869,-78.848,Assault
50686,52029,3,42.851,-78.806,Theft
50697,52042,3,42.848,-78.831,Theft
50702,52047,3,42.877,-78.845,Theft
50707,52052,3,42.853,-78.82,Theft
50712,52057,3,42.897,-78.816,Assault
50718,52063,3,42.889,-78.837,Assault
50735,52080,3,42.88,-78.84,Theft
50745,52090,3,42.873,-78.806,Breaking & Entering
50747,52092,3,42.897,-78.831,Theft
50749,52094,3,42.887,-78.807,Theft
50764,52110,3,42.872,-78.811,Theft
50779,52125,3,42.881,-78.843,Breaking & Entering
50791,52137,3,42.867,-78.824,Robbery
50800,52146,3,42.893,-78.839,Breaking & Entering
50801,52147,3,42.87,-78.834,Assault
50807,52153,3,42.89,-78.838,Theft of Vehicle
50821,52169,3,42.869,-78.806,Assault
50831,52179,3,42.898,-78.819,Breaking & Entering
50839,52187,3,42.897,-78.823,Assault
50842,52190,3,42.852,-78.823,Assault
50844,52192,3,42.897,-78.814,Sexual Assault
50848,52196,3,42.836,-78.804,Theft
50870,52219,3,42.843,-78.824,Assault
50871,52220,3,42.877,-78.803,Theft of Vehicle
50873,52222,3,42.888,-78.843,Theft
50888,52237,3,42.887,-78.839,Theft
50889,52238,3,42.843,-78.822,Theft
50903,52252,3,42.895,-78.83,Theft
50909,52258,3,42.858,-78.831,Breaking & Entering
50915,52264,3,42.872,-78.805,Assault
50927,52276,3,42.875,-78.806,Theft
50929,52278,3,42.884,-78.839,Assault
50930,52279,3,42.851,-78.828,Breaking & Entering
50934,52283,3,42.898,-78.839,Theft of Vehicle
50955,52304,3,42.84,-78.824,Theft
50956,52305,3,42.863,-78.82,Theft of Vehicle
50958,52307,3,42.848,-78.815,Theft
50960,52309,3,42.839,-78.807,Theft
50964,52313,3,42.895,-78.806,Theft
50973,52322,3,42.856,-78.808,Theft
50975,52324,3,42.847,-78.855,Breaking & Entering
50978,52327,3,42.855,-78.832,Assault
50981,52330,3,42.896,-78.837,Assault
50982,52332,3,42.897,-78.818,Assault
50983,52333,3,42.849,-78.863,Theft
50988,52338,3,42.878,-78.836,Assault
50989,52339,3,42.879,-78.835,Breaking & Entering
50994,52344,3,42.852,-78.808,Breaking & Entering
50998,52348,3,42.854,-78.807,Theft
51014,52364,3,42.857,-78.824,Theft
51025,52375,3,42.856,-78.816,Theft
51029,52379,3,42.855,-78.819,Theft of Vehicle
51031,52381,3,42.884,-78.839,Assault
51036,52386,3,42.859,-78.818,Theft
51041,52391,3,42.892,-78.809,Theft
51042,52392,3,42.861,-78.82,Assault
51051,52401,3,42.869,-78.83,Assault
51058,52408,3,42.893,-78.841,Theft
51066,52416,3,42.843,-78.81,Assault
51068,52418,3,42.859,-78.816,Theft
51070,52420,3,42.885,-78.804,Theft
51075,52425,3,42.873,-78.82,Theft of Vehicle
51078,52429,3,42.89,-78.807,Breaking & Entering
51084,52435,3,42.898,-78.835,Assault
51093,52444,3,42.848,-78.801,Assault
51105,52456,3,42.893,-78.837,Theft
51106,52457,3,42.833,-78.806,Breaking & Entering
51125,52476,3,42.867,-78.851,Theft
51133,52484,3,42.896,-78.824,Robbery
51139,52490,3,42.883,-78.845,Assault
51143,52494,3,42.85,-78.825,Assault
51144,52495,3,42.888,-78.816,Theft
51155,52507,3,42.895,-78.826,Assault
51162,52514,3,42.899,-78.82,Breaking & Entering
51178,52530,3,42.882,-78.844,Robbery
51190,52542,3,42.894,-78.831,Assault
51194,52546,3,42.837,-78.81,Breaking & Entering
51198,52550,3,42.858,-78.815,Assault
51204,52556,3,42.897,-78.818,Breaking & Entering
51215,52567,3,42.896,-78.819,Assault
51220,52572,3,42.858,-78.807,Breaking & Entering
51223,52575,3,42.875,-78.807,Assault
51224,52576,3,42.893,-78.809,Theft of Vehicle
51231,52583,3,42.871,-78.804,Breaking & Entering
51237,52589,3,42.845,-78.824,Theft
51241,52593,3,42.846,-78.826,Theft
51246,52598,3,42.871,-78.834,Breaking & Entering
51248,52600,3,42.854,-78.808,Theft
51265,52617,3,42.874,-78.844,Breaking & Entering
51268,52620,3,42.89,-78.811,Breaking & Entering
51275,52627,3,42.836,-78.824,Breaking & Entering
51276,52628,3,42.888,-78.81,Assault
51278,52630,3,42.848,-78.824,Assault
51284,52636,3,42.852,-78.826,Theft
51291,52643,3,42.899,-78.822,Assault
51293,52645,3,42.873,-78.82,Robbery
51302,52654,3,42.892,-78.838,Theft
51306,52658,3,42.878,-78.804,Assault
51309,52661,3,42.846,-78.829,Theft
51310,52662,3,42.836,-78.824,Theft
51316,52668,3,42.897,-78.817,Assault
51318,52670,3,42.886,-78.838,Assault
51335,52687,3,42.872,-78.811,Theft
51345,52697,3,42.849,-78.802,Theft
51349,52701,3,42.896,-78.808,Breaking & Entering
51353,52705,3,42.867,-78.832,Theft
51355,52707,3,42.849,-78.821,Breaking & Entering
51357,52709,3,42.892,-78.832,Theft
51365,52717,3,42.864,-78.849,Robbery
51367,52719,3,42.867,-78.838,Theft
51369,52721,3,42.898,-78.815,Breaking & Entering
51373,52725,3,42.893,-78.821,Breaking & Entering
51379,52731,3,42.872,-78.831,Breaking & Entering
51381,52733,3,42.869,-78.83,Assault
51387,52740,3,42.877,-78.817,Theft
51399,52752,3,42.857,-78.833,Breaking & Entering
51402,52755,3,42.896,-78.8,Breaking & Entering
51406,52759,3,42.866,-78.821,Assault
51407,52760,3,42.85,-78.803,Theft
51414,52767,3,42.856,-78.829,Breaking & Entering
51421,52774,3,42.857,-78.824,Theft
51424,52777,3,42.871,-78.804,Theft
51426,52779,3,42.876,-78.829,Theft
51428,52781,3,42.892,-78.828,Robbery
51435,52788,3,42.896,-78.833,Other Sexual Offense
51441,52794,3,42.872,-78.82,Assault
51442,52795,3,42.896,-78.824,Assault
51453,52806,3,42.858,-78.823,Theft
51456,52809,3,42.847,-78.802,Theft
51464,52817,3,42.834,-78.816,Assault
51465,52818,3,42.881,-78.836,Theft
51467,52820,3,42.848,-78.812,Theft
51482,52835,3,42.87,-78.807,Breaking & Entering
51483,52836,3,42.892,-78.837,Theft
51486,52839,3,42.883,-78.835,Theft
51493,52846,3,42.892,-78.825,Theft
51497,52850,3,42.842,-78.821,Breaking & Entering
51502,52855,3,42.893,-78.833,Theft
51503,52856,3,42.845,-78.828,Assault
51513,52866,3,42.84,-78.807,Theft
51523,52876,3,42.892,-78.814,Assault
51525,52879,3,42.849,-78.802,Breaking & Entering
51531,52885,3,42.881,-78.801,Assault
51534,52888,3,42.844,-78.827,Breaking & Entering
51536,52890,3,42.841,-78.812,Theft
51537,52891,3,42.833,-78.803,Theft
51538,52892,3,42.861,-78.818,Theft
51544,52898,3,42.856,-78.832,Assault
51549,52903,3,42.89,-78.84,Theft of Vehicle
51557,52911,3,42.888,-78.809,Theft
51562,52916,3,42.855,-78.818,Assault
51567,52921,3,42.896,-78.824,Theft of Vehicle
51570,52924,3,42.879,-78.834,Theft
51571,52926,3,42.891,-78.8,Theft
51578,52933,3,42.842,-78.824,Theft
51585,52940,3,42.856,-78.836,Theft
51588,52943,3,42.879,-78.807,Breaking & Entering
51597,52952,3,42.85,-78.822,Assault
51601,52956,3,42.887,-78.81,Robbery
51605,52960,3,42.883,-78.835,Breaking & Entering
51606,52961,3,42.883,-78.844,Assault
51607,52962,3,42.891,-78.835,Theft
51614,52969,3,42.897,-78.82,Assault
51621,52977,3,42.863,-78.819,Theft
51624,52980,3,42.855,-78.827,Theft
51628,52984,3,42.88,-78.802,Theft
51635,52991,3,42.861,-78.82,Theft
51641,52997,3,42.863,-78.825,Assault
51650,53006,3,42.86,-78.822,Theft
51654,53010,3,42.834,-78.816,Breaking & Entering
51659,53015,3,42.843,-78.818,Breaking & Entering
51661,53017,3,42.894,-78.829,Theft
51686,53043,3,42.837,-78.812,Theft
51691,53048,3,42.859,-78.83,Theft
51693,53050,3,42.893,-78.838,Assault
51702,53059,3,42.835,-78.818,Theft
51706,53063,3,42.852,-78.825,Breaking & Entering
51716,53073,3,42.851,-78.823,Breaking & Entering
51717,53074,3,42.868,-78.837,Breaking & Entering
51725,53083,3,42.876,-78.816,Theft
51731,53089,3,42.862,-78.814,Assault
51736,53094,3,42.896,-78.815,Robbery
51745,53103,3,42.874,-78.802,Theft of Vehicle
51750,53108,3,42.887,-78.815,Breaking & Entering
51753,53111,3,42.866,-78.804,Theft
51754,53112,3,42.847,-78.802,Theft
51766,53124,3,42.858,-78.811,Assault
51769,53127,3,42.894,-78.834,Theft
51775,53133,3,42.851,-78.816,Theft
51778,53136,3,42.898,-78.815,Theft
51779,53137,3,42.898,-78.836,Assault
51781,53139,3,42.869,-78.846,Assault
51782,53140,3,42.895,-78.833,Breaking & Entering
51783,53141,3,42.858,-78.814,Theft
51785,53143,3,42.852,-78.819,Breaking & Entering
51792,53150,3,42.841,-78.819,Breaking & Entering
51794,53152,3,42.854,-78.809,Assault
51798,53156,3,42.885,-78.844,Theft of Vehicle
51814,53173,3,42.878,-78.835,Theft of Vehicle
51816,53175,3,42.855,-78.809,Theft
51828,53188,3,42.871,-78.851,Breaking & Entering
51829,53189,3,42.841,-78.807,Theft
51836,53196,3,42.852,-78.817,Breaking & Entering
51839,53199,3,42.893,-78.839,Theft of Vehicle
51841,53201,3,42.881,-78.841,Theft
51843,53203,3,42.855,-78.824,Theft
51845,53205,3,42.85,-78.814,Theft
51847,53207,3,42.873,-78.808,Theft
51851,53211,3,42.848,-78.802,Breaking & Entering
51856,53216,3,42.855,-78.833,Theft
51864,53224,3,42.898,-78.807,Theft
51872,53232,3,42.855,-78.827,Breaking & Entering
51875,53235,3,42.896,-78.82,Theft
51876,53236,3,42.895,-78.826,Robbery
51879,53239,3,42.895,-78.83,Theft
51886,53246,3,42.85,-78.815,Theft
51887,53247,3,42.872,-78.807,Assault
51890,53250,3,42.898,-78.806,Theft
51895,53255,3,42.851,-78.805,Theft
51896,53256,3,42.851,-78.828,Robbery
51900,53260,3,42.851,-78.805,Breaking & Entering
51909,53269,3,42.865,-78.802,Breaking & Entering
51918,53279,3,42.85,-78.815,Theft of Vehicle
51921,53282,3,42.854,-78.828,Assault
51922,53283,3,42.891,-78.826,Theft
51926,53287,3,42.85,-78.831,Theft
51927,53288,3,42.88,-78.839,Breaking & Entering
51932,53293,3,42.892,-78.825,Assault
51943,53304,3,42.861,-78.817,Breaking & Entering
51950,53311,3,42.852,-78.805,Assault
51959,53320,3,42.875,-78.829,Breaking & Entering
51962,53323,3,42.855,-78.811,Theft
51964,53325,3,42.896,-78.823,Robbery
51967,53328,3,42.892,-78.802,Breaking & Entering
51975,53337,3,42.89,-78.806,Breaking & Entering
51977,53339,3,42.849,-78.803,Theft
51981,53343,3,42.859,-78.806,Breaking & Entering
51986,53348,3,42.845,-78.811,Theft
51992,53354,3,42.855,-78.824,Theft
51995,53357,3,42.871,-78.812,Breaking & Entering
52005,53367,3,42.89,-78.835,Assault
52007,53369,3,42.855,-78.809,Theft
52009,53371,3,42.865,-78.824,Assault
52014,53376,3,42.889,-78.815,Breaking & Entering
52026,53388,3,42.89,-78.806,Breaking & Entering
52037,53399,3,42.89,-78.81,Breaking & Entering
52038,53400,3,42.887,-78.843,Breaking & Entering
52039,53401,3,42.834,-78.824,Sexual Assault
52051,53413,3,42.855,-78.83,Theft
52054,53416,3,42.889,-78.835,Robbery
52056,53418,3,42.846,-78.82,Theft of Vehicle
52059,53421,3,42.858,-78.831,Theft
52063,53425,3,42.897,-78.814,Robbery
52068,53430,3,42.895,-78.835,Breaking & Entering
52072,53434,3,42.853,-78.824,Theft
52083,53445,3,42.86,-78.813,Breaking & Entering
52089,53451,3,42.896,-78.83,Breaking & Entering
52102,53464,3,42.836,-78.81,Theft
52105,53467,3,42.886,-78.813,Theft
52110,53472,3,42.889,-78.8,Breaking & Entering
52112,53474,3,42.848,-78.824,Theft
52113,53475,3,42.896,-78.817,Assault
52121,53483,3,42.859,-78.819,Theft
52126,53488,3,42.862,-78.819,Assault
52127,53489,3,42.899,-78.836,Breaking & Entering
52135,53497,3,42.893,-78.838,Theft
52138,53500,3,42.895,-78.83,Theft
52147,53509,3,42.893,-78.829,Assault
52150,53512,3,42.886,-78.827,Theft of Vehicle
52152,53514,3,42.895,-78.828,Robbery
52156,53518,3,42.894,-78.825,Breaking & Entering
52158,53520,3,42.857,-78.829,Assault
52160,53522,3,42.842,-78.816,Breaking & Entering
52161,53523,3,42.894,-78.834,Theft of Vehicle
52162,53524,3,42.893,-78.837,Theft
52163,53525,3,42.885,-78.848,Robbery
52166,53528,3,42.855,-78.81,Robbery
52172,53534,3,42.898,-78.837,Theft
52174,53536,3,42.897,-78.838,Robbery
52183,53547,3,42.837,-78.821,Theft
52186,53550,3,42.893,-78.823,Theft
52189,53553,3,42.895,-78.838,Assault
52195,53559,3,42.888,-78.838,Breaking & Entering
52199,53563,3,42.851,-78.806,Breaking & Entering
52203,53567,3,42.894,-78.823,Robbery
52220,53584,3,42.897,-78.817,Assault
52226,53590,3,42.891,-78.83,Breaking & Entering
52245,53609,3,42.891,-78.804,Assault
52248,53612,3,42.86,-78.825,Theft
52249,53613,3,42.843,-78.825,Assault
52254,53618,3,42.868,-78.857,Breaking & Entering
52257,53621,3,42.882,-78.849,Theft of Vehicle
52259,53623,3,42.893,-78.839,Robbery
52263,53627,3,42.895,-78.836,Assault
52267,53631,3,42.861,-78.811,Other Sexual Offense
52269,53633,3,42.868,-78.808,Theft
52275,53639,3,42.891,-78.833,Assault
52284,53648,3,42.872,-78.821,Theft
52285,53649,3,42.854,-78.834,Breaking & Entering
52286,53650,3,42.886,-78.815,Theft
52292,53656,3,42.833,-78.821,Breaking & Entering
52298,53662,3,42.843,-78.826,Theft of Vehicle
52299,53663,3,42.856,-78.809,Assault
52303,53667,3,42.889,-78.808,Assault
52304,53668,3,42.893,-78.804,Theft
52307,53671,3,42.85,-78.814,Theft
52311,53675,3,42.89,-78.833,Assault
52317,53681,3,42.893,-78.842,Breaking & Entering
52321,53685,3,42.898,-78.839,Assault
52322,53686,3,42.841,-78.824,Assault
52323,53687,3,42.896,-78.832,Breaking & Entering
52330,53694,3,42.858,-78.813,Theft
52335,53699,3,42.849,-78.803,Assault
52336,53700,3,42.887,-78.84,Theft
52337,53701,3,42.845,-78.824,Theft
52346,53710,3,42.892,-78.835,Theft
52352,53716,3,42.87,-78.85,Theft of Vehicle
52355,53719,3,42.848,-78.812,Theft
52357,53721,3,42.898,-78.807,Theft
52359,53723,3,42.887,-78.813,Assault
52360,53724,3,42.856,-78.824,Theft
52370,53734,3,42.893,-78.841,Theft
52374,53738,3,42.893,-78.829,Breaking & Entering
52407,53771,3,42.883,-78.839,Theft
52417,53781,3,42.897,-78.838,Assault
52427,53791,3,42.843,-78.826,Breaking & Entering
52433,53797,3,42.878,-78.836,Assault
52434,53798,3,42.853,-78.812,Assault
52436,53800,3,42.853,-78.808,Theft
52439,53803,3,42.856,-78.824,Robbery
52458,53822,3,42.835,-78.824,Assault
52477,53841,3,42.858,-78.813,Robbery
52478,53842,3,42.864,-78.821,Theft
52481,53845,3,42.881,-78.841,Theft
52482,53846,3,42.889,-78.809,Theft
52489,53853,3,42.863,-78.813,Theft
52500,53864,3,42.882,-78.849,Theft
52501,53865,3,42.872,-78.806,Other Sexual Offense
52504,53868,3,42.871,-78.802,Theft
52514,53878,3,42.87,-78.832,Theft
52523,53887,3,42.847,-78.855,Theft
52541,53905,3,42.833,-78.819,Theft
52544,53908,3,42.872,-78.807,Theft
52552,53916,3,42.864,-78.823,Breaking & Entering
52567,53931,3,42.858,-78.81,Assault
52570,53934,3,42.882,-78.8,Breaking & Entering
52571,53935,3,42.896,-78.831,Assault
52574,53938,3,42.895,-78.827,Robbery
52580,53944,3,42.892,-78.84,Theft
52584,53948,3,42.859,-78.812,Breaking & Entering
52586,53950,3,42.839,-78.858,Theft of Vehicle
52588,53952,3,42.894,-78.821,Theft of Vehicle
52601,53966,3,42.857,-78.812,Theft
52602,53967,3,42.87,-78.803,Theft
52610,53975,3,42.875,-78.844,Theft
52626,53991,3,42.888,-78.837,Theft
52638,54004,3,42.831,-78.824,Theft
52644,54010,3,42.899,-78.831,Theft
52645,54011,3,42.856,-78.833,Theft
52652,54018,3,42.895,-78.83,Assault
52659,54025,3,42.887,-78.803,Assault
52662,54028,3,42.85,-78.803,Theft
52668,54035,3,42.839,-78.81,Theft
52669,54036,3,42.898,-78.84,Breaking & Entering
52672,54039,3,42.893,-78.837,Theft
52673,54040,3,42.854,-78.808,Theft
52680,54047,3,42.893,-78.837,Robbery
52693,54060,3,42.855,-78.833,Breaking & Entering
52698,54065,3,42.895,-78.822,Assault
52706,54074,3,42.89,-78.845,Assault
52709,54077,3,42.848,-78.812,Theft
52710,54078,3,42.851,-78.825,Breaking & Entering
52728,54098,3,42.86,-78.825,Theft
52729,54099,3,42.894,-78.819,Breaking & Entering
52739,54109,3,42.848,-78.818,Assault
52754,54124,3,42.899,-78.818,Breaking & Entering
52760,54130,3,42.853,-78.803,Assault
52777,54147,3,42.896,-78.819,Breaking & Entering
52778,54148,3,42.899,-78.839,Theft
52786,54156,3,42.897,-78.837,Theft of Vehicle
52795,54165,3,42.865,-78.823,Robbery
52804,54174,3,42.876,-78.83,Breaking & Entering
52820,54190,3,42.837,-78.807,Robbery
52821,54191,3,42.842,-78.822,Theft
52827,54197,3,42.89,-78.8,Breaking & Entering
52834,54204,3,42.851,-78.823,Theft of Vehicle
52837,54207,3,42.876,-78.852,Theft
52844,54214,3,42.886,-78.811,Breaking & Entering
52845,54215,3,42.853,-78.823,Breaking & Entering
52846,54216,3,42.889,-78.816,Assault
52877,54249,3,42.888,-78.836,Theft
52880,54252,3,42.858,-78.823,Breaking & Entering
52885,54257,3,42.899,-78.837,Breaking & Entering
52890,54262,3,42.834,-78.808,Breaking & Entering
52891,54263,3,42.849,-78.827,Assault
52894,54266,3,42.894,-78.83,Assault
52919,54292,3,42.869,-78.846,Theft
52924,54297,3,42.847,-78.803,Theft of Vehicle
52927,54300,3,42.858,-78.814,Theft
52928,54301,3,42.887,-78.8,Theft of Vehicle
52931,54304,3,42.875,-78.829,Assault
52935,54308,3,42.897,-78.818,Theft
52936,54309,3,42.849,-78.816,Theft
52937,54310,3,42.842,-78.818,Breaking & Entering
52938,54311,3,42.888,-78.815,Breaking & Entering
52951,54324,3,42.895,-78.818,Breaking & Entering
52952,54325,3,42.892,-78.813,Theft
52954,54327,3,42.872,-78.82,Theft
52961,54334,3,42.847,-78.855,Theft
52965,54338,3,42.868,-78.849,Theft
52968,54341,3,42.853,-78.807,Theft
52969,54342,3,42.888,-78.809,Breaking & Entering
52970,54343,3,42.851,-78.828,Theft of Vehicle
52972,54345,3,42.89,-78.807,Assault
52982,54355,3,42.895,-78.832,Theft
52984,54357,3,42.848,-78.829,Theft
52998,54372,3,42.868,-78.81,Theft
53010,54384,3,42.894,-78.836,Breaking & Entering
53018,54393,3,42.851,-78.801,Breaking & Entering
53035,54410,3,42.896,-78.824,Assault
53037,54412,3,42.851,-78.803,Theft
53042,54417,3,42.891,-78.824,Breaking & Entering
53044,54419,3,42.854,-78.827,Theft
53054,54430,3,42.897,-78.836,Assault
53070,54446,3,42.886,-78.842,Theft
53075,54452,3,42.873,-78.842,Breaking & Entering
53076,54453,3,42.851,-78.826,Assault
53084,54461,3,42.875,-78.806,Theft
53087,54464,3,42.848,-78.812,Sexual Offense
53093,54470,3,42.854,-78.808,Theft
53110,54487,3,42.854,-78.834,Breaking & Entering
53115,54492,3,42.897,-78.821,Theft
53117,54494,3,42.899,-78.822,Breaking & Entering
53118,54495,3,42.837,-78.813,Breaking & Entering
53122,54499,3,42.899,-78.832,Theft
53132,54509,3,42.856,-78.823,Assault
53135,54512,3,42.874,-78.817,Assault
53138,54515,3,42.896,-78.807,Theft
53139,54516,3,42.858,-78.805,Theft
53143,54520,3,42.889,-78.836,Theft
53156,54533,3,42.851,-78.806,Breaking & Entering
53158,54535,3,42.876,-78.827,Breaking & Entering
53163,54540,3,42.852,-78.813,Theft
53166,54543,3,42.889,-78.812,Theft
53172,54550,3,42.895,-78.827,Theft
53175,54553,3,42.898,-78.807,Theft
53183,54561,3,42.87,-78.833,Theft
53188,54566,3,42.885,-78.844,Assault
53192,54570,3,42.894,-78.836,Assault
53197,54575,3,42.896,-78.838,Assault
53203,54581,3,42.875,-78.806,Theft
53211,54589,3,42.895,-78.827,Theft
53213,54591,3,42.856,-78.832,Theft
53214,54592,3,42.889,-78.808,Assault
53219,54597,3,42.842,-78.824,Theft
53221,54599,3,42.85,-78.801,Theft
53225,54603,3,42.888,-78.802,Breaking & Entering
53237,54615,3,42.873,-78.809,Theft
53244,54622,3,42.841,-78.824,Theft
53247,54625,3,42.867,-78.857,Breaking & Entering
53258,54637,3,42.893,-78.823,Robbery
53259,54638,3,42.871,-78.802,Theft of Vehicle
53262,54641,3,42.893,-78.821,Robbery
53267,54646,3,42.871,-78.849,Breaking & Entering
53274,54653,3,42.893,-78.84,Breaking & Entering
53276,54655,3,42.862,-78.802,Theft of Vehicle
53277,54656,3,42.857,-78.805,Theft
53281,54660,3,42.849,-78.863,Theft
53282,54661,3,42.882,-78.833,Theft
53288,54667,3,42.865,-78.807,Theft
53289,54668,3,42.849,-78.824,Theft
53295,54674,3,42.851,-78.805,Theft
53315,54696,3,42.858,-78.804,Theft
53316,54697,3,42.886,-78.841,Breaking & Entering
53317,54698,3,42.895,-78.829,Assault
53331,54713,3,42.879,-78.833,Theft
53332,54714,3,42.894,-78.834,Theft
53334,54716,3,42.866,-78.847,Assault
53338,54720,3,42.888,-78.838,Theft
53341,54723,3,42.831,-78.824,Theft
53346,54728,3,42.895,-78.827,Theft
53357,54739,3,42.889,-78.808,Breaking & Entering
53378,54760,3,42.893,-78.833,Homicide
53381,54763,3,42.891,-78.805,Theft
53393,54775,3,42.896,-78.821,Assault
53394,54776,3,42.848,-78.824,Assault
53395,54777,3,42.853,-78.831,Theft of Vehicle
53397,54779,3,42.851,-78.802,Breaking & Entering
53398,54780,3,42.877,-78.803,Theft
53405,54787,3,42.895,-78.809,Breaking & Entering
53406,54788,3,42.885,-78.813,Assault
53409,54791,3,42.873,-78.824,Assault
53412,54794,3,42.852,-78.808,Theft
53430,54813,3,42.871,-78.834,Theft of Vehicle
53434,54817,3,42.884,-78.827,Theft of Vehicle
53436,54819,3,42.858,-78.813,Breaking & Entering
53437,54820,3,42.873,-78.808,Assault
53438,54821,3,42.893,-78.82,Sexual Assault
53445,54828,3,42.896,-78.827,Theft
53466,54849,3,42.884,-78.829,Theft
53467,54850,3,42.894,-78.832,Robbery
53472,54855,3,42.862,-78.816,Assault
53479,54862,3,42.86,-78.815,Assault
53480,54863,3,42.898,-78.801,Breaking & Entering
53483,54866,3,42.896,-78.815,Theft
53487,54870,3,42.88,-78.839,Robbery
53490,54873,3,42.842,-78.815,Assault
53492,54875,3,42.89,-78.802,Breaking & Entering
53499,54882,3,42.893,-78.84,Assault
53503,54886,3,42.877,-78.814,Theft
53507,54890,3,42.833,-78.824,Theft
53508,54891,3,42.887,-78.808,Theft
53515,54898,3,42.854,-78.828,Breaking & Entering
53527,54911,3,42.886,-78.838,Theft
53534,54919,3,42.836,-78.807,Theft
53545,54930,3,42.884,-78.839,Assault
53558,54943,3,42.891,-78.814,Theft
53559,54944,3,42.867,-78.857,Assault
53562,54947,3,42.887,-78.802,Theft
53572,54957,3,42.883,-78.843,Theft
53577,54962,3,42.896,-78.824,Theft
53580,54965,3,42.868,-78.81,Theft of Vehicle
53582,54967,3,42.885,-78.842,Assault
53583,54968,3,42.891,-78.83,Assault
53586,54971,3,42.888,-78.809,Theft
53588,54973,3,42.855,-78.824,Assault
53607,54992,3,42.869,-78.832,Theft of Vehicle
53608,54993,3,42.888,-78.809,Assault
53609,54994,3,42.895,-78.837,Robbery
53611,54996,3,42.858,-78.807,Theft
53638,55023,3,42.897,-78.839,Assault
53642,55027,3,42.897,-78.836,Theft of Vehicle
53646,55031,3,42.893,-78.83,Breaking & Entering
53648,55033,3,42.838,-78.808,Robbery
53652,55038,3,42.89,-78.81,Breaking & Entering
53660,55046,3,42.899,-78.831,Assault
53681,55067,3,42.847,-78.833,Breaking & Entering
53688,55074,3,42.863,-78.82,Theft
53691,55077,3,42.898,-78.82,Theft
53694,55080,3,42.867,-78.806,Assault
53703,55089,3,42.858,-78.831,Theft
53705,55091,3,42.885,-78.823,Theft
53711,55097,3,42.889,-78.812,Assault
53720,55106,3,42.897,-78.814,Assault
53721,55107,3,42.887,-78.815,Theft
53722,55108,3,42.873,-78.81,Assault
53729,55115,3,42.872,-78.808,Breaking & Entering
53733,55119,3,42.855,-78.827,Theft
53736,55122,3,42.868,-78.848,Breaking & Entering
53737,55123,3,42.856,-78.824,Theft
53738,55124,3,42.895,-78.822,Breaking & Entering
53745,55131,3,42.893,-78.823,Assault
53748,55134,3,42.852,-78.802,Breaking & Entering
53756,55142,3,42.88,-78.839,Theft
53758,55144,3,42.893,-78.83,Assault
53761,55147,3,42.896,-78.826,Theft
53768,55154,3,42.869,-78.807,Robbery
53772,55158,3,42.886,-78.837,Theft
53777,55163,3,42.896,-78.818,Theft
53792,55178,3,42.859,-78.816,Theft
53799,55185,3,42.856,-78.812,Assault
53800,55186,3,42.887,-78.841,Theft
53808,55194,3,42.869,-78.844,Breaking & Entering
53824,55211,3,42.872,-78.812,Theft
53825,55212,3,42.884,-78.836,Breaking & Entering
53827,55214,3,42.853,-78.806,Theft
53839,55226,3,42.854,-78.808,Theft
53840,55227,3,42.856,-78.809,Assault
53853,55241,3,42.869,-78.806,Breaking & Entering
53864,55252,3,42.839,-78.817,Theft
53872,55261,3,42.897,-78.816,Theft
53875,55264,3,42.848,-78.824,Assault
53878,55267,3,42.858,-78.831,Theft
53896,55286,3,42.871,-78.834,Assault
53920,55310,3,42.897,-78.807,Theft of Vehicle
53927,55317,3,42.893,-78.824,Theft of Vehicle
53933,55323,3,42.896,-78.816,Theft
53935,55325,3,42.886,-78.814,Theft
53938,55328,3,42.837,-78.812,Theft
53939,55329,3,42.887,-78.807,Theft
53943,55333,3,42.879,-78.801,Breaking & Entering
53945,55335,3,42.894,-78.837,Theft
53961,55351,3,42.839,-78.819,Theft of Vehicle
53969,55359,3,42.838,-78.814,Theft
53970,55360,3,42.895,-78.823,Breaking & Entering
53974,55364,3,42.893,-78.836,Breaking & Entering
53979,55369,3,42.892,-78.806,Robbery
53983,55373,3,42.891,-78.831,Theft
53993,55383,3,42.889,-78.838,Theft
53998,55388,3,42.891,-78.833,Assault
53999,55389,3,42.886,-78.805,Breaking & Entering
54001,55391,3,42.857,-78.828,Assault
54003,55393,3,42.87,-78.849,Theft
54009,55399,3,42.867,-78.856,Theft
54025,55415,3,42.872,-78.82,Robbery
54035,55425,3,42.896,-78.82,Robbery
54039,55429,3,42.868,-78.808,Theft of Vehicle
54044,55434,3,42.873,-78.826,Breaking & Entering
54048,55438,3,42.889,-78.805,Assault
54054,55444,3,42.86,-78.814,Breaking & Entering
54066,55456,3,42.851,-78.812,Theft
54068,55458,3,42.88,-78.845,Theft
54073,55463,3,42.871,-78.837,Theft
54075,55465,3,42.844,-78.825,Assault
54079,55469,3,42.845,-78.824,Theft
54080,55471,3,42.854,-78.828,Breaking & Entering
54082,55473,3,42.858,-78.815,Breaking & Entering
54097,55488,3,42.881,-78.801,Theft
54101,55492,3,42.867,-78.85,Theft
54105,55496,3,42.896,-78.816,Theft of Vehicle
54109,55500,3,42.879,-78.845,Breaking & Entering
54116,55507,3,42.85,-78.804,Breaking & Entering
54118,55509,3,42.833,-78.824,Theft
54127,55518,3,42.896,-78.822,Robbery
54135,55526,3,42.847,-78.824,Theft
54141,55533,3,42.856,-78.831,Theft
54150,55542,3,42.841,-78.812,Robbery
54167,55559,3,42.897,-78.806,Theft
54168,55560,3,42.872,-78.815,Theft
54175,55568,3,42.855,-78.827,Breaking & Entering
54184,55577,3,42.871,-78.811,Theft
54200,55593,3,42.849,-78.813,Theft
54204,55597,3,42.857,-78.833,Theft
54212,55605,3,42.896,-78.822,Assault
54214,55607,3,42.873,-78.811,Breaking & Entering
54218,55611,3,42.841,-78.824,Theft
54219,55612,3,42.85,-78.815,Breaking & Entering
54223,55616,3,42.881,-78.833,Theft
54236,55629,3,42.891,-78.837,Assault
54246,55639,3,42.891,-78.824,Assault
54247,55640,3,42.856,-78.81,Assault
54253,55646,3,42.862,-78.819,Theft of Vehicle
54264,55657,3,42.879,-78.832,Robbery
54268,55661,3,42.886,-78.838,Assault
54270,55663,3,42.866,-78.851,Theft
54271,55664,3,42.868,-78.808,Breaking & Entering
54272,55665,3,42.854,-78.81,Assault
54275,55668,3,42.847,-78.824,Assault
54278,55671,3,42.89,-78.835,Theft
54287,55680,3,42.858,-78.831,Theft
54290,55683,3,42.898,-78.832,Robbery
54291,55684,3,42.851,-78.81,Theft
54293,55686,3,42.842,-78.809,Breaking & Entering
54298,55691,3,42.858,-78.812,Theft
54305,55698,3,42.891,-78.837,Assault
54312,55705,3,42.893,-78.807,Theft
54316,55709,3,42.886,-78.805,Breaking & Entering
54326,55719,3,42.883,-78.833,Assault
54327,55720,3,42.891,-78.834,Breaking & Entering
54335,55728,3,42.898,-78.817,Assault
54337,55730,3,42.868,-78.806,Assault
54338,55731,3,42.888,-78.808,Breaking & Entering
54342,55735,3,42.845,-78.861,Robbery
54353,55746,3,42.866,-78.822,Theft of Vehicle
54356,55749,3,42.883,-78.846,Breaking & Entering
54364,55757,3,42.899,-78.823,Assault
54366,55759,3,42.899,-78.818,Breaking & Entering
54368,55761,3,42.845,-78.813,Breaking & Entering
54371,55764,3,42.85,-78.803,Breaking & Entering
54381,55774,3,42.892,-78.801,Theft
54384,55777,3,42.85,-78.821,Assault
54397,55790,3,42.892,-78.825,Assault
54408,55801,3,42.833,-78.824,Theft
54413,55806,3,42.876,-78.843,Theft
54417,55812,3,42.881,-78.84,Assault
54428,55823,3,42.852,-78.817,Theft
54431,55826,3,42.893,-78.807,Breaking & Entering
54439,55834,3,42.878,-78.801,Theft
54444,55839,3,42.858,-78.805,Breaking & Entering
54449,55845,3,42.89,-78.801,Breaking & Entering
54450,55846,3,42.872,-78.824,Breaking & Entering
54454,55850,3,42.891,-78.832,Assault
54459,55855,3,42.891,-78.843,Breaking & Entering
54461,55857,3,42.894,-78.833,Theft
54464,55860,3,42.871,-78.811,Theft
54465,55861,3,42.87,-78.811,Theft
54468,55864,3,42.885,-78.81,Theft
54476,55872,3,42.858,-78.813,Breaking & Entering
54480,55876,3,42.889,-78.81,Theft
54488,55884,3,42.847,-78.832,Theft
54492,55888,3,42.872,-78.806,Assault
54499,55895,3,42.867,-78.824,Robbery
54506,55902,3,42.841,-78.824,Theft
54518,55914,3,42.892,-78.831,Theft
54519,55915,3,42.848,-78.824,Theft
54523,55919,3,42.85,-78.814,Assault
54538,55934,3,42.892,-78.842,Assault
54546,55943,3,42.863,-78.818,Assault
54548,55945,3,42.855,-78.826,Breaking & Entering
54550,55947,3,42.897,-78.82,Breaking & Entering
54561,55958,3,42.886,-78.838,Other Sexual Offense
54567,55964,3,42.873,-78.818,Breaking & Entering
54568,55965,3,42.896,-78.835,Theft
54573,55970,3,42.89,-78.834,Assault
54576,55973,3,42.879,-78.835,Theft
54577,55974,3,42.897,-78.817,Robbery
54579,55976,3,42.876,-78.823,Theft
54581,55978,3,42.833,-78.819,Theft
54588,55985,3,42.848,-78.832,Assault
54614,56011,3,42.892,-78.815,Breaking & Entering
54624,56021,3,42.89,-78.84,Theft
54629,56026,3,42.897,-78.834,Assault
54632,56029,3,42.87,-78.806,Breaking & Entering
54633,56030,3,42.873,-78.819,Assault
54639,56036,3,42.893,-78.823,Assault
54646,56043,3,42.895,-78.823,Assault
54653,56050,3,42.868,-78.856,Breaking & Entering
54657,56054,3,42.882,-78.841,Breaking & Entering
54660,56057,3,42.848,-78.827,Breaking & Entering
54670,56067,3,42.871,-78.815,Theft
54676,56073,3,42.863,-78.821,Theft
54680,56077,3,42.886,-78.838,Breaking & Entering
54687,56085,3,42.866,-78.847,Theft of Vehicle
54690,56088,3,42.849,-78.828,Assault
54696,56095,3,42.854,-78.828,Robbery
54713,56112,3,42.89,-78.809,Theft
54716,56115,3,42.898,-78.822,Breaking & Entering
54721,56120,3,42.893,-78.839,Theft of Vehicle
54722,56121,3,42.842,-78.813,Theft
54723,56122,3,42.835,-78.824,Assault
54726,56125,3,42.84,-78.807,Theft
54732,56131,3,42.892,-78.838,Theft
54733,56132,3,42.843,-78.816,Theft
54734,56133,3,42.893,-78.824,Theft
54744,56143,3,42.893,-78.834,Theft
54754,56153,3,42.838,-78.815,Theft
54755,56154,3,42.896,-78.824,Robbery
54757,56156,3,42.854,-78.812,Theft
54767,56166,3,42.897,-78.82,Robbery
54779,56178,3,42.853,-78.825,Assault
54787,56186,3,42.833,-78.824,Theft
54789,56188,3,42.873,-78.804,Breaking & Entering
54791,56190,3,42.891,-78.838,Theft
54792,56191,3,42.842,-78.821,Breaking & Entering
54794,56193,3,42.899,-78.809,Theft
54810,56209,3,42.839,-78.822,Theft
54812,56211,3,42.89,-78.801,Assault
54819,56218,3,42.892,-78.832,Assault
54820,56219,3,42.889,-78.81,Breaking & Entering
54824,56223,3,42.846,-78.829,Assault
54826,56225,3,42.894,-78.819,Breaking & Entering
54827,56226,3,42.876,-78.828,Breaking & Entering
54829,56228,3,42.891,-78.833,Robbery
54836,56235,3,42.894,-78.808,Theft of Vehicle
54851,56250,3,42.855,-78.813,Theft of Vehicle
54855,56254,3,42.867,-78.803,Assault
54858,56257,3,42.888,-78.804,Breaking & Entering
54860,56259,3,42.89,-78.836,Breaking & Entering
54861,56260,3,42.832,-78.833,Theft
54863,56262,3,42.879,-78.843,Theft
54871,56270,3,42.898,-78.839,Robbery
54872,56271,3,42.893,-78.837,Theft
54876,56276,3,42.886,-78.838,Assault
54894,56294,3,42.888,-78.836,Breaking & Entering
54895,56295,3,42.889,-78.834,Breaking & Entering
54898,56298,3,42.857,-78.824,Theft
54903,56304,3,42.837,-78.824,Assault
54912,56313,3,42.854,-78.811,Homicide
54917,56318,3,42.89,-78.837,Breaking & Entering
54920,56322,3,42.842,-78.822,Assault
54921,56323,3,42.874,-78.805,Breaking & Entering
54929,56331,3,42.857,-78.811,Breaking & Entering
54930,56332,3,42.869,-78.832,Assault
54934,56336,3,42.893,-78.83,Assault
54936,56338,3,42.875,-78.804,Theft
54937,56339,3,42.87,-78.808,Breaking & Entering
54941,56343,3,42.848,-78.813,Theft
54946,56349,3,42.833,-78.824,Theft
54952,56355,3,42.86,-78.816,Theft
54956,56359,3,42.887,-78.802,Breaking & Entering
54962,56365,3,42.877,-78.841,Theft
54965,56368,3,42.838,-78.802,Theft
54982,56386,3,42.839,-78.814,Assault
54983,56387,3,42.849,-78.822,Theft
54990,56394,3,42.896,-78.824,Theft
54991,56395,3,42.884,-78.839,Robbery
55002,56406,3,42.895,-78.84,Breaking & Entering
55010,56414,3,42.853,-78.826,Theft of Vehicle
55015,56420,3,42.891,-78.814,Theft
55021,56427,3,42.852,-78.817,Breaking & Entering
55023,56429,3,42.86,-78.825,Theft
55024,56430,3,42.858,-78.813,Assault
55025,56431,3,42.854,-78.806,Theft of Vehicle
55026,56432,3,42.89,-78.807,Assault
55028,56434,3,42.873,-78.842,Theft
55030,56436,3,42.889,-78.839,Breaking & Entering
55038,56444,3,42.888,-78.8,Theft
55054,56460,3,42.859,-78.816,Assault
55056,56462,3,42.873,-78.826,Theft of Vehicle
55063,56469,3,42.866,-78.843,Theft
55064,56470,3,42.861,-78.823,Assault
55065,56471,3,42.845,-78.811,Breaking & Entering
55080,56486,3,42.895,-78.806,Theft of Vehicle
55083,56489,3,42.833,-78.824,Theft
55087,56493,3,42.891,-78.816,Theft
55097,56503,3,42.836,-78.816,Theft
55115,56521,3,42.897,-78.821,Breaking & Entering
55130,56536,3,42.899,-78.818,Assault
55131,56537,3,42.885,-78.806,Sexual Assault
55134,56540,3,42.857,-78.812,Theft
55136,56542,3,42.859,-78.823,Assault
55148,56554,3,42.894,-78.837,Theft
55149,56555,3,42.883,-78.839,Robbery
55156,56562,3,42.867,-78.823,Theft
55166,56572,3,42.842,-78.824,Theft
55167,56573,3,42.899,-78.818,Assault
55168,56574,3,42.898,-78.836,Robbery
55175,56581,3,42.858,-78.825,Theft
55179,56585,3,42.857,-78.826,Assault
55182,56588,3,42.89,-78.812,Theft of Vehicle
55191,56597,3,42.893,-78.839,Assault
55201,56607,3,42.836,-78.822,Theft
55204,56610,3,42.897,-78.84,Theft of Vehicle
55207,56613,3,42.86,-78.815,Theft of Vehicle
55214,56620,3,42.868,-78.808,Theft
55222,56628,3,42.855,-78.81,Assault
55259,56665,3,42.851,-78.828,Breaking & Entering
55260,56666,3,42.89,-78.807,Theft of Vehicle
55266,56672,3,42.867,-78.847,Assault
55269,56675,3,42.891,-78.838,Theft
55273,56679,3,42.894,-78.821,Breaking & Entering
55281,56687,3,42.898,-78.807,Theft
55290,56697,3,42.878,-78.815,Assault
55297,56704,3,42.881,-78.801,Theft
55298,56705,3,42.879,-78.838,Robbery
55313,56721,3,42.851,-78.822,Theft
55317,56725,3,42.843,-78.824,Theft
55340,56748,3,42.856,-78.807,Breaking & Entering
55341,56749,3,42.859,-78.805,Robbery
55345,56753,3,42.868,-78.807,Theft
55348,56756,3,42.885,-78.83,Theft
55356,56764,3,42.854,-78.81,Theft
55359,56767,3,42.89,-78.842,Breaking & Entering
55364,56772,3,42.899,-78.816,Theft
55372,56780,3,42.896,-78.819,Assault
55374,56782,3,42.851,-78.828,Assault
55380,56788,3,42.885,-78.823,Breaking & Entering
55396,56805,3,42.848,-78.824,Breaking & Entering
55400,56809,3,42.883,-78.839,Theft
55404,56813,3,42.873,-78.804,Theft
55412,56822,3,42.86,-78.807,Breaking & Entering
55415,56825,3,42.849,-78.813,Theft
55416,56826,3,42.85,-78.824,Theft
55421,56831,3,42.877,-78.827,Assault
55423,56833,3,42.871,-78.815,Theft
55430,56840,3,42.869,-78.812,Sexual Assault
55432,56842,3,42.835,-78.823,Assault
55436,56846,3,42.872,-78.82,Theft
55437,56847,3,42.846,-78.825,Theft
55439,56849,3,42.878,-78.801,Theft
55442,56852,3,42.89,-78.845,Theft of Vehicle
55444,56854,3,42.895,-78.825,Theft
55448,56858,3,42.85,-78.805,Theft of Vehicle
55449,56859,3,42.879,-78.814,Theft
55451,56861,3,42.888,-78.846,Breaking & Entering
55478,56888,3,42.878,-78.837,Breaking & Entering
55481,56891,3,42.885,-78.803,Theft
55485,56895,3,42.832,-78.815,Theft
55486,56896,3,42.858,-78.812,Other Sexual Offense
55489,56899,3,42.878,-78.849,Theft
55493,56903,3,42.893,-78.841,Theft
55496,56906,3,42.861,-78.82,Theft of Vehicle
55500,56910,3,42.892,-78.838,Theft
55521,56932,3,42.858,-78.813,Theft
55552,56963,3,42.848,-78.824,Theft
55554,56965,3,42.897,-78.822,Theft
55556,56967,3,42.847,-78.826,Assault
55563,56974,3,42.872,-78.802,Robbery
55567,56978,3,42.895,-78.822,Breaking & Entering
55571,56982,3,42.884,-78.834,Assault
55572,56983,3,42.873,-78.806,Assault
55574,56985,3,42.891,-78.81,Breaking & Entering
55585,56996,3,42.892,-78.835,Breaking & Entering
55587,56998,3,42.859,-78.816,Theft of Vehicle
55602,57013,3,42.864,-78.825,Theft of Vehicle
55607,57018,3,42.872,-78.816,Theft
55612,57023,3,42.842,-78.82,Assault
55629,57040,3,42.888,-78.837,Assault
55634,57045,3,42.893,-78.837,Theft
55646,57057,3,42.873,-78.81,Breaking & Entering
55648,57059,3,42.852,-78.803,Theft
55650,57061,3,42.876,-78.843,Assault
55657,57068,3,42.888,-78.837,Theft
55658,57069,3,42.894,-78.823,Breaking & Entering
55660,57071,3,42.839,-78.821,Theft of Vehicle
55663,57074,3,42.877,-78.849,Theft
55664,57075,3,42.886,-78.815,Breaking & Entering
55668,57079,3,42.885,-78.804,Breaking & Entering
55674,57085,3,42.836,-78.824,Theft
55675,57086,3,42.869,-78.846,Theft
55676,57087,3,42.852,-78.805,Theft
55679,57092,3,42.885,-78.81,Breaking & Entering
55692,57105,3,42.898,-78.807,Theft
55697,57110,3,42.896,-78.819,Theft
55711,57124,3,42.865,-78.826,Breaking & Entering
55713,57127,3,42.832,-78.809,Breaking & Entering
55714,57128,3,42.882,-78.834,Theft
55715,57129,3,42.838,-78.81,Theft
55722,57136,3,42.89,-78.808,Assault
55729,57143,3,42.881,-78.835,Theft
55734,57148,3,42.889,-78.805,Breaking & Entering
55740,57154,3,42.888,-78.839,Theft of Vehicle
55758,57172,3,42.854,-78.812,Theft of Vehicle
55759,57173,3,42.892,-78.838,Theft
55762,57176,3,42.844,-78.834,Theft
55765,57179,3,42.896,-78.821,Assault
55766,57180,3,42.88,-78.842,Theft
55769,57183,3,42.869,-78.833,Theft
55794,57208,3,42.855,-78.833,Breaking & Entering
55798,57212,3,42.848,-78.801,Breaking & Entering
55809,57223,3,42.857,-78.824,Theft
55822,57237,3,42.899,-78.823,Assault
55828,57243,3,42.839,-78.824,Theft
55836,57251,3,42.852,-78.826,Theft
55858,57273,3,42.852,-78.813,Theft
55874,57290,3,42.852,-78.823,Breaking & Entering
55877,57293,3,42.851,-78.82,Theft
55881,57297,3,42.855,-78.825,Theft
55884,57300,3,42.898,-78.801,Theft
55885,57301,3,42.886,-78.808,Assault
55886,57302,3,42.851,-78.816,Theft
55891,57307,3,42.895,-78.84,Robbery
55893,57309,3,42.894,-78.834,Theft of Vehicle
55897,57313,3,42.846,-78.802,Theft
55915,57331,3,42.872,-78.851,Theft of Vehicle
55941,57357,3,42.861,-78.818,Theft
55943,57359,3,42.891,-78.824,Breaking & Entering
55949,57365,3,42.851,-78.806,Assault
55951,57367,3,42.854,-78.825,Assault
55952,57368,3,42.893,-78.839,Theft
55956,57372,3,42.838,-78.804,Theft
55959,57375,3,42.894,-78.804,Breaking & Entering
55963,57379,3,42.887,-78.816,Breaking & Entering
55968,57384,3,42.898,-78.814,Assault
55970,57386,3,42.886,-78.839,Theft of Vehicle
55977,57393,3,42.842,-78.824,Theft
55991,57407,3,42.896,-78.821,Assault
55995,57411,3,42.888,-78.837,Assault
55997,57413,3,42.859,-78.813,Theft
56000,57416,3,42.892,-78.812,Theft
56028,57444,3,42.881,-78.849,Assault
56040,57457,3,42.894,-78.821,Breaking & Entering
56047,57464,3,42.894,-78.833,Theft of Vehicle
56057,57474,3,42.89,-78.815,Theft
56062,57479,3,42.855,-78.807,Theft
56063,57480,3,42.896,-78.815,Theft
56070,57487,3,42.837,-78.823,Assault
56081,57498,3,42.898,-78.801,Breaking & Entering
56084,57501,3,42.851,-78.803,Theft of Vehicle
56092,57509,3,42.838,-78.808,Theft
56096,57513,3,42.851,-78.825,Assault
56104,57521,3,42.842,-78.829,Theft
56112,57530,3,42.837,-78.804,Theft
56114,57532,3,42.897,-78.822,Breaking & Entering
56131,57550,3,42.85,-78.831,Theft
56132,57551,3,42.846,-78.823,Theft
56148,57567,3,42.847,-78.825,Theft
56157,57576,3,42.87,-78.811,Theft
56158,57577,3,42.858,-78.81,Theft
56161,57580,3,42.841,-78.82,Theft
56162,57581,3,42.873,-78.853,Breaking & Entering
56172,57591,3,42.852,-78.804,Breaking & Entering
56174,57593,3,42.867,-78.847,Assault
56176,57595,3,42.857,-78.813,Assault
56184,57603,3,42.894,-78.825,Assault
56187,57606,3,42.893,-78.814,Theft
56198,57617,3,42.89,-78.802,Robbery
56200,57619,3,42.848,-78.824,Theft
56204,57623,3,42.856,-78.806,Breaking & Entering
56208,57627,3,42.893,-78.837,Theft
56209,57628,3,42.88,-78.841,Breaking & Entering
56213,57632,3,42.878,-78.849,Breaking & Entering
56219,57639,3,42.858,-78.813,Theft
56232,57653,3,42.846,-78.821,Assault
56237,57658,3,42.896,-78.806,Theft
56238,57659,3,42.87,-78.849,Breaking & Entering
56239,57660,3,42.873,-78.801,Theft of Vehicle
56245,57666,3,42.882,-78.835,Assault
56249,57670,3,42.877,-78.833,Breaking & Entering
56260,57681,3,42.853,-78.827,Theft of Vehicle
56264,57685,3,42.855,-78.824,Theft
56265,57686,3,42.878,-78.801,Theft
56279,57700,3,42.871,-78.804,Assault
56287,57708,3,42.891,-78.8,Theft
56290,57711,3,42.893,-78.839,Breaking & Entering
56300,57721,3,42.887,-78.837,Theft
56305,57726,3,42.854,-78.831,Assault
56308,57729,3,42.891,-78.814,Assault
56309,57730,3,42.858,-78.831,Theft
56313,57734,3,42.857,-78.813,Breaking & Entering
56319,57741,3,42.848,-78.832,Theft
56326,57748,3,42.872,-78.804,Breaking & Entering
56334,57756,3,42.873,-78.841,Breaking & Entering
56336,57758,3,42.895,-78.819,Breaking & Entering
56339,57761,3,42.897,-78.814,Breaking & Entering
56350,57773,3,42.856,-78.809,Theft
56353,57776,3,42.892,-78.827,Theft of Vehicle
56354,57777,3,42.896,-78.804,Breaking & Entering
56356,57779,3,42.848,-78.824,Theft of Vehicle
56368,57791,3,42.887,-78.837,Theft
56369,57792,3,42.882,-78.807,Theft
56371,57794,3,42.876,-78.83,Assault
56372,57795,3,42.842,-78.819,Sexual Assault
56381,57804,3,42.883,-78.835,Assault
56382,57805,3,42.893,-78.807,Theft
56383,57806,3,42.865,-78.828,Theft
56389,57813,3,42.892,-78.834,Breaking & Entering
56403,57827,3,42.878,-78.846,Assault
56409,57833,3,42.856,-78.824,Breaking & Entering
56410,57834,3,42.897,-78.832,Assault
56424,57848,3,42.884,-78.834,Theft
56425,57849,3,42.899,-78.819,Theft
56427,57851,3,42.833,-78.819,Sexual Assault
56434,57858,3,42.859,-78.812,Theft
56435,57859,3,42.858,-78.808,Assault
56439,57863,3,42.862,-78.815,Theft
56441,57865,3,42.862,-78.819,Assault
56451,57875,3,42.897,-78.826,Breaking & Entering
56454,57878,3,42.871,-78.809,Breaking & Entering
56460,57884,3,42.896,-78.816,Robbery
56462,57886,3,42.896,-78.822,Robbery
56470,57894,3,42.878,-78.836,Assault
56476,57901,3,42.876,-78.826,Breaking & Entering
56485,57910,3,42.895,-78.821,Theft of Vehicle
56488,57913,3,42.88,-78.839,Assault
56495,57920,3,42.854,-78.826,Assault
56501,57926,3,42.872,-78.807,Assault
56509,57934,3,42.882,-78.829,Theft
56513,57938,3,42.85,-78.818,Theft
56536,57961,3,42.84,-78.804,Theft
56537,57962,3,42.846,-78.823,Theft
56540,57966,3,42.872,-78.815,Breaking & Entering
56544,57970,3,42.854,-78.826,Theft
56551,57977,3,42.851,-78.825,Theft of Vehicle
56554,57980,3,42.858,-78.831,Theft
56555,57981,3,42.857,-78.812,Theft
56556,57982,3,42.897,-78.838,Theft
56562,57988,3,42.887,-78.837,Breaking & Entering
56581,58007,3,42.842,-78.816,Breaking & Entering
56593,58019,3,42.856,-78.806,Theft
56595,58021,3,42.884,-78.839,Assault
56597,58023,3,42.885,-78.804,Breaking & Entering
56599,58025,3,42.889,-78.808,Theft
56605,58032,3,42.87,-78.845,Breaking & Entering
56617,58044,3,42.889,-78.815,Theft
56620,58047,3,42.872,-78.843,Theft of Vehicle
56622,58049,3,42.895,-78.827,Theft of Vehicle
56623,58050,3,42.878,-78.801,Assault
56624,58051,3,42.897,-78.804,Theft
56635,58062,3,42.874,-78.801,Other Sexual Offense
56644,58072,3,42.894,-78.806,Breaking & Entering
56654,58082,3,42.847,-78.827,Theft
56671,58100,3,42.838,-78.857,Theft of Vehicle
56676,58105,3,42.884,-78.833,Breaking & Entering
56677,58106,3,42.885,-78.81,Theft
56685,58114,3,42.896,-78.806,Assault
56687,58116,3,42.889,-78.839,Theft
56689,58118,3,42.872,-78.807,Breaking & Entering
56691,58120,3,42.873,-78.827,Theft
56693,58122,3,42.897,-78.821,Assault
56697,58126,3,42.848,-78.824,Theft
56706,58135,3,42.869,-78.808,Breaking & Entering
56709,58138,3,42.84,-78.808,Assault
56717,58146,3,42.861,-78.819,Theft
56720,58149,3,42.887,-78.812,Theft
56725,58154,3,42.883,-78.835,Theft of Vehicle
56745,58174,3,42.873,-78.853,Breaking & Entering
56749,58178,3,42.892,-78.834,Sexual Assault
56750,58179,3,42.856,-78.809,Assault
56756,58185,3,42.885,-78.839,Robbery
56759,58188,3,42.889,-78.838,Sexual Assault
56775,58204,3,42.893,-78.837,Theft
56777,58206,3,42.895,-78.808,Theft
56780,58209,3,42.857,-78.829,Assault
56786,58215,3,42.892,-78.805,Homicide
56794,58223,3,42.869,-78.804,Theft of Vehicle
56798,58227,3,42.859,-78.814,Assault
56799,58228,3,42.885,-78.804,Assault
56802,58231,3,42.872,-78.804,Breaking & Entering
56807,58236,3,42.853,-78.804,Breaking & Entering
56813,58242,3,42.855,-78.808,Theft of Vehicle
56821,58251,3,42.848,-78.824,Assault
56824,58254,3,42.899,-78.816,Assault
56829,58259,3,42.898,-78.807,Theft
56830,58260,3,42.885,-78.808,Breaking & Entering
56836,58266,3,42.85,-78.815,Theft
56843,58273,3,42.862,-78.815,Assault
56847,58277,3,42.892,-78.83,Breaking & Entering
56850,58280,3,42.891,-78.842,Assault
56861,58291,3,42.893,-78.839,Theft
56873,58304,3,42.858,-78.813,Theft
56874,58305,3,42.885,-78.811,Breaking & Entering
56876,58307,3,42.885,-78.839,Theft
56880,58311,3,42.839,-78.824,Theft
56884,58315,3,42.897,-78.833,Theft
56885,58316,3,42.894,-78.822,Assault
56888,58319,3,42.895,-78.838,Assault
56891,58322,3,42.846,-78.832,Assault
56898,58329,3,42.889,-78.807,Assault
56904,58335,3,42.892,-78.833,Theft
56905,58336,3,42.836,-78.824,Theft
56909,58340,3,42.852,-78.802,Assault
56911,58342,3,42.896,-78.835,Assault
56924,58355,3,42.856,-78.813,Breaking & Entering
56930,58361,3,42.858,-78.813,Other Sexual Offense
56937,58368,3,42.898,-78.818,Assault
56941,58372,3,42.894,-78.834,Robbery
56944,58375,3,42.868,-78.811,Theft
56946,58377,3,42.89,-78.81,Assault
56954,58385,3,42.891,-78.841,Breaking & Entering
56956,58387,3,42.841,-78.822,Robbery
56960,58392,3,42.86,-78.815,Robbery
56970,58402,3,42.884,-78.844,Breaking & Entering
56974,58406,3,42.836,-78.824,Theft of Vehicle
56976,58408,3,42.898,-78.833,Breaking & Entering
56978,58410,3,42.869,-78.801,Theft
56989,58421,3,42.863,-78.816,Assault
56998,58430,3,42.871,-78.834,Breaking & Entering
57001,58433,3,42.873,-78.822,Breaking & Entering
57003,58435,3,42.849,-78.827,Theft
57008,58440,3,42.878,-78.802,Assault
57017,58449,3,42.885,-78.839,Robbery
57020,58452,3,42.85,-78.802,Theft
57022,58454,3,42.85,-78.815,Theft
57024,58456,3,42.841,-78.816,Breaking & Entering
57045,58478,3,42.894,-78.824,Theft
57050,58483,3,42.896,-78.819,Theft
57052,58485,3,42.895,-78.828,Assault
57056,58489,3,42.856,-78.834,Theft
57057,58490,3,42.861,-78.822,Theft
57073,58507,3,42.852,-78.827,Theft
57074,58508,3,42.889,-78.814,Theft
57090,58524,3,42.875,-78.806,Theft
57097,58531,3,42.888,-78.816,Assault
57104,58538,3,42.894,-78.82,Sexual Assault
57107,58541,3,42.85,-78.832,Theft
57110,58545,3,42.856,-78.824,Theft
57116,58551,3,42.854,-78.808,Theft
57118,58553,3,42.841,-78.809,Theft
57121,58556,3,42.885,-78.811,Breaking & Entering
57135,58570,3,42.894,-78.837,Robbery
57136,58571,3,42.893,-78.825,Theft
57141,58576,3,42.848,-78.836,Theft
57143,58578,3,42.86,-78.818,Assault
57147,58582,3,42.858,-78.807,Breaking & Entering
57149,58584,3,42.87,-78.848,Breaking & Entering
57150,58585,3,42.848,-78.824,Theft
57162,58597,3,42.878,-78.801,Theft
57169,58604,3,42.849,-78.802,Assault
57173,58608,3,42.879,-78.835,Theft
57198,58634,3,42.855,-78.834,Theft
57202,58638,3,42.87,-78.846,Theft
57207,58643,3,42.882,-78.834,Theft
57211,58647,3,42.855,-78.809,Assault
57214,58650,3,42.852,-78.822,Theft
57221,58657,3,42.893,-78.806,Theft of Vehicle
57229,58665,3,42.837,-78.808,Theft
57230,58666,3,42.835,-78.827,Assault
57235,58671,3,42.84,-78.824,Theft
57244,58681,3,42.858,-78.823,Theft
57247,58684,3,42.88,-78.849,Theft
57259,58696,3,42.855,-78.834,Breaking & Entering
57262,58699,3,42.854,-78.806,Theft
57263,58700,3,42.841,-78.824,Assault
57264,58701,3,42.845,-78.824,Theft
57269,58706,3,42.889,-78.808,Theft
57273,58710,3,42.899,-78.81,Theft
57286,58723,3,42.851,-78.864,Breaking & Entering
57300,58737,3,42.849,-78.828,Theft
57308,58745,3,42.846,-78.823,Assault
57311,58748,3,42.893,-78.836,Robbery
57313,58750,3,42.872,-78.812,Theft of Vehicle
57317,58754,3,42.845,-78.809,Theft
57321,58758,3,42.893,-78.839,Assault
57324,58761,3,42.842,-78.824,Theft
57330,58767,3,42.899,-78.818,Breaking & Entering
57331,58768,3,42.872,-78.804,Breaking & Entering
57337,58774,3,42.888,-78.805,Assault
57350,58787,3,42.891,-78.835,Breaking & Entering
57351,58788,3,42.887,-78.804,Robbery
57354,58791,3,42.868,-78.847,Breaking & Entering
57362,58799,3,42.873,-78.803,Theft
57364,58801,3,42.848,-78.812,Assault
57367,58804,3,42.872,-78.816,Sexual Offense
57371,58808,3,42.834,-78.824,Theft of Vehicle
57372,58809,3,42.898,-78.84,Theft of Vehicle
57380,58817,3,42.837,-78.809,Assault
57381,58818,3,42.895,-78.84,Breaking & Entering
57384,58821,3,42.871,-78.803,Theft of Vehicle
57387,58824,3,42.895,-78.832,Robbery
57388,58825,3,42.863,-78.814,Theft
57389,58826,3,42.836,-78.828,Theft
57415,58852,3,42.891,-78.83,Theft
57416,58853,3,42.858,-78.831,Theft
57419,58857,3,42.852,-78.827,Assault
57424,58862,3,42.897,-78.824,Other Sexual Offense
57433,58871,3,42.89,-78.84,Robbery
57435,58873,3,42.885,-78.839,Robbery
57441,58879,3,42.862,-78.818,Assault
57442,58880,3,42.896,-78.816,Assault
57449,58887,3,42.872,-78.803,Robbery
57457,58895,3,42.848,-78.824,Assault
57464,58902,3,42.897,-78.814,Theft of Vehicle
57469,58907,3,42.898,-78.807,Theft
57471,58909,3,42.896,-78.82,Assault
57478,58916,3,42.839,-78.809,Assault
57482,58920,3,42.857,-78.812,Theft
57485,58923,3,42.838,-78.817,Theft
57486,58924,3,42.897,-78.825,Breaking & Entering
57492,58930,3,42.895,-78.825,Theft
57507,58946,3,42.898,-78.801,Breaking & Entering
57508,58947,3,42.871,-78.811,Assault
57510,58949,3,42.89,-78.838,Theft
57521,58960,3,42.888,-78.804,Breaking & Entering
57524,58963,3,42.852,-78.801,Assault
57526,58965,3,42.897,-78.823,Breaking & Entering
57529,58968,3,42.844,-78.807,Breaking & Entering
57531,58970,3,42.899,-78.819,Assault
57542,58981,3,42.897,-78.822,Theft
57544,58983,3,42.896,-78.825,Assault
57547,58986,3,42.833,-78.824,Breaking & Entering
57558,58997,3,42.837,-78.81,Theft
57570,59009,3,42.896,-78.816,Robbery
57572,59011,3,42.843,-78.82,Breaking & Entering
57574,59013,3,42.854,-78.807,Breaking & Entering
57583,59022,3,42.888,-78.844,Theft of Vehicle
57590,59029,3,42.885,-78.805,Theft
57597,59036,3,42.869,-78.85,Breaking & Entering
57601,59040,3,42.889,-78.808,Theft
57611,59050,3,42.889,-78.8,Theft
57616,59055,3,42.894,-78.832,Theft of Vehicle
57621,59060,3,42.897,-78.837,Robbery
57644,59083,3,42.872,-78.811,Theft
57655,59094,3,42.879,-78.801,Theft
57659,59098,3,42.895,-78.838,Assault
57663,59102,3,42.856,-78.834,Theft
57677,59116,3,42.839,-78.814,Theft
57682,59121,3,42.858,-78.831,Theft
57689,59128,3,42.85,-78.805,Theft
57691,59130,3,42.895,-78.832,Theft
57695,59134,3,42.854,-78.812,Assault
57701,59140,3,42.868,-78.809,Breaking & Entering
57711,59150,3,42.868,-78.837,Theft
57713,59152,3,42.861,-78.818,Theft
57721,59160,3,42.896,-78.804,Theft
57734,59173,3,42.836,-78.806,Theft
57735,59174,3,42.894,-78.824,Breaking & Entering
57747,59186,3,42.892,-78.84,Theft
57755,59194,3,42.844,-78.831,Theft
57756,59195,3,42.881,-78.84,Theft
57760,59199,3,42.873,-78.801,Theft of Vehicle
57762,59201,3,42.897,-78.823,Theft
57763,59202,3,42.851,-78.802,Assault
57771,59210,3,42.874,-78.852,Theft
57773,59212,3,42.88,-78.839,Breaking & Entering
57774,59213,3,42.848,-78.824,Breaking & Entering
57782,59221,3,42.891,-78.803,Theft
57785,59224,3,42.854,-78.829,Robbery
57789,59228,3,42.895,-78.838,Breaking & Entering
57799,59239,3,42.849,-78.812,Assault
57806,59246,3,42.895,-78.808,Theft
57822,59262,3,42.896,-78.82,Assault
57823,59263,3,42.857,-78.812,Theft
57825,59265,3,42.889,-78.838,Assault
57841,59281,3,42.854,-78.819,Breaking & Entering
57844,59284,3,42.855,-78.827,Theft
57850,59291,3,42.863,-78.813,Breaking & Entering
57859,59300,3,42.86,-78.816,Assault
57870,59311,3,42.889,-78.837,Assault
57871,59312,3,42.888,-78.803,Theft
57872,59313,3,42.858,-78.807,Assault
57876,59317,3,42.858,-78.831,Theft
57881,59322,3,42.856,-78.81,Theft
57882,59323,3,42.875,-78.806,Theft of Vehicle
57883,59324,3,42.857,-78.812,Theft
57886,59327,3,42.846,-78.814,Assault
57888,59329,3,42.893,-78.834,Robbery
57897,59338,3,42.881,-78.84,Theft
57904,59346,3,42.848,-78.813,Theft
57911,59353,3,42.848,-78.824,Assault
57912,59354,3,42.878,-78.801,Theft
57924,59366,3,42.892,-78.806,Breaking & Entering
57925,59367,3,42.873,-78.806,Breaking & Entering
57933,59375,3,42.894,-78.819,Other Sexual Offense
57936,59378,3,42.87,-78.81,Breaking & Entering
57937,59379,3,42.88,-78.814,Theft
57939,59381,3,42.889,-78.808,Theft
57942,59384,3,42.887,-78.816,Assault
57943,59385,3,42.886,-78.839,Assault
57948,59390,3,42.853,-78.834,Theft of Vehicle
57951,59393,3,42.88,-78.835,Breaking & Entering
57953,59395,3,42.891,-78.841,Theft
57954,59396,3,42.855,-78.81,Theft
57959,59401,3,42.847,-78.815,Theft
57961,59403,3,42.858,-78.807,Theft
57966,59408,3,42.891,-78.815,Breaking & Entering
57975,59417,3,42.892,-78.815,Theft
57981,59423,3,42.861,-78.812,Theft
57982,59424,3,42.84,-78.827,Breaking & Entering
57994,59436,3,42.87,-78.805,Assault
57996,59438,3,42.852,-78.822,Theft
58005,59447,3,42.848,-78.824,Assault
58010,59452,3,42.855,-78.812,Theft
58026,59468,3,42.897,-78.819,Breaking & Entering
58030,59472,3,42.895,-78.834,Breaking & Entering
58034,59476,3,42.896,-78.821,Robbery
58037,59479,3,42.853,-78.807,Theft
58038,59480,3,42.832,-78.812,Breaking & Entering
58041,59483,3,42.848,-78.819,Theft of Vehicle
58045,59487,3,42.898,-78.836,Theft
58063,59505,3,42.884,-78.831,Theft
58080,59522,3,42.852,-78.826,Theft
58082,59524,3,42.89,-78.815,Robbery
58086,59528,3,42.837,-78.821,Theft of Vehicle
58088,59530,3,42.845,-78.819,Theft
58090,59532,3,42.85,-78.803,Breaking & Entering
58093,59535,3,42.892,-78.832,Theft
58100,59542,3,42.89,-78.84,Robbery
58105,59547,3,42.857,-78.812,Theft
58118,59560,3,42.873,-78.805,Theft
58121,59563,3,42.893,-78.831,Robbery
58122,59564,3,42.898,-78.835,Assault
58123,59565,3,42.843,-78.823,Assault
58128,59570,3,42.892,-78.832,Robbery
58131,59573,3,42.853,-78.808,Assault
58133,59575,3,42.849,-78.803,Theft
58135,59577,3,42.854,-78.808,Theft
58148,59590,3,42.858,-78.808,Breaking & Entering
58152,59594,3,42.885,-78.844,Theft
58154,59596,3,42.85,-78.832,Theft
58158,59600,3,42.896,-78.817,Assault
58163,59605,3,42.873,-78.803,Theft
58166,59608,3,42.883,-78.844,Theft of Vehicle
58169,59611,3,42.875,-78.804,Theft
58177,59619,3,42.886,-78.827,Theft
58178,59620,3,42.896,-78.815,Robbery
58181,59623,3,42.872,-78.803,Theft
58186,59628,3,42.858,-78.823,Breaking & Entering
58187,59629,3,42.869,-78.829,Breaking & Entering
58189,59631,3,42.89,-78.806,Robbery
58198,59640,3,42.845,-78.831,Breaking & Entering
58201,59643,3,42.844,-78.832,Theft of Vehicle
58205,59647,3,42.848,-78.824,Assault
58206,59648,3,42.885,-78.839,Breaking & Entering
58210,59652,3,42.888,-78.814,Theft
58212,59654,3,42.895,-78.809,Theft
58216,59658,3,42.885,-78.843,Breaking & Entering
58223,59665,3,42.885,-78.81,Assault
58229,59671,3,42.896,-78.834,Theft
58232,59674,3,42.896,-78.824,Theft
58235,59677,3,42.855,-78.81,Theft
58237,59679,3,42.896,-78.815,Robbery
58246,59688,3,42.848,-78.824,Theft
58249,59691,3,42.88,-78.843,Assault
58254,59696,3,42.835,-78.814,Breaking & Entering
58255,59697,3,42.899,-78.83,Theft
58265,59707,3,42.842,-78.817,Theft
58305,59750,3,42.858,-78.825,Theft
58316,59761,3,42.855,-78.819,Assault
58318,59763,3,42.897,-78.816,Breaking & Entering
58321,59766,3,42.858,-78.819,Breaking & Entering
58323,59768,3,42.838,-78.812,Theft
58329,59774,3,42.893,-78.837,Breaking & Entering
58332,59777,3,42.867,-78.846,Robbery
58334,59779,3,42.87,-78.833,Breaking & Entering
58336,59781,3,42.851,-78.821,Theft
58337,59782,3,42.857,-78.831,Assault
58343,59788,3,42.888,-78.815,Robbery
58344,59789,3,42.893,-78.84,Breaking & Entering
58350,59795,3,42.859,-78.81,Breaking & Entering
58364,59809,3,42.858,-78.813,Breaking & Entering
58372,59818,3,42.856,-78.828,Assault
58374,59820,3,42.895,-78.823,Theft
58394,59840,3,42.896,-78.825,Assault
58395,59841,3,42.899,-78.814,Theft
58403,59849,3,42.85,-78.815,Assault
58411,59857,3,42.887,-78.842,Assault
58412,59858,3,42.857,-78.806,Theft
58415,59861,3,42.859,-78.817,Theft
58418,59864,3,42.85,-78.803,Robbery
58422,59868,3,42.848,-78.812,Assault
58425,59871,3,42.858,-78.831,Theft
58427,59873,3,42.849,-78.82,Theft
58435,59881,3,42.898,-78.84,Breaking & Entering
58439,59885,3,42.853,-78.824,Assault
58445,59891,3,42.856,-78.808,Theft
58448,59894,3,42.873,-78.844,Assault
58455,59901,3,42.855,-78.831,Assault
58466,59912,3,42.853,-78.807,Theft
58470,59916,3,42.838,-78.814,Breaking & Entering
58473,59919,3,42.874,-78.817,Theft
58475,59921,3,42.895,-78.806,Assault
58476,59922,3,42.876,-78.83,Theft
58477,59923,3,42.846,-78.82,Theft
58478,59924,3,42.893,-78.842,Theft of Vehicle
58483,59929,3,42.892,-78.84,Theft
58485,59931,3,42.885,-78.845,Theft
58486,59932,3,42.836,-78.808,Assault
58487,59933,3,42.871,-78.832,Assault
58495,59941,3,42.89,-78.808,Breaking & Entering
58498,59944,3,42.844,-78.829,Breaking & Entering
58507,59953,3,42.894,-78.819,Assault
58508,59954,3,42.895,-78.837,Assault
58515,59961,3,42.896,-78.822,Assault
58519,59965,3,42.834,-78.812,Theft
58522,59968,3,42.855,-78.83,Theft
58539,59986,3,42.839,-78.822,Breaking & Entering
58545,59992,3,42.858,-78.804,Theft of Vehicle
58548,59995,3,42.836,-78.809,Theft
58549,59996,3,42.882,-78.8,Theft
58556,60003,3,42.857,-78.823,Breaking & Entering
58563,60010,3,42.848,-78.823,Theft
58568,60015,3,42.891,-78.837,Theft
58569,60016,3,42.89,-78.806,Assault
58573,60020,3,42.867,-78.857,Breaking & Entering
58576,60023,3,42.897,-78.825,Theft
58577,60024,3,42.852,-78.825,Assault
58579,60026,3,42.883,-78.829,Breaking & Entering
58582,60029,3,42.899,-78.84,Theft
58584,60031,3,42.841,-78.849,Theft
58589,60036,3,42.866,-78.822,Assault
58616,60063,3,42.882,-78.802,Theft
58618,60065,3,42.88,-78.842,Assault
58619,60066,3,42.87,-78.805,Breaking & Entering
58622,60069,3,42.897,-78.814,Assault
58629,60076,3,42.888,-78.805,Assault
58639,60086,3,42.898,-78.831,Theft
58651,60099,3,42.897,-78.813,Theft
58655,60103,3,42.863,-78.802,Other Sexual Offense
58662,60110,3,42.877,-78.81,Theft
58675,60123,3,42.869,-78.809,Theft of Vehicle
58676,60124,3,42.835,-78.824,Sexual Assault
58679,60127,3,42.897,-78.817,Robbery
58682,60130,3,42.871,-78.832,Breaking & Entering
58686,60134,3,42.889,-78.805,Breaking & Entering
58698,60146,3,42.877,-78.835,Breaking & Entering
58699,60147,3,42.843,-78.818,Theft
58701,60149,3,42.875,-78.802,Theft of Vehicle
58703,60151,3,42.89,-78.807,Robbery
58711,60159,3,42.897,-78.801,Breaking & Entering
58719,60167,3,42.89,-78.814,Theft of Vehicle
58721,60169,3,42.889,-78.839,Breaking & Entering
58727,60175,3,42.848,-78.812,Sexual Assault
58752,60200,3,42.893,-78.833,Theft
58755,60203,3,42.872,-78.815,Theft
58757,60205,3,42.874,-78.809,Assault
58758,60207,3,42.856,-78.824,Theft
58759,60208,3,42.879,-78.842,Breaking & Entering
58766,60217,3,42.868,-78.842,Robbery
58772,60223,3,42.872,-78.805,Assault
58774,60225,3,42.875,-78.804,Theft
58781,60232,3,42.896,-78.816,Robbery
58786,60237,3,42.896,-78.836,Breaking & Entering
58787,60238,3,42.888,-78.8,Breaking & Entering
58788,60239,3,42.895,-78.825,Theft
58790,60241,3,42.881,-78.848,Theft
58808,60259,3,42.897,-78.833,Theft of Vehicle
58811,60262,3,42.85,-78.803,Assault
58815,60267,3,42.898,-78.803,Assault
58816,60268,3,42.884,-78.829,Theft
58817,60269,3,42.85,-78.824,Assault
58820,60272,3,42.898,-78.835,Assault
58824,60276,3,42.854,-78.819,Theft
58839,60291,3,42.893,-78.804,Assault
58844,60296,3,42.835,-78.823,Theft of Vehicle
58865,60317,3,42.841,-78.825,Theft of Vehicle
58870,60322,3,42.89,-78.808,Assault
58872,60324,3,42.856,-78.832,Theft
58880,60332,3,42.898,-78.836,Theft
58883,60335,3,42.871,-78.843,Theft of Vehicle
58890,60342,3,42.896,-78.822,Assault
58895,60347,3,42.846,-78.802,Theft
58907,60359,3,42.853,-78.806,Theft
58913,60365,3,42.856,-78.829,Theft
58916,60368,3,42.871,-78.815,Breaking & Entering
58923,60375,3,42.858,-78.83,Robbery
58924,60376,3,42.857,-78.814,Theft
58933,60385,3,42.867,-78.85,Assault
58934,60386,3,42.892,-78.838,Theft
58950,60402,3,42.847,-78.855,Theft
58964,60416,3,42.895,-78.83,Other Sexual Offense
58966,60418,3,42.873,-78.81,Theft
58968,60420,3,42.89,-78.839,Assault
58972,60425,3,42.843,-78.816,Theft
58977,60430,3,42.89,-78.814,Assault
58986,60439,3,42.842,-78.814,Breaking & Entering
58989,60442,3,42.864,-78.851,Breaking & Entering
58993,60446,3,42.844,-78.828,Assault
58994,60447,3,42.87,-78.807,Theft of Vehicle
58998,60451,3,42.848,-78.821,Assault
58999,60452,3,42.871,-78.833,Robbery
59001,60454,3,42.897,-78.83,Breaking & Entering
59002,60455,3,42.831,-78.824,Homicide
59007,60460,3,42.898,-78.8,Robbery
59017,60470,3,42.839,-78.812,Theft
59021,60474,3,42.889,-78.815,Assault
59022,60475,3,42.868,-78.85,Theft of Vehicle
59025,60478,3,42.857,-78.81,Assault
59026,60479,3,42.891,-78.805,Theft of Vehicle
59029,60482,3,42.871,-78.831,Assault
59030,60483,3,42.852,-78.824,Assault
59041,60494,3,42.867,-78.824,Robbery
59045,60498,3,42.889,-78.808,Theft
59052,60505,3,42.896,-78.817,Assault
59054,60507,3,42.894,-78.822,Assault
59056,60509,3,42.868,-78.851,Theft
59072,60525,3,42.897,-78.84,Homicide
59074,60527,3,42.858,-78.815,Theft of Vehicle
59078,60531,3,42.868,-78.851,Theft
59080,60533,3,42.892,-78.803,Theft of Vehicle
59081,60534,3,42.844,-78.825,Theft of Vehicle
59093,60546,3,42.897,-78.84,Theft
59094,60547,3,42.872,-78.809,Breaking & Entering
59104,60557,3,42.879,-78.842,Other Sexual Offense
59107,60560,3,42.853,-78.829,Theft
59110,60563,3,42.865,-78.856,Theft of Vehicle
59115,60568,3,42.896,-78.815,Theft of Vehicle
59116,60569,3,42.896,-78.815,Theft
59117,60570,3,42.851,-78.83,Breaking & Entering
59119,60572,3,42.88,-78.841,Assault
59126,60579,3,42.891,-78.834,Assault
59131,60584,3,42.899,-78.84,Theft
59135,60588,3,42.895,-78.829,Theft of Vehicle
59136,60589,3,42.895,-78.832,Theft
59147,60600,3,42.853,-78.803,Assault
59150,60603,3,42.891,-78.834,Breaking & Entering
59154,60607,3,42.871,-78.838,Theft
59161,60615,3,42.854,-78.8,Assault
59163,60617,3,42.845,-78.809,Assault
59170,60624,3,42.879,-78.834,Theft
59174,60628,3,42.86,-78.825,Theft
59183,60637,3,42.891,-78.839,Breaking & Entering
59194,60649,3,42.848,-78.821,Assault
59196,60651,3,42.889,-78.837,Breaking & Entering
59208,60663,3,42.892,-78.831,Theft
59219,60674,3,42.898,-78.831,Breaking & Entering
59221,60676,3,42.857,-78.828,Breaking & Entering
59234,60689,3,42.861,-78.816,Theft of Vehicle
59240,60695,3,42.856,-78.809,Theft
59245,60701,3,42.896,-78.828,Theft of Vehicle
59246,60702,3,42.885,-78.815,Breaking & Entering
59250,60706,3,42.842,-78.812,Theft of Vehicle
59264,60720,3,42.856,-78.808,Theft
59267,60723,3,42.899,-78.831,Robbery
59278,60734,3,42.896,-78.823,Assault
59289,60745,3,42.87,-78.833,Other Sexual Offense
59293,60749,3,42.893,-78.821,Theft
59294,60750,3,42.87,-78.851,Assault
59304,60760,3,42.891,-78.841,Theft of Vehicle
59307,60763,3,42.891,-78.833,Theft
59308,60764,3,42.871,-78.832,Assault
59328,60786,3,42.843,-78.808,Theft
59329,60787,3,42.896,-78.817,Robbery
59340,60798,3,42.833,-78.804,Theft
59350,60808,3,42.854,-78.833,Breaking & Entering
59355,60813,3,42.854,-78.801,Other Sexual Offense
59357,60815,3,42.879,-78.808,Theft
59358,60816,3,42.846,-78.826,Theft
59382,60841,3,42.898,-78.807,Theft
59383,60842,3,42.852,-78.825,Assault
59384,60843,3,42.853,-78.807,Robbery
59388,60847,3,42.858,-78.831,Theft
59394,60853,3,42.864,-78.818,Breaking & Entering
59397,60856,3,42.885,-78.84,Assault
59401,60860,3,42.86,-78.811,Breaking & Entering
59402,60861,3,42.886,-78.804,Breaking & Entering
59403,60862,3,42.84,-78.846,Theft
59421,60880,3,42.851,-78.805,Breaking & Entering
59429,60888,3,42.86,-78.825,Theft
59430,60889,3,42.852,-78.819,Theft
59431,60890,3,42.874,-78.827,Assault
59437,60896,3,42.895,-78.818,Theft of Vehicle
59456,60915,3,42.887,-78.801,Assault
59457,60916,3,42.898,-78.835,Breaking & Entering
59461,60920,3,42.841,-78.809,Assault
59463,60922,3,42.843,-78.827,Breaking & Entering
59475,60934,3,42.836,-78.824,Theft
59476,60935,3,42.898,-78.831,Breaking & Entering
59479,60938,3,42.869,-78.808,Theft of Vehicle
59482,60941,3,42.875,-78.804,Assault
59487,60946,3,42.882,-78.849,Breaking & Entering
59488,60947,3,42.891,-78.825,Breaking & Entering
59490,60949,3,42.851,-78.803,Theft
59493,60952,3,42.896,-78.82,Theft
59501,60960,3,42.857,-78.829,Theft
59505,60964,3,42.878,-78.816,Theft
59508,60967,3,42.885,-78.808,Theft
59510,60969,3,42.871,-78.815,Theft
59533,60993,3,42.845,-78.83,Breaking & Entering
59535,60995,3,42.854,-78.83,Assault
59552,61013,3,42.866,-78.803,Theft
59554,61015,3,42.854,-78.826,Breaking & Entering
59559,61020,3,42.856,-78.83,Theft
59560,61021,3,42.887,-78.815,Theft
59565,61026,3,42.86,-78.825,Theft
59574,61035,3,42.847,-78.83,Theft of Vehicle
59578,61039,3,42.872,-78.809,Theft of Vehicle
59579,61040,3,42.877,-78.847,Theft
59590,61051,3,42.896,-78.83,Theft
59603,61064,3,42.88,-78.841,Breaking & Entering
59610,61071,3,42.893,-78.837,Theft
59616,61077,3,42.835,-78.818,Theft
59620,61081,3,42.856,-78.831,Assault
59625,61086,3,42.858,-78.815,Theft
59643,61104,3,42.844,-78.824,Theft
59646,61107,3,42.897,-78.814,Theft
59651,61112,3,42.869,-78.844,Theft
59660,61121,3,42.892,-78.838,Theft
59662,61123,3,42.87,-78.831,Theft
59684,61145,3,42.892,-78.824,Assault
59685,61146,3,42.873,-78.812,Breaking & Entering
59689,61150,3,42.896,-78.822,Assault
59699,61160,3,42.895,-78.826,Theft of Vehicle
59707,61168,3,42.843,-78.825,Assault
59710,61171,3,42.875,-78.826,Breaking & Entering
59713,61174,3,42.858,-78.813,Assault
59720,61181,3,42.839,-78.818,Theft
59722,61183,3,42.836,-78.805,Theft
59731,61192,3,42.899,-78.835,Breaking & Entering
59734,61195,3,42.88,-78.834,Theft
59736,61197,3,42.861,-78.815,Assault
59738,61199,3,42.844,-78.824,Theft
59743,61204,3,42.875,-78.83,Assault
59761,61222,3,42.86,-78.816,Theft of Vehicle
59769,61230,3,42.885,-78.842,Robbery
59782,61243,3,42.879,-78.842,Theft
59784,61245,3,42.899,-78.831,Theft
59785,61246,3,42.875,-78.809,Theft
59797,61258,3,42.872,-78.81,Theft
59798,61259,3,42.887,-78.808,Theft
59799,61261,3,42.89,-78.812,Breaking & Entering
59804,61266,3,42.891,-78.833,Assault
59823,61286,3,42.887,-78.8,Theft
59825,61288,3,42.895,-78.838,Robbery
59836,61299,3,42.866,-78.823,Assault
59838,61301,3,42.847,-78.824,Assault
59839,61302,3,42.886,-78.807,Assault
59840,61303,3,42.848,-78.812,Theft of Vehicle
59843,61306,3,42.895,-78.828,Assault
59848,61311,3,42.893,-78.841,Theft
59850,61313,3,42.869,-78.851,Breaking & Entering
59871,61334,3,42.895,-78.825,Breaking & Entering
59872,61335,3,42.872,-78.805,Theft
59876,61339,3,42.843,-78.822,Breaking & Entering
59882,61345,3,42.874,-78.817,Theft
59883,61346,3,42.858,-78.806,Breaking & Entering
59884,61347,3,42.899,-78.818,Breaking & Entering
59886,61349,3,42.838,-78.824,Theft
59896,61359,3,42.851,-78.829,Theft
59905,61368,3,42.845,-78.802,Theft
59907,61370,3,42.848,-78.813,Theft of Vehicle
59913,61376,3,42.892,-78.839,Theft of Vehicle
59921,61384,3,42.862,-78.815,Breaking & Entering
59924,61387,3,42.847,-78.82,Breaking & Entering
59926,61389,3,42.844,-78.82,Breaking & Entering
59932,61395,3,42.89,-78.805,Breaking & Entering
59937,61400,3,42.895,-78.817,Breaking & Entering
59940,61403,3,42.855,-78.81,Assault
59950,61413,3,42.899,-78.831,Assault
59952,61415,3,42.888,-78.809,Breaking & Entering
59960,61423,3,42.861,-78.82,Breaking & Entering
59968,61431,3,42.844,-78.827,Assault
59970,61433,3,42.895,-78.829,Theft
59973,61437,3,42.878,-78.843,Breaking & Entering
59981,61445,3,42.858,-78.825,Assault
59984,61448,3,42.848,-78.802,Breaking & Entering
59987,61451,3,42.878,-78.801,Theft
59992,61456,3,42.86,-78.818,Breaking & Entering
59994,61458,3,42.896,-78.82,Breaking & Entering
60002,61466,3,42.872,-78.826,Breaking & Entering
60005,61469,3,42.841,-78.824,Theft
60013,61477,3,42.857,-78.807,Breaking & Entering
60015,61479,3,42.885,-78.807,Assault
60029,61493,3,42.847,-78.818,Breaking & Entering
60032,61496,3,42.893,-78.839,Sexual Assault
60041,61505,3,42.864,-78.821,Breaking & Entering
60054,61518,3,42.892,-78.844,Theft of Vehicle
60066,61530,3,42.857,-78.828,Assault
60068,61532,3,42.838,-78.808,Theft
60070,61534,3,42.852,-78.805,Theft
60077,61541,3,42.847,-78.831,Theft
60082,61546,3,42.852,-78.827,Breaking & Entering
60090,61554,3,42.878,-78.837,Theft
60093,61557,3,42.899,-78.819,Breaking & Entering
60095,61559,3,42.858,-78.831,Assault
60097,61561,3,42.855,-78.824,Theft
60113,61577,3,42.873,-78.811,Other Sexual Offense
60121,61585,3,42.892,-78.81,Assault
60127,61591,3,42.896,-78.831,Theft of Vehicle
60131,61595,3,42.891,-78.831,Theft
60146,61610,3,42.871,-78.831,Breaking & Entering
60147,61611,3,42.886,-78.803,Assault
60149,61613,3,42.896,-78.836,Assault
60150,61614,3,42.848,-78.824,Assault
60152,61616,3,42.872,-78.844,Theft
60153,61617,3,42.844,-78.828,Breaking & Entering
60155,61619,3,42.87,-78.836,Breaking & Entering
60158,61622,3,42.898,-78.807,Theft
60175,61639,3,42.89,-78.808,Theft of Vehicle
60194,61659,3,42.886,-78.841,Robbery
60204,61670,3,42.848,-78.824,Assault
60205,61671,3,42.839,-78.802,Theft of Vehicle
60208,61674,3,42.896,-78.838,Breaking & Entering
60211,61677,3,42.896,-78.805,Theft
60224,61690,3,42.853,-78.822,Assault
60228,61694,3,42.885,-78.839,Assault
60231,61697,3,42.85,-78.803,Theft
60234,61700,3,42.898,-78.807,Theft
60235,61701,3,42.891,-78.811,Theft
60237,61703,3,42.871,-78.834,Assault
60238,61704,3,42.868,-78.84,Theft
60244,61710,3,42.876,-78.824,Theft of Vehicle
60255,61721,3,42.889,-78.809,Breaking & Entering
60256,61722,3,42.882,-78.829,Theft
60258,61724,3,42.858,-78.825,Theft
60265,61731,3,42.851,-78.821,Theft of Vehicle
60269,61735,3,42.844,-78.823,Theft
60271,61737,3,42.891,-78.809,Breaking & Entering
60281,61747,3,42.871,-78.831,Theft
60282,61748,3,42.873,-78.803,Theft
60288,61754,3,42.842,-78.831,Theft
60311,61778,3,42.896,-78.83,Breaking & Entering
60317,61784,3,42.888,-78.846,Breaking & Entering
60345,61812,3,42.837,-78.859,Breaking & Entering
60349,61816,3,42.894,-78.82,Breaking & Entering
60352,61819,3,42.897,-78.8,Theft
60355,61822,3,42.871,-78.831,Breaking & Entering
60360,61827,3,42.85,-78.83,Theft
60370,61837,3,42.855,-78.828,Assault
60380,61847,3,42.852,-78.829,Robbery
60381,61848,3,42.899,-78.816,Breaking & Entering
60398,61865,3,42.884,-78.839,Robbery
60409,61876,3,42.86,-78.822,Theft
60410,61877,3,42.862,-78.815,Homicide
60412,61879,3,42.894,-78.834,Breaking & Entering
60413,61880,3,42.834,-78.816,Theft
60415,61882,3,42.896,-78.824,Assault
60418,61885,3,42.897,-78.817,Theft of Vehicle
60427,61894,3,42.896,-78.833,Assault
60429,61896,3,42.89,-78.812,Assault
60443,61910,3,42.86,-78.825,Theft
60444,61911,3,42.89,-78.804,Assault
60450,61917,3,42.898,-78.839,Theft
60455,61922,3,42.89,-78.841,Homicide
60458,61925,3,42.861,-78.818,Theft
60464,61931,3,42.849,-78.801,Assault
60471,61938,3,42.872,-78.801,Assault
60481,61948,3,42.847,-78.833,Theft
60485,61952,3,42.892,-78.826,Breaking & Entering
60487,61954,3,42.885,-78.808,Assault
60492,61959,3,42.885,-78.803,Theft of Vehicle
60497,61964,3,42.872,-78.804,Breaking & Entering
60505,61972,3,42.898,-78.807,Theft
60511,61978,3,42.836,-78.831,Theft
60512,61979,3,42.878,-78.837,Theft
60514,61981,3,42.846,-78.823,Breaking & Entering
60532,62000,3,42.898,-78.807,Robbery
60541,62009,3,42.886,-78.846,Theft
60565,62034,3,42.853,-78.807,Breaking & Entering
60572,62041,3,42.889,-78.808,Robbery
60575,62044,3,42.89,-78.803,Theft
60597,62067,3,42.873,-78.802,Assault
60601,62072,3,42.877,-78.846,Breaking & Entering
60602,62073,3,42.891,-78.833,Breaking & Entering
60608,62079,3,42.84,-78.805,Breaking & Entering
60610,62081,3,42.871,-78.802,Theft
60613,62085,3,42.892,-78.844,Assault
60618,62090,3,42.893,-78.823,Breaking & Entering
60619,62091,3,42.857,-78.812,Assault
60623,62095,3,42.893,-78.838,Theft
60624,62096,3,42.886,-78.802,Assault
60629,62101,3,42.854,-78.811,Theft
60633,62105,3,42.832,-78.806,Assault
60635,62107,3,42.889,-78.814,Robbery
60640,62112,3,42.893,-78.839,Breaking & Entering
60646,62118,3,42.853,-78.807,Assault
60655,62128,3,42.899,-78.818,Theft of Vehicle
60663,62136,3,42.888,-78.836,Theft of Vehicle
60675,62149,3,42.848,-78.812,Theft
60677,62151,3,42.867,-78.825,Theft
60711,62185,3,42.893,-78.834,Assault
60712,62186,3,42.885,-78.808,Theft
60714,62188,3,42.853,-78.83,Theft
60719,62193,3,42.893,-78.837,Theft
60720,62194,3,42.85,-78.803,Assault
60730,62204,3,42.852,-78.822,Theft
60731,62205,3,42.846,-78.81,Theft
60741,62215,3,42.872,-78.814,Breaking & Entering
60752,62226,3,42.892,-78.833,Theft
60764,62238,3,42.874,-78.825,Theft
60765,62239,3,42.897,-78.83,Assault
60770,62244,3,42.873,-78.825,Assault
60775,62249,3,42.866,-78.824,Theft
60780,62254,3,42.842,-78.822,Assault
60794,62268,3,42.872,-78.851,Sexual Assault
60797,62271,3,42.879,-78.835,Theft
60798,62272,3,42.836,-78.824,Breaking & Entering
60800,62274,3,42.841,-78.824,Theft
60809,62283,3,42.892,-78.844,Assault
60812,62286,3,42.84,-78.804,Theft
60830,62304,3,42.853,-78.823,Theft
60833,62307,3,42.889,-78.809,Theft
60837,62311,3,42.873,-78.844,Assault
60838,62312,3,42.89,-78.808,Theft
60839,62313,3,42.872,-78.811,Theft
60840,62314,3,42.898,-78.818,Breaking & Entering
60854,62329,3,42.898,-78.817,Theft
60856,62331,3,42.835,-78.823,Breaking & Entering
60857,62332,3,42.877,-78.843,Theft
60862,62337,3,42.857,-78.812,Theft
60863,62338,3,42.871,-78.834,Assault
60864,62339,3,42.898,-78.836,Sexual Assault
60868,62343,3,42.885,-78.835,Assault
60873,62348,3,42.874,-78.809,Theft
60875,62350,3,42.837,-78.805,Theft
60882,62357,3,42.835,-78.823,Theft
60885,62360,3,42.852,-78.829,Other Sexual Offense
60889,62364,3,42.855,-78.814,Assault
60890,62365,3,42.878,-78.834,Sexual Assault
60893,62368,3,42.871,-78.834,Assault
60894,62369,3,42.898,-78.807,Theft
60896,62371,3,42.877,-78.833,Theft
60901,62377,3,42.888,-78.808,Theft
60907,62383,3,42.855,-78.81,Assault
60912,62388,3,42.895,-78.838,Breaking & Entering
60922,62398,3,42.887,-78.809,Breaking & Entering
60924,62400,3,42.844,-78.827,Theft
60926,62402,3,42.856,-78.833,Theft
60928,62404,3,42.849,-78.819,Theft
60929,62405,3,42.891,-78.83,Assault
60930,62406,3,42.848,-78.828,Breaking & Entering
60936,62412,3,42.844,-78.814,Theft
60938,62414,3,42.854,-78.808,Theft
60941,62417,3,42.869,-78.81,Theft of Vehicle
60946,62422,3,42.854,-78.831,Theft
60948,62424,3,42.852,-78.801,Assault
60956,62432,3,42.89,-78.815,Breaking & Entering
60958,62434,3,42.858,-78.832,Theft
60959,62435,3,42.888,-78.808,Assault
60965,62441,3,42.848,-78.816,Theft
60978,62454,3,42.861,-78.811,Theft
60979,62455,3,42.86,-78.822,Assault
60980,62456,3,42.837,-78.823,Breaking & Entering
60990,62466,3,42.897,-78.82,Assault
60992,62468,3,42.848,-78.824,Assault
60998,62474,3,42.899,-78.823,Assault
60999,62475,3,42.892,-78.831,Assault
61003,62479,3,42.847,-78.83,Theft
61013,62489,3,42.877,-78.841,Theft
61016,62492,3,42.893,-78.834,Breaking & Entering
61017,62493,3,42.856,-78.809,Theft
61020,62496,3,42.877,-78.852,Theft
61021,62497,3,42.849,-78.824,Robbery
61024,62500,3,42.862,-78.813,Assault
61026,62502,3,42.895,-78.841,Theft
61027,62503,3,42.898,-78.816,Assault
61030,62506,3,42.89,-78.803,Theft
61034,62510,3,42.849,-78.817,Assault
61040,62516,3,42.856,-78.817,Theft
61041,62517,3,42.896,-78.817,Breaking & Entering
61045,62521,3,42.887,-78.808,Theft of Vehicle
61072,62548,3,42.897,-78.835,Assault
61074,62550,3,42.863,-78.812,Assault
61078,62554,3,42.895,-78.83,Theft
61082,62558,3,42.884,-78.813,Breaking & Entering
61083,62559,3,42.897,-78.838,Theft of Vehicle
61087,62564,3,42.855,-78.833,Assault
61094,62571,3,42.88,-78.85,Breaking & Entering
61111,62588,3,42.87,-78.846,Theft
61114,62591,3,42.876,-78.816,Breaking & Entering
61117,62594,3,42.881,-78.843,Theft
61120,62597,3,42.89,-78.844,Assault
61127,62604,3,42.858,-78.823,Assault
61131,62608,3,42.896,-78.808,Robbery
61138,62616,3,42.897,-78.818,Assault
61139,62617,3,42.845,-78.811,Breaking & Entering
61140,62618,3,42.869,-78.8,Theft
61142,62620,3,42.847,-78.828,Assault
61155,62633,3,42.868,-78.808,Assault
61156,62634,3,42.857,-78.812,Other Sexual Offense
61162,62640,3,42.859,-78.807,Theft
61165,62643,3,42.899,-78.817,Assault
61169,62647,3,42.861,-78.817,Breaking & Entering
61190,62668,3,42.847,-78.823,Theft of Vehicle
61196,62674,3,42.853,-78.824,Theft
61198,62677,3,42.858,-78.831,Theft
61206,62685,3,42.833,-78.824,Breaking & Entering
61215,62694,3,42.859,-78.813,Theft
61216,62695,3,42.884,-78.839,Theft
61224,62703,3,42.894,-78.835,Theft
61227,62706,3,42.846,-78.829,Assault
61233,62712,3,42.897,-78.818,Assault
61249,62728,3,42.888,-78.839,Theft
61263,62742,3,42.89,-78.837,Theft of Vehicle
61265,62744,3,42.887,-78.802,Theft
61295,62775,3,42.833,-78.813,Assault
61301,62781,3,42.856,-78.812,Assault
61306,62786,3,42.897,-78.821,Theft of Vehicle
61307,62787,3,42.879,-78.849,Breaking & Entering
61321,62801,3,42.868,-78.856,Breaking & Entering
61324,62804,3,42.831,-78.824,Sexual Assault
61326,62806,3,42.88,-78.841,Theft
61335,62815,3,42.85,-78.803,Theft
61345,62825,3,42.874,-78.804,Breaking & Entering
61347,62827,3,42.855,-78.824,Theft of Vehicle
61352,62832,3,42.867,-78.824,Theft
61356,62836,3,42.885,-78.804,Assault
61357,62837,3,42.858,-78.823,Theft of Vehicle
61358,62838,3,42.881,-78.801,Theft
61361,62841,3,42.861,-78.812,Theft
61363,62843,3,42.858,-78.811,Theft
61375,62855,3,42.877,-78.846,Theft
61380,62860,3,42.882,-78.841,Breaking & Entering
61381,62861,3,42.87,-78.848,Theft of Vehicle
61382,62862,3,42.899,-78.82,Theft of Vehicle
61383,62863,3,42.851,-78.801,Theft of Vehicle
61387,62867,3,42.858,-78.804,Assault
61394,62874,3,42.881,-78.801,Theft
61395,62875,3,42.892,-78.807,Theft
61402,62882,3,42.883,-78.837,Theft
61422,62902,3,42.871,-78.816,Theft of Vehicle
61425,62905,3,42.896,-78.818,Assault
61429,62909,3,42.877,-78.846,Breaking & Entering
61432,62912,3,42.899,-78.835,Breaking & Entering
61433,62913,3,42.88,-78.814,Theft
61453,62933,3,42.835,-78.812,Theft
61457,62937,3,42.862,-78.814,Assault
61461,62941,3,42.849,-78.821,Theft
61462,62942,3,42.855,-78.829,Breaking & Entering
61467,62947,3,42.856,-78.827,Breaking & Entering
61469,62949,3,42.843,-78.82,Breaking & Entering
61473,62953,3,42.851,-78.818,Theft
61487,62967,3,42.889,-78.807,Assault
61491,62971,3,42.89,-78.803,Theft
61493,62973,3,42.896,-78.815,Theft
61494,62974,3,42.872,-78.815,Theft
61495,62975,3,42.895,-78.82,Theft
61502,62982,3,42.853,-78.818,Assault
61508,62988,3,42.892,-78.84,Assault
61510,62990,3,42.89,-78.832,Theft
61512,62992,3,42.87,-78.85,Other Sexual Offense
61516,62996,3,42.89,-78.814,Theft of Vehicle
61518,62998,3,42.857,-78.835,Theft
61519,62999,3,42.855,-78.812,Theft
61527,63007,3,42.835,-78.803,Breaking & Entering
61534,63014,3,42.892,-78.835,Theft
61537,63017,3,42.838,-78.827,Theft
61539,63019,3,42.896,-78.841,Breaking & Entering
61545,63026,3,42.867,-78.836,Theft
61546,63027,3,42.891,-78.826,Breaking & Entering
61562,63043,3,42.887,-78.84,Assault
61576,63057,3,42.841,-78.815,Robbery
61582,63063,3,42.856,-78.802,Theft
61590,63071,3,42.836,-78.82,Theft
61601,63082,3,42.889,-78.8,Assault
61606,63087,3,42.898,-78.831,Theft
61614,63095,3,42.89,-78.837,Breaking & Entering
61620,63101,3,42.839,-78.824,Theft
61621,63102,3,42.868,-78.807,Breaking & Entering
61624,63105,3,42.848,-78.814,Theft
61638,63119,3,42.842,-78.82,Assault
61640,63121,3,42.835,-78.802,Theft
61648,63129,3,42.878,-78.836,Assault
61656,63137,3,42.897,-78.825,Theft
61657,63138,3,42.882,-78.841,Assault
61660,63141,3,42.858,-78.81,Theft of Vehicle
61662,63143,3,42.848,-78.824,Assault
61663,63144,3,42.872,-78.812,Breaking & Entering
61665,63146,3,42.872,-78.805,Theft of Vehicle
61668,63149,3,42.858,-78.814,Theft
61670,63151,3,42.873,-78.844,Theft of Vehicle
61671,63152,3,42.896,-78.82,Assault
61674,63155,3,42.871,-78.834,Theft
61676,63157,3,42.891,-78.8,Other Sexual Offense
61683,63164,3,42.865,-78.828,Theft
61687,63168,3,42.891,-78.832,Breaking & Entering
61688,63169,3,42.855,-78.819,Theft of Vehicle
61697,63178,3,42.858,-78.804,Assault
61702,63184,3,42.877,-78.805,Theft
61704,63186,3,42.894,-78.823,Theft
61719,63201,3,42.853,-78.821,Theft
61722,63204,3,42.856,-78.828,Assault
61726,63208,3,42.879,-78.842,Assault
61728,63210,3,42.896,-78.833,Assault
61742,63224,3,42.85,-78.828,Theft of Vehicle
61743,63225,3,42.877,-78.809,Breaking & Entering
61744,63226,3,42.899,-78.816,Breaking & Entering
61745,63228,3,42.898,-78.807,Theft
61748,63231,3,42.859,-78.835,Theft
61757,63240,3,42.877,-78.805,Theft
61759,63242,3,42.896,-78.835,Assault
61760,63243,3,42.86,-78.815,Theft
61767,63250,3,42.897,-78.819,Robbery
61773,63256,3,42.893,-78.836,Breaking & Entering
61776,63259,3,42.856,-78.807,Breaking & Entering
61781,63264,3,42.858,-78.831,Theft
61791,63274,3,42.849,-78.829,Assault
61796,63279,3,42.855,-78.809,Breaking & Entering
61797,63280,3,42.896,-78.825,Breaking & Entering
61807,63290,3,42.892,-78.826,Theft
61818,63301,3,42.897,-78.837,Assault
61826,63309,3,42.866,-78.85,Breaking & Entering
61829,63312,3,42.895,-78.823,Breaking & Entering
61843,63326,3,42.892,-78.834,Theft of Vehicle
61860,63343,3,42.893,-78.839,Theft of Vehicle
61867,63350,3,42.896,-78.836,Breaking & Entering
61868,63351,3,42.846,-78.821,Theft
61874,63357,3,42.854,-78.83,Theft
61880,63363,3,42.895,-78.806,Assault
61885,63369,3,42.873,-78.814,Theft
61894,63378,3,42.87,-78.808,Breaking & Entering
61912,63396,3,42.896,-78.82,Robbery
61929,63413,3,42.896,-78.816,Assault
61930,63414,3,42.838,-78.81,Breaking & Entering
61940,63424,3,42.854,-78.828,Theft
61942,63426,3,42.889,-78.836,Assault
61956,63440,3,42.898,-78.807,Theft
61958,63442,3,42.858,-78.813,Theft
61966,63450,3,42.897,-78.838,Theft
61969,63453,3,42.883,-78.847,Theft
61978,63462,3,42.891,-78.837,Assault
61987,63472,3,42.891,-78.834,Breaking & Entering
61992,63477,3,42.896,-78.82,Theft
61998,63483,3,42.847,-78.828,Theft
62003,63488,3,42.871,-78.808,Assault
62006,63491,3,42.861,-78.81,Theft
62009,63494,3,42.878,-78.847,Assault
62014,63499,3,42.872,-78.852,Theft
62016,63501,3,42.842,-78.824,Theft
62019,63504,3,42.845,-78.821,Theft
62023,63508,3,42.89,-78.835,Theft of Vehicle
62025,63510,3,42.899,-78.819,Assault
62029,63514,3,42.862,-78.813,Theft of Vehicle
62037,63522,3,42.856,-78.836,Theft
62041,63526,3,42.895,-78.829,Theft
62044,63529,3,42.869,-78.805,Robbery
62045,63530,3,42.895,-78.825,Assault
62063,63548,3,42.891,-78.812,Breaking & Entering
62067,63552,3,42.853,-78.803,Theft
62068,63553,3,42.898,-78.835,Theft
62076,63561,3,42.841,-78.82,Theft
62080,63565,3,42.838,-78.81,Assault
62086,63571,3,42.897,-78.832,Theft of Vehicle
62094,63579,3,42.889,-78.808,Theft
62098,63583,3,42.851,-78.803,Theft
62103,63588,3,42.868,-78.802,Theft
62104,63589,3,42.876,-78.824,Theft
62117,63602,3,42.896,-78.805,Theft
62122,63607,3,42.895,-78.826,Robbery
62123,63608,3,42.853,-78.828,Assault
62124,63609,3,42.891,-78.812,Breaking & Entering
62126,63611,3,42.887,-78.804,Assault
62128,63613,3,42.885,-78.839,Theft of Vehicle
62133,63618,3,42.874,-78.844,Theft
62145,63630,3,42.898,-78.818,Assault
62148,63633,3,42.882,-78.833,Breaking & Entering
62151,63636,3,42.895,-78.827,Breaking & Entering
62154,63639,3,42.898,-78.839,Assault
62156,63641,3,42.855,-78.806,Theft
62165,63650,3,42.861,-78.807,Breaking & Entering
62166,63651,3,42.886,-78.802,Assault
62169,63654,3,42.85,-78.815,Theft
62174,63659,3,42.848,-78.824,Theft
62180,63665,3,42.887,-78.802,Robbery
62184,63669,3,42.842,-78.825,Sexual Assault
62190,63675,3,42.876,-78.815,Breaking & Entering
62197,63682,3,42.882,-78.83,Breaking & Entering
62208,63694,3,42.86,-78.814,Theft
62211,63697,3,42.86,-78.82,Theft
62214,63700,3,42.884,-78.839,Breaking & Entering
62215,63701,3,42.85,-78.805,Theft of Vehicle
62218,63704,3,42.854,-78.829,Assault
62219,63705,3,42.888,-78.809,Assault
62223,63709,3,42.892,-78.829,Breaking & Entering
62225,63711,3,42.889,-78.809,Other Sexual Offense
62228,63714,3,42.896,-78.815,Breaking & Entering
62234,63720,3,42.854,-78.829,Breaking & Entering
62240,63726,3,42.887,-78.846,Homicide
62242,63728,3,42.89,-78.816,Theft
62244,63730,3,42.85,-78.813,Theft of Vehicle
62245,63731,3,42.876,-78.828,Assault
62250,63736,3,42.848,-78.812,Theft
62254,63740,3,42.855,-78.836,Theft
62255,63741,3,42.899,-78.824,Theft
62258,63744,3,42.885,-78.839,Theft
62270,63757,3,42.858,-78.818,Breaking & Entering
62275,63762,3,42.859,-78.824,Breaking & Entering
62277,63764,3,42.86,-78.825,Theft
62278,63765,3,42.851,-78.823,Breaking & Entering
62279,63766,3,42.885,-78.805,Assault
62281,63768,3,42.872,-78.85,Assault
62292,63779,3,42.895,-78.823,Breaking & Entering
62297,63784,3,42.843,-78.819,Assault
62301,63788,3,42.872,-78.806,Assault
62302,63789,3,42.894,-78.834,Assault
62306,63793,3,42.852,-78.825,Assault
62308,63795,3,42.893,-78.824,Assault
62311,63798,3,42.899,-78.816,Breaking & Entering
62312,63799,3,42.896,-78.816,Theft
62314,63801,3,42.887,-78.802,Theft
62315,63802,3,42.89,-78.801,Robbery
62316,63803,3,42.833,-78.824,Other Sexual Offense
62320,63807,3,42.896,-78.824,Assault
62322,63809,3,42.873,-78.823,Theft
62331,63818,3,42.859,-78.858,Theft
62334,63821,3,42.89,-78.807,Theft
62336,63823,3,42.892,-78.805,Other Sexual Offense
62343,63830,3,42.871,-78.834,Robbery
62346,63833,3,42.891,-78.841,Theft
62352,63839,3,42.871,-78.81,Breaking & Entering
62355,63842,3,42.888,-78.815,Assault
62369,63857,3,42.875,-78.805,Breaking & Entering
62370,63858,3,42.876,-78.828,Breaking & Entering
62378,63866,3,42.896,-78.821,Theft of Vehicle
62381,63869,3,42.897,-78.814,Theft
62389,63877,3,42.898,-78.807,Theft
62398,63887,3,42.842,-78.829,Theft
62409,63898,3,42.851,-78.822,Theft
62414,63903,3,42.896,-78.821,Theft
62429,63919,3,42.872,-78.806,Assault
62433,63923,3,42.898,-78.839,Theft
62434,63924,3,42.876,-78.827,Assault
62449,63939,3,42.888,-78.839,Robbery
62458,63949,3,42.896,-78.824,Theft
62459,63950,3,42.886,-78.808,Assault
62472,63963,3,42.858,-78.815,Assault
62475,63966,3,42.891,-78.84,Theft of Vehicle
62479,63970,3,42.858,-78.809,Theft
62484,63975,3,42.886,-78.839,Theft
62486,63977,3,42.866,-78.848,Assault
62493,63984,3,42.853,-78.824,Theft
62496,63988,3,42.87,-78.839,Robbery
62497,63989,3,42.849,-78.814,Breaking & Entering
62499,63991,3,42.852,-78.808,Theft
62508,64000,3,42.896,-78.835,Breaking & Entering
62509,64001,3,42.842,-78.826,Assault
62511,64003,3,42.836,-78.82,Theft
62527,64019,3,42.895,-78.829,Assault
62532,64024,3,42.836,-78.824,Theft of Vehicle
62536,64028,3,42.891,-78.826,Breaking & Entering
62537,64029,3,42.867,-78.824,Theft of Vehicle
62541,64033,3,42.893,-78.827,Assault
62542,64034,3,42.882,-78.835,Assault
62546,64038,3,42.853,-78.813,Assault
62549,64041,3,42.888,-78.813,Assault
62550,64042,3,42.897,-78.832,Assault
62551,64043,3,42.849,-78.863,Theft
62557,64049,3,42.853,-78.824,Assault
62561,64053,3,42.854,-78.807,Assault
62563,64055,3,42.839,-78.858,Theft
62565,64057,3,42.874,-78.806,Theft
62585,64077,3,42.874,-78.854,Breaking & Entering
62591,64083,3,42.89,-78.802,Assault
62598,64090,3,42.873,-78.82,Breaking & Entering
62601,64093,3,42.897,-78.823,Breaking & Entering
62605,64097,3,42.853,-78.826,Theft
62607,64099,3,42.857,-78.833,Theft of Vehicle
62613,64105,3,42.864,-78.825,Theft of Vehicle
62615,64107,3,42.873,-78.81,Theft
62617,64109,3,42.894,-78.82,Assault
62618,64110,3,42.891,-78.83,Theft
62619,64111,3,42.852,-78.805,Theft
62621,64113,3,42.89,-78.808,Assault
62628,64120,3,42.881,-78.836,Theft
62629,64121,3,42.884,-78.839,Assault
62635,64127,3,42.857,-78.823,Theft
62650,64142,3,42.879,-78.834,Assault
62654,64146,3,42.892,-78.833,Robbery
62655,64147,3,42.869,-78.831,Other Sexual Offense
62656,64148,3,42.896,-78.813,Breaking & Entering
62676,64168,3,42.848,-78.812,Theft
62684,64176,3,42.848,-78.824,Theft of Vehicle
62686,64178,3,42.873,-78.806,Theft
62689,64181,3,42.857,-78.829,Theft
62691,64183,3,42.895,-78.827,Theft of Vehicle
62695,64187,3,42.886,-78.815,Theft
62696,64188,3,42.886,-78.802,Theft
62700,64192,3,42.873,-78.806,Assault
62708,64200,3,42.858,-78.822,Breaking & Entering
62710,64202,3,42.856,-78.811,Assault
62714,64206,3,42.892,-78.827,Assault
62716,64208,3,42.893,-78.834,Breaking & Entering
62722,64214,3,42.863,-78.82,Assault
62730,64222,3,42.853,-78.83,Theft of Vehicle
62732,64224,3,42.868,-78.818,Theft
62767,64259,3,42.896,-78.819,Theft
62772,64264,3,42.862,-78.821,Breaking & Entering
62784,64276,3,42.894,-78.827,Breaking & Entering
62796,64288,3,42.869,-78.834,Theft
62800,64292,3,42.87,-78.838,Theft
62804,64296,3,42.878,-78.835,Breaking & Entering
62813,64305,3,42.895,-78.83,Breaking & Entering
62825,64317,3,42.89,-78.801,Assault
62834,64326,3,42.889,-78.834,Breaking & Entering
62837,64329,3,42.857,-78.826,Assault
62839,64331,3,42.871,-78.816,Theft
62841,64333,3,42.858,-78.831,Theft
62846,64338,3,42.896,-78.825,Theft
62858,64350,3,42.843,-78.818,Theft
62864,64356,3,42.837,-78.82,Breaking & Entering
62870,64362,3,42.846,-78.82,Theft
62872,64364,3,42.88,-78.845,Theft of Vehicle
62883,64375,3,42.896,-78.827,Assault
62887,64379,3,42.869,-78.831,Assault
62888,64380,3,42.892,-78.84,Breaking & Entering
62889,64381,3,42.871,-78.835,Theft
62892,64384,3,42.896,-78.818,Theft of Vehicle
62894,64386,3,42.899,-78.822,Assault
62900,64392,3,42.862,-78.819,Assault
62902,64394,3,42.898,-78.807,Theft
62910,64402,3,42.891,-78.834,Breaking & Entering
62914,64406,3,42.883,-78.833,Theft
62924,64416,3,42.897,-78.817,Assault
62925,64417,3,42.891,-78.841,Assault
62936,64428,3,42.876,-78.847,Assault
62938,64430,3,42.84,-78.801,Breaking & Entering
62941,64433,3,42.835,-78.801,Theft
62946,64438,3,42.858,-78.831,Theft
62948,64440,3,42.86,-78.825,Theft
62953,64445,3,42.897,-78.814,Theft
62971,64463,3,42.887,-78.843,Breaking & Entering
62972,64464,3,42.897,-78.8,Theft
62978,64470,3,42.899,-78.833,Theft
62985,64477,3,42.872,-78.8,Assault
62990,64482,3,42.894,-78.806,Breaking & Entering
62992,64484,3,42.842,-78.813,Breaking & Entering
62997,64489,3,42.872,-78.806,Theft
63000,64492,3,42.895,-78.83,Assault
63003,64495,3,42.855,-78.824,Theft
63010,64502,3,42.862,-78.813,Theft
63014,64506,3,42.895,-78.839,Theft
63020,64512,3,42.866,-78.821,Breaking & Entering
63022,64514,3,42.897,-78.819,Theft
63023,64515,3,42.858,-78.81,Breaking & Entering
63035,64527,3,42.891,-78.825,Assault
63038,64530,3,42.852,-78.809,Breaking & Entering
63039,64531,3,42.887,-78.8,Breaking & Entering
63043,64535,3,42.858,-78.813,Theft
63047,64539,3,42.897,-78.825,Assault
63054,64546,3,42.893,-78.833,Theft
63055,64547,3,42.892,-78.838,Theft
63063,64555,3,42.848,-78.824,Other Sexual Offense
63067,64559,3,42.871,-78.834,Assault
63075,64567,3,42.896,-78.823,Theft
63078,64570,3,42.869,-78.831,Theft
63080,64572,3,42.846,-78.829,Breaking & Entering
63084,64576,3,42.896,-78.822,Robbery
63097,64589,3,42.894,-78.835,Robbery
63098,64590,3,42.852,-78.828,Theft
63100,64592,3,42.889,-78.808,Theft
63102,64594,3,42.873,-78.806,Theft
63108,64600,3,42.847,-78.82,Theft
63117,64609,3,42.868,-78.805,Theft
63124,64616,3,42.871,-78.823,Theft
63133,64625,3,42.855,-78.821,Breaking & Entering
63143,64635,3,42.857,-78.829,Theft
63144,64636,3,42.867,-78.846,Breaking & Entering
63145,64637,3,42.894,-78.826,Theft
63154,64646,3,42.845,-78.801,Theft
63159,64651,3,42.886,-78.844,Assault
63162,64654,3,42.895,-78.836,Breaking & Entering
63165,64657,3,42.856,-78.835,Theft of Vehicle
63166,64658,3,42.856,-78.807,Theft
63174,64666,3,42.853,-78.827,Theft
63177,64669,3,42.884,-78.841,Theft
63178,64670,3,42.857,-78.823,Theft
63180,64672,3,42.896,-78.814,Assault
63183,64675,3,42.896,-78.834,Theft of Vehicle
63184,64676,3,42.847,-78.832,Theft
63191,64683,3,42.895,-78.803,Theft
63193,64685,3,42.897,-78.814,Assault
63197,64689,3,42.844,-78.832,Theft
63199,64691,3,42.896,-78.815,Breaking & Entering
63210,64702,3,42.88,-78.835,Robbery
63244,64736,3,42.893,-78.824,Assault
63254,64746,3,42.879,-78.845,Assault
63256,64748,3,42.898,-78.836,Assault
63258,64750,3,42.851,-78.827,Assault
63261,64753,3,42.891,-78.811,Theft of Vehicle
63275,64768,3,42.842,-78.831,Theft of Vehicle
63278,64771,3,42.856,-78.801,Theft
63282,64775,3,42.881,-78.841,Breaking & Entering
63283,64776,3,42.894,-78.836,Robbery
63288,64781,3,42.863,-78.821,Theft
63292,64785,3,42.841,-78.823,Theft
63298,64791,3,42.839,-78.824,Theft
63301,64795,3,42.895,-78.819,Breaking & Entering
63307,64801,3,42.872,-78.815,Theft
63309,64803,3,42.85,-78.827,Assault
63333,64827,3,42.837,-78.825,Theft
63339,64833,3,42.851,-78.802,Breaking & Entering
63340,64834,3,42.851,-78.824,Theft
63344,64838,3,42.849,-78.828,Theft
63354,64849,3,42.877,-78.846,Assault
63363,64858,3,42.856,-78.834,Breaking & Entering
63364,64859,3,42.894,-78.835,Assault
63369,64865,3,42.851,-78.829,Theft
63377,64873,3,42.854,-78.809,Breaking & Entering
63409,64906,3,42.852,-78.809,Breaking & Entering
63431,64928,3,42.892,-78.835,Breaking & Entering
63441,64938,3,42.862,-78.818,Theft
63449,64946,3,42.876,-78.83,Robbery
63457,64954,3,42.834,-78.816,Theft
63468,64965,3,42.87,-78.832,Assault
63473,64970,3,42.847,-78.855,Theft
63476,64973,3,42.852,-78.803,Breaking & Entering
63488,64985,3,42.89,-78.845,Robbery
63491,64988,3,42.895,-78.827,Theft of Vehicle
63492,64989,3,42.842,-78.829,Breaking & Entering
63501,64998,3,42.878,-78.833,Theft
63502,64999,3,42.858,-78.813,Robbery
63509,65006,3,42.858,-78.814,Theft
63517,65015,3,42.859,-78.816,Theft
63519,65017,3,42.856,-78.807,Theft
63526,65024,3,42.882,-78.84,Breaking & Entering
63527,65025,3,42.899,-78.819,Theft of Vehicle
63530,65028,3,42.893,-78.834,Breaking & Entering
63560,65058,3,42.896,-78.819,Breaking & Entering
63564,65062,3,42.89,-78.811,Theft
63567,65065,3,42.89,-78.803,Theft
63568,65066,3,42.87,-78.807,Theft
63572,65070,3,42.848,-78.821,Assault
63573,65071,3,42.892,-78.832,Robbery
63580,65078,3,42.847,-78.801,Theft of Vehicle
63582,65080,3,42.85,-78.824,Assault
63591,65089,3,42.873,-78.806,Assault
63598,65096,3,42.892,-78.839,Theft
63599,65097,3,42.845,-78.819,Theft
63611,65109,3,42.888,-78.802,Breaking & Entering
63614,65112,3,42.878,-78.85,Breaking & Entering
63620,65120,3,42.849,-78.822,Theft
63632,65132,3,42.853,-78.804,Theft
63635,65135,3,42.893,-78.839,Theft
63646,65146,3,42.851,-78.824,Assault
63649,65149,3,42.886,-78.808,Assault
63650,65150,3,42.87,-78.844,Theft
63653,65153,3,42.894,-78.83,Theft
63672,65172,3,42.871,-78.843,Theft
63687,65187,3,42.869,-78.81,Theft
63689,65189,3,42.889,-78.802,Assault
63695,65195,3,42.85,-78.832,Breaking & Entering
63698,65198,3,42.85,-78.813,Theft
63710,65210,3,42.889,-78.807,Theft
63713,65213,3,42.897,-78.837,Theft
63726,65228,3,42.892,-78.812,Theft of Vehicle
63727,65229,3,42.849,-78.823,Theft of Vehicle
63732,65234,3,42.889,-78.808,Theft
63739,65241,3,42.886,-78.839,Breaking & Entering
63740,65242,3,42.857,-78.812,Robbery
63742,65244,3,42.893,-78.829,Theft
63743,65245,3,42.897,-78.836,Theft
63745,65247,3,42.899,-78.81,Theft
63749,65251,3,42.89,-78.802,Breaking & Entering
63763,65265,3,42.877,-78.827,Breaking & Entering
63765,65267,3,42.858,-78.815,Theft
63770,65272,3,42.857,-78.807,Theft
63773,65275,3,42.854,-78.808,Theft
63775,65277,3,42.851,-78.805,Other Sexual Offense
63778,65280,3,42.896,-78.824,Breaking & Entering
63791,65293,3,42.885,-78.802,Theft
63793,65295,3,42.886,-78.81,Theft
63795,65297,3,42.897,-78.839,Theft of Vehicle
63811,65313,3,42.873,-78.817,Theft
63813,65315,3,42.855,-78.818,Theft
63815,65318,3,42.887,-78.842,Theft
63817,65320,3,42.899,-78.81,Theft of Vehicle
63825,65328,3,42.885,-78.814,Breaking & Entering
63829,65332,3,42.873,-78.806,Theft
63846,65349,3,42.854,-78.815,Breaking & Entering
63850,65353,3,42.895,-78.819,Breaking & Entering
63857,65360,3,42.894,-78.837,Theft
63863,65366,3,42.85,-78.827,Breaking & Entering
63869,65372,3,42.866,-78.831,Breaking & Entering
63879,65382,3,42.88,-78.834,Breaking & Entering
63882,65385,3,42.895,-78.827,Assault
63884,65387,3,42.845,-78.824,Theft
63886,65389,3,42.868,-78.807,Theft
63904,65407,3,42.844,-78.824,Assault
63905,65408,3,42.837,-78.811,Assault
63910,65413,3,42.832,-78.811,Theft
63912,65415,3,42.898,-78.807,Theft
63914,65417,3,42.88,-78.844,Assault
63917,65420,3,42.885,-78.809,Theft
63931,65435,3,42.892,-78.824,Assault
63941,65445,3,42.871,-78.807,Theft of Vehicle
63953,65457,3,42.891,-78.831,Theft
63957,65461,3,42.869,-78.81,Breaking & Entering
63972,65476,3,42.89,-78.801,Breaking & Entering
63975,65480,3,42.87,-78.817,Theft of Vehicle
63977,65482,3,42.837,-78.809,Breaking & Entering
63978,65483,3,42.862,-78.813,Theft
63980,65485,3,42.832,-78.811,Robbery
63984,65489,3,42.851,-78.801,Theft
63991,65496,3,42.881,-78.831,Assault
63999,65504,3,42.886,-78.805,Theft of Vehicle
64000,65505,3,42.885,-78.839,Theft of Vehicle
64004,65509,3,42.86,-78.815,Robbery
64008,65513,3,42.851,-78.833,Theft
64010,65515,3,42.891,-78.834,Theft
64032,65537,3,42.893,-78.821,Breaking & Entering
64033,65538,3,42.873,-78.825,Theft
64043,65548,3,42.877,-78.827,Theft
64046,65551,3,42.85,-78.815,Assault
64055,65560,3,42.897,-78.819,Assault
64064,65569,3,42.889,-78.808,Theft
64092,65597,3,42.872,-78.812,Robbery
64097,65602,3,42.842,-78.812,Theft
64099,65604,3,42.88,-78.8,Theft
64103,65608,3,42.852,-78.823,Theft
64107,65612,3,42.894,-78.835,Theft
64126,65631,3,42.896,-78.805,Breaking & Entering
64127,65632,3,42.856,-78.827,Assault
64128,65633,3,42.871,-78.815,Theft
64135,65640,3,42.848,-78.824,Assault
64136,65641,3,42.887,-78.837,Assault
64144,65650,3,42.87,-78.828,Assault
64146,65652,3,42.898,-78.807,Theft
64149,65655,3,42.872,-78.807,Assault
64154,65660,3,42.854,-78.808,Breaking & Entering
64177,65683,3,42.873,-78.852,Assault
64178,65684,3,42.89,-78.834,Theft
64179,65685,3,42.884,-78.839,Theft of Vehicle
64182,65688,3,42.869,-78.831,Breaking & Entering
64185,65691,3,42.897,-78.814,Theft
64186,65692,3,42.894,-78.834,Theft
64203,65709,3,42.893,-78.825,Assault
64204,65710,3,42.894,-78.843,Breaking & Entering
64214,65720,3,42.868,-78.856,Breaking & Entering
64218,65724,3,42.893,-78.833,Assault
64222,65728,3,42.899,-78.838,Theft
64229,65735,3,42.893,-78.833,Assault
64231,65737,3,42.852,-78.827,Breaking & Entering
64239,65745,3,42.888,-78.803,Breaking & Entering
64253,65759,3,42.848,-78.824,Theft
64256,65762,3,42.889,-78.806,Assault
64257,65763,3,42.856,-78.834,Assault
64258,65764,3,42.876,-78.825,Theft
64269,65775,3,42.855,-78.825,Theft
64272,65778,3,42.888,-78.809,Breaking & Entering
64280,65786,3,42.837,-78.826,Assault
64282,65788,3,42.833,-78.806,Assault
64288,65794,3,42.834,-78.824,Assault
64291,65797,3,42.888,-78.804,Assault
64303,65809,3,42.889,-78.835,Assault
64305,65811,3,42.848,-78.824,Theft
64307,65813,3,42.841,-78.824,Theft
64308,65814,3,42.872,-78.803,Breaking & Entering
64319,65827,3,42.848,-78.832,Breaking & Entering
64327,65835,3,42.867,-78.839,Breaking & Entering
64331,65839,3,42.879,-78.839,Sexual Assault
64353,65862,3,42.89,-78.833,Assault
64357,65866,3,42.857,-78.811,Theft
64363,65873,3,42.883,-78.836,Assault
64365,65875,3,42.85,-78.813,Theft
64384,65895,3,42.848,-78.824,Theft
64387,65898,3,42.855,-78.831,Breaking & Entering
64389,65900,3,42.834,-78.817,Assault
64390,65901,3,42.893,-78.83,Theft
64394,65905,3,42.856,-78.833,Assault
64395,65906,3,42.837,-78.824,Theft
64406,65917,3,42.898,-78.817,Theft of Vehicle
64420,65931,3,42.879,-78.839,Theft
64439,65951,3,42.86,-78.815,Assault
64441,65953,3,42.893,-78.839,Robbery
64446,65958,3,42.896,-78.821,Breaking & Entering
64449,65961,3,42.835,-78.825,Theft of Vehicle
64467,65979,3,42.899,-78.836,Theft of Vehicle
64469,65981,3,42.858,-78.831,Theft
64474,65986,3,42.89,-78.806,Theft
64479,65991,3,42.847,-78.824,Theft
64481,65993,3,42.834,-78.818,Theft
64490,66002,3,42.895,-78.825,Robbery
64491,66003,3,42.872,-78.802,Theft
64500,66012,3,42.88,-78.84,Breaking & Entering
64505,66017,3,42.885,-78.803,Theft
64515,66027,3,42.869,-78.846,Robbery
64520,66032,3,42.899,-78.82,Breaking & Entering
64521,66033,3,42.889,-78.834,Sexual Assault
64525,66037,3,42.845,-78.861,Theft
64533,66045,3,42.898,-78.806,Breaking & Entering
64535,66047,3,42.898,-78.801,Theft
64537,66049,3,42.892,-78.835,Assault
64546,66058,3,42.898,-78.819,Theft
64549,66061,3,42.853,-78.826,Assault
64550,66062,3,42.892,-78.839,Breaking & Entering
64552,66064,3,42.857,-78.812,Assault
64553,66065,3,42.857,-78.837,Theft
64555,66067,3,42.872,-78.838,Robbery
64556,66068,3,42.895,-78.829,Robbery
64567,66079,3,42.856,-78.807,Theft
64587,66099,3,42.854,-78.805,Breaking & Entering
64614,66126,3,42.884,-78.829,Robbery
64622,66134,3,42.883,-78.835,Assault
64629,66141,3,42.879,-78.841,Assault
64632,66144,3,42.872,-78.811,Robbery
64634,66146,3,42.859,-78.819,Assault
64636,66148,3,42.85,-78.804,Assault
64639,66151,3,42.895,-78.819,Breaking & Entering
64643,66155,3,42.878,-78.837,Assault
64657,66169,3,42.891,-78.829,Theft
64660,66172,3,42.887,-78.837,Breaking & Entering
64662,66174,3,42.886,-78.815,Assault
64676,66188,3,42.858,-78.825,Theft
64684,66196,3,42.856,-78.829,Breaking & Entering
64688,66200,3,42.861,-78.821,Theft
64704,66216,3,42.853,-78.822,Assault
64709,66221,3,42.885,-78.811,Theft
64723,66235,3,42.896,-78.832,Assault
64727,66239,3,42.835,-78.819,Breaking & Entering
64730,66242,3,42.889,-78.808,Theft
64754,66266,3,42.833,-78.821,Theft
64756,66268,3,42.894,-78.807,Breaking & Entering
64757,66269,3,42.872,-78.815,Assault
64759,66271,3,42.88,-78.839,Assault
64760,66272,3,42.863,-78.802,Theft
64762,66274,3,42.871,-78.805,Breaking & Entering
64764,66276,3,42.895,-78.823,Breaking & Entering
64771,66283,3,42.852,-78.805,Theft
64774,66286,3,42.854,-78.807,Assault
64777,66289,3,42.847,-78.82,Theft
64786,66298,3,42.895,-78.837,Robbery
64788,66300,3,42.871,-78.816,Theft
64790,66302,3,42.896,-78.837,Assault
64794,66306,3,42.891,-78.814,Robbery
64821,66333,3,42.858,-78.818,Other Sexual Offense
64822,66334,3,42.899,-78.837,Breaking & Entering
64825,66337,3,42.896,-78.823,Theft
64828,66340,3,42.89,-78.843,Theft of Vehicle
64846,66358,3,42.848,-78.812,Other Sexual Offense
64854,66366,3,42.873,-78.818,Theft
64856,66368,3,42.899,-78.815,Breaking & Entering
64861,66374,3,42.847,-78.824,Theft
64865,66378,3,42.858,-78.813,Breaking & Entering
64873,66386,3,42.895,-78.841,Assault
64881,66394,3,42.848,-78.823,Theft
64887,66400,3,42.897,-78.838,Breaking & Entering
64888,66401,3,42.874,-78.809,Assault
64890,66403,3,42.852,-78.823,Theft
64901,66414,3,42.849,-78.814,Assault
64907,66420,3,42.886,-78.815,Theft
64917,66430,3,42.877,-78.85,Theft
64918,66431,3,42.888,-78.835,Robbery
64924,66437,3,42.838,-78.811,Robbery
64925,66439,3,42.896,-78.827,Breaking & Entering
64926,66440,3,42.869,-78.834,Breaking & Entering
64931,66446,3,42.895,-78.839,Robbery
64935,66450,3,42.848,-78.824,Robbery
64937,66452,3,42.896,-78.825,Theft of Vehicle
64940,66455,3,42.847,-78.832,Robbery
64959,66475,3,42.855,-78.831,Theft
64966,66482,3,42.898,-78.815,Breaking & Entering
64972,66488,3,42.886,-78.841,Assault
64977,66493,3,42.896,-78.823,Assault
64980,66496,3,42.894,-78.835,Theft of Vehicle
64987,66503,3,42.87,-78.85,Theft
64989,66505,3,42.889,-78.804,Breaking & Entering
64990,66506,3,42.839,-78.856,Theft
64991,66507,3,42.841,-78.824,Theft
64996,66512,3,42.836,-78.824,Theft of Vehicle
64997,66513,3,42.897,-78.824,Breaking & Entering
65002,66518,3,42.886,-78.842,Theft
65004,66521,3,42.866,-78.847,Breaking & Entering
65010,66527,3,42.887,-78.807,Theft
65012,66529,3,42.888,-78.808,Other Sexual Offense
65013,66530,3,42.899,-78.838,Breaking & Entering
65020,66537,3,42.875,-78.809,Theft
65021,66538,3,42.879,-78.802,Theft
65025,66542,3,42.854,-78.811,Assault
65029,66547,3,42.844,-78.823,Theft
65040,66558,3,42.889,-78.834,Assault
65045,66563,3,42.886,-78.839,Assault
65046,66564,3,42.886,-78.841,Assault
65047,66565,3,42.866,-78.847,Theft
65050,66568,3,42.885,-78.809,Assault
65051,66569,3,42.84,-78.827,Breaking & Entering
65062,66580,3,42.886,-78.837,Breaking & Entering
65069,66587,3,42.872,-78.811,Theft
65077,66595,3,42.895,-78.821,Theft of Vehicle
65081,66599,3,42.87,-78.809,Assault
65084,66602,3,42.882,-78.835,Theft
65087,66605,3,42.894,-78.805,Breaking & Entering
65088,66606,3,42.879,-78.836,Theft
65089,66607,3,42.886,-78.841,Assault
65091,66609,3,42.887,-78.814,Assault
65095,66613,3,42.848,-78.812,Assault
65098,66616,3,42.899,-78.818,Assault
65100,66618,3,42.856,-78.824,Theft
65105,66623,3,42.856,-78.824,Theft
65112,66630,3,42.896,-78.805,Theft of Vehicle
65126,66644,3,42.899,-78.82,Breaking & Entering
65133,66651,3,42.892,-78.836,Breaking & Entering
65141,66659,3,42.896,-78.841,Homicide
65155,66674,3,42.87,-78.838,Breaking & Entering
65162,66681,3,42.854,-78.832,Assault
65165,66684,3,42.894,-78.836,Theft
65175,66694,3,42.87,-78.805,Breaking & Entering
65199,66719,3,42.88,-78.842,Breaking & Entering
65201,66721,3,42.852,-78.823,Theft
65233,66754,3,42.883,-78.835,Theft of Vehicle
65247,66769,3,42.899,-78.836,Theft of Vehicle
65273,66795,3,42.888,-78.839,Theft
65275,66797,3,42.88,-78.85,Breaking & Entering
65279,66802,3,42.851,-78.826,Theft
65280,66803,3,42.842,-78.829,Theft
65292,66815,3,42.883,-78.835,Theft
65300,66823,3,42.852,-78.804,Assault
65314,66837,3,42.889,-78.838,Theft
65324,66847,3,42.871,-78.831,Robbery
65325,66848,3,42.895,-78.807,Theft
65329,66852,3,42.885,-78.806,Breaking & Entering
65330,66853,3,42.844,-78.832,Theft
65332,66855,3,42.894,-78.834,Robbery
65336,66859,3,42.867,-78.821,Theft of Vehicle
65337,66860,3,42.894,-78.835,Theft of Vehicle
65338,66861,3,42.898,-78.807,Theft
65356,66880,3,42.87,-78.832,Breaking & Entering
65385,66909,3,42.888,-78.837,Breaking & Entering
65390,66914,3,42.86,-78.808,Theft
65393,66918,3,42.857,-78.826,Sexual Assault
65395,66920,3,42.852,-78.809,Theft
65398,66923,3,42.894,-78.842,Assault
65402,66927,3,42.885,-78.815,Breaking & Entering
65407,66932,3,42.853,-78.802,Breaking & Entering
65408,66933,3,42.858,-78.823,Sexual Assault
65417,66942,3,42.892,-78.835,Sexual Assault
65428,66953,3,42.891,-78.83,Theft
65442,66967,3,42.853,-78.82,Assault
65443,66968,3,42.87,-78.844,Theft
65446,66972,3,42.842,-78.808,Assault
65453,66979,3,42.876,-78.803,Assault
65455,66981,3,42.886,-78.842,Theft
65462,66988,3,42.87,-78.802,Theft
65465,66991,3,42.888,-78.811,Assault
65468,66994,3,42.856,-78.815,Theft
65474,67000,3,42.857,-78.812,Theft
65479,67005,3,42.89,-78.803,Theft
65494,67020,3,42.869,-78.847,Theft
65495,67021,3,42.861,-78.816,Breaking & Entering
65501,67027,3,42.871,-78.84,Theft
65503,67029,3,42.872,-78.804,Theft
65512,67038,3,42.849,-78.824,Theft of Vehicle
65513,67039,3,42.847,-78.803,Theft of Vehicle
65515,67041,3,42.852,-78.807,Theft
65518,67044,3,42.87,-78.828,Assault
65523,67049,3,42.87,-78.849,Breaking & Entering
65532,67058,3,42.885,-78.832,Theft
65537,67063,3,42.871,-78.851,Theft
65541,67067,3,42.861,-78.812,Theft of Vehicle
65550,67076,3,42.858,-78.831,Theft
65557,67083,3,42.893,-78.807,Theft
65567,67093,3,42.84,-78.813,Theft
65577,67103,3,42.892,-78.833,Theft
65583,67109,3,42.882,-78.841,Breaking & Entering
65589,67115,3,42.843,-78.826,Theft of Vehicle
65601,67127,3,42.848,-78.824,Theft
65606,67133,3,42.85,-78.803,Robbery
65613,67140,3,42.896,-78.82,Breaking & Entering
65616,67143,3,42.872,-78.842,Theft
65646,67174,3,42.894,-78.827,Theft
65648,67176,3,42.891,-78.844,Assault
65655,67183,3,42.836,-78.805,Breaking & Entering
65658,67186,3,42.845,-78.824,Theft
65662,67190,3,42.869,-78.804,Theft
65663,67191,3,42.896,-78.818,Theft
65666,67194,3,42.886,-78.8,Breaking & Entering
65674,67202,3,42.891,-78.84,Assault
65680,67208,3,42.855,-78.808,Breaking & Entering
65702,67232,3,42.878,-78.804,Theft of Vehicle
65703,67233,3,42.891,-78.839,Theft
65715,67245,3,42.872,-78.811,Theft
65716,67246,3,42.833,-78.824,Theft
65720,67250,3,42.893,-78.834,Assault
65722,67252,3,42.886,-78.807,Theft of Vehicle
65723,67253,3,42.87,-78.806,Theft
65725,67255,3,42.872,-78.838,Assault
65726,67256,3,42.893,-78.802,Theft
65729,67259,3,42.897,-78.841,Assault
65739,67269,3,42.843,-78.826,Assault
65740,67270,3,42.893,-78.809,Theft
65745,67275,3,42.858,-78.831,Robbery
65747,67277,3,42.869,-78.804,Breaking & Entering
65750,67281,3,42.858,-78.831,Theft
65764,67295,3,42.872,-78.838,Sexual Offense
65765,67296,3,42.893,-78.823,Breaking & Entering
65781,67312,3,42.844,-78.828,Assault
65782,67313,3,42.89,-78.811,Assault
65786,67317,3,42.857,-78.826,Other Sexual Offense
65788,67319,3,42.851,-78.801,Breaking & Entering
65790,67321,3,42.853,-78.822,Theft of Vehicle
65794,67325,3,42.864,-78.823,Theft of Vehicle
65797,67328,3,42.84,-78.824,Assault
65798,67329,3,42.87,-78.846,Breaking & Entering
65805,67336,3,42.877,-78.805,Theft
65806,67337,3,42.895,-78.83,Theft
65813,67344,3,42.898,-78.816,Assault
65832,67363,3,42.881,-78.807,Theft
65834,67365,3,42.835,-78.821,Breaking & Entering
65839,67370,3,42.852,-78.828,Theft of Vehicle
65849,67380,3,42.894,-78.838,Breaking & Entering
65860,67391,3,42.874,-78.827,Theft of Vehicle
65869,67400,3,42.887,-78.814,Breaking & Entering
65877,67408,3,42.833,-78.813,Assault
65878,67409,3,42.856,-78.825,Theft
65882,67413,3,42.867,-78.83,Theft
65885,67416,3,42.85,-78.821,Breaking & Entering
65898,67429,3,42.885,-78.824,Robbery
65914,67445,3,42.848,-78.813,Assault
65916,67447,3,42.896,-78.817,Assault
65918,67449,3,42.858,-78.814,Theft
65922,67453,3,42.881,-78.801,Theft
65923,67454,3,42.848,-78.824,Assault
65925,67456,3,42.853,-78.802,Breaking & Entering
65928,67459,3,42.89,-78.815,Breaking & Entering
65939,67470,3,42.893,-78.839,Assault
65944,67475,3,42.893,-78.84,Assault
65948,67479,3,42.874,-78.817,Theft
65952,67484,3,42.839,-78.824,Theft
65959,67491,3,42.852,-78.823,Theft
65962,67494,3,42.855,-78.824,Theft
65965,67497,3,42.872,-78.8,Assault
65969,67501,3,42.869,-78.849,Assault
65975,67507,3,42.882,-78.804,Theft
65977,67509,3,42.853,-78.824,Assault
65980,67512,3,42.882,-78.849,Assault
65981,67513,3,42.837,-78.809,Theft
65984,67516,3,42.869,-78.808,Theft
65989,67521,3,42.893,-78.832,Breaking & Entering
65990,67522,3,42.88,-78.846,Assault
65995,67527,3,42.898,-78.807,Theft
65997,67529,3,42.85,-78.832,Assault
66004,67536,3,42.875,-78.828,Theft
66010,67542,3,42.855,-78.809,Theft
66019,67551,3,42.87,-78.804,Theft
66027,67559,3,42.869,-78.817,Breaking & Entering
66030,67562,3,42.855,-78.81,Theft
66032,67564,3,42.894,-78.834,Robbery
66034,67566,3,42.877,-78.847,Breaking & Entering
66039,67571,3,42.899,-78.818,Theft of Vehicle
66044,67576,3,42.856,-78.835,Breaking & Entering
66060,67592,3,42.893,-78.823,Breaking & Entering
66072,67604,3,42.89,-78.839,Assault
66077,67609,3,42.869,-78.804,Breaking & Entering
66081,67614,3,42.899,-78.818,Theft of Vehicle
66090,67623,3,42.878,-78.801,Theft of Vehicle
66103,67636,3,42.85,-78.815,Assault
66116,67649,3,42.888,-78.815,Breaking & Entering
66126,67659,3,42.834,-78.816,Theft of Vehicle
66129,67662,3,42.854,-78.808,Theft
66140,67673,3,42.852,-78.803,Theft
66142,67675,3,42.899,-78.816,Assault
66144,67677,3,42.893,-78.837,Theft
66146,67679,3,42.873,-78.818,Theft of Vehicle
66149,67682,3,42.848,-78.824,Sexual Assault
66161,67694,3,42.849,-78.801,Robbery
66178,67711,3,42.875,-78.805,Assault
66187,67720,3,42.897,-78.814,Assault
66190,67723,3,42.895,-78.827,Theft
66199,67733,3,42.891,-78.804,Breaking & Entering
66200,67734,3,42.895,-78.83,Theft of Vehicle
66204,67738,3,42.894,-78.803,Assault
66217,67751,3,42.895,-78.806,Theft of Vehicle
66227,67761,3,42.873,-78.806,Assault
66236,67771,3,42.898,-78.807,Theft
66237,67772,3,42.859,-78.808,Theft
66238,67773,3,42.873,-78.804,Homicide
66239,67774,3,42.866,-78.848,Breaking & Entering
66256,67792,3,42.895,-78.831,Breaking & Entering
66265,67802,3,42.889,-78.804,Assault
66267,67804,3,42.871,-78.802,Theft
66271,67808,3,42.889,-78.81,Assault
66273,67810,3,42.885,-78.84,Theft
66281,67818,3,42.897,-78.838,Assault
66288,67825,3,42.854,-78.82,Theft
66289,67826,3,42.89,-78.833,Robbery
66292,67829,3,42.868,-78.837,Robbery
66295,67832,3,42.892,-78.831,Other Sexual Offense
66296,67833,3,42.846,-78.814,Theft
66297,67834,3,42.889,-78.801,Assault
66300,67837,3,42.878,-78.801,Theft
66305,67842,3,42.898,-78.807,Theft
66312,67849,3,42.866,-78.85,Breaking & Entering
66314,67851,3,42.892,-78.838,Theft
66315,67852,3,42.858,-78.811,Theft of Vehicle
66317,67854,3,42.891,-78.837,Assault
66322,67859,3,42.841,-78.824,Theft
66323,67860,3,42.848,-78.824,Assault
66327,67864,3,42.842,-78.821,Theft
66345,67882,3,42.89,-78.815,Assault
66347,67884,3,42.888,-78.845,Theft
66348,67885,3,42.842,-78.849,Assault
66350,67887,3,42.859,-78.816,Breaking & Entering
66353,67890,3,42.859,-78.832,Theft
66366,67903,3,42.856,-78.811,Assault
66376,67914,3,42.871,-78.852,Sexual Assault
66378,67916,3,42.899,-78.83,Assault
66387,67925,3,42.85,-78.803,Assault
66389,67927,3,42.87,-78.839,Theft
66391,67929,3,42.886,-78.803,Assault
66397,67936,3,42.886,-78.806,Breaking & Entering
66404,67943,3,42.883,-78.849,Breaking & Entering
66411,67950,3,42.833,-78.813,Breaking & Entering
66416,67955,3,42.849,-78.812,Breaking & Entering
66424,67963,3,42.842,-78.826,Assault
66427,67966,3,42.886,-78.802,Theft
66428,67967,3,42.85,-78.831,Breaking & Entering
66434,67974,3,42.875,-78.826,Breaking & Entering
66435,67975,3,42.896,-78.838,Assault
66454,67994,3,42.894,-78.819,Breaking & Entering
66455,67995,3,42.89,-78.804,Theft
66459,67999,3,42.898,-78.801,Theft
66469,68009,3,42.898,-78.836,Breaking & Entering
66470,68010,3,42.841,-78.805,Theft
66473,68013,3,42.898,-78.814,Breaking & Entering
66477,68017,3,42.895,-78.83,Theft
66498,68038,3,42.897,-78.825,Assault
66506,68046,3,42.88,-78.844,Robbery
66507,68047,3,42.893,-78.802,Assault
66510,68050,3,42.878,-78.801,Theft of Vehicle
66514,68054,3,42.853,-78.832,Theft
66520,68060,3,42.833,-78.819,Theft
66534,68074,3,42.892,-78.835,Theft
66535,68075,3,42.886,-78.841,Breaking & Entering
66536,68076,3,42.888,-78.8,Breaking & Entering
66548,68088,3,42.85,-78.804,Assault
66553,68093,3,42.861,-78.817,Breaking & Entering
66567,68107,3,42.887,-78.843,Breaking & Entering
66579,68119,3,42.866,-78.85,Breaking & Entering
66605,68146,3,42.868,-78.808,Theft
66608,68149,3,42.895,-78.839,Theft
66612,68153,3,42.897,-78.814,Robbery
66614,68155,3,42.855,-78.821,Other Sexual Offense
66617,68158,3,42.894,-78.821,Breaking & Entering
66634,68175,3,42.85,-78.813,Assault
66635,68176,3,42.897,-78.819,Assault
66645,68186,3,42.872,-78.806,Breaking & Entering
66646,68187,3,42.893,-78.834,Breaking & Entering
66656,68197,3,42.89,-78.813,Breaking & Entering
66662,68203,3,42.862,-78.818,Robbery
66664,68205,3,42.894,-78.836,Robbery
66674,68216,3,42.866,-78.847,Theft
66684,68226,3,42.847,-78.814,Theft
66686,68228,3,42.866,-78.83,Theft
66688,68230,3,42.892,-78.83,Breaking & Entering
66692,68234,3,42.898,-78.839,Theft of Vehicle
66699,68241,3,42.898,-78.807,Theft of Vehicle
66702,68244,3,42.884,-78.829,Theft
66709,68251,3,42.89,-78.808,Robbery
66710,68252,3,42.896,-78.839,Breaking & Entering
66714,68256,3,42.895,-78.829,Theft of Vehicle
66715,68257,3,42.876,-78.827,Assault
66727,68269,3,42.839,-78.858,Theft
66728,68270,3,42.888,-78.838,Robbery
66733,68275,3,42.893,-78.84,Theft
66734,68276,3,42.888,-78.815,Theft
66736,68278,3,42.842,-78.819,Assault
66737,68280,3,42.888,-78.816,Theft
66745,68288,3,42.849,-78.823,Assault
66755,68298,3,42.884,-78.839,Theft of Vehicle
66760,68303,3,42.885,-78.844,Robbery
66761,68304,3,42.844,-78.832,Theft
66762,68305,3,42.873,-78.844,Theft of Vehicle
66766,68309,3,42.855,-78.812,Assault
66769,68312,3,42.854,-78.812,Assault
66780,68325,3,42.889,-78.817,Theft
66784,68329,3,42.896,-78.821,Robbery
66798,68343,3,42.872,-78.808,Assault
66811,68356,3,42.886,-78.847,Theft
66822,68367,3,42.873,-78.809,Assault
66825,68370,3,42.872,-78.811,Theft
66832,68377,3,42.852,-78.827,Theft
66837,68382,3,42.883,-78.844,Theft
66854,68399,3,42.852,-78.812,Theft
66859,68404,3,42.886,-78.813,Theft
66864,68412,3,42.87,-78.834,Assault
66865,68413,3,42.896,-78.818,Robbery
66876,68424,3,42.879,-78.836,Assault
66880,68428,3,42.896,-78.809,Theft
66886,68434,3,42.854,-78.808,Theft
66899,68447,3,42.879,-78.843,Theft
66912,68460,3,42.896,-78.823,Robbery
66913,68461,3,42.899,-78.831,Theft
66914,68462,3,42.899,-78.818,Theft of Vehicle
66915,68463,3,42.882,-78.84,Theft
66916,68464,3,42.856,-78.809,Theft
66941,68490,3,42.896,-78.809,Theft
66946,68495,3,42.885,-78.841,Robbery
66956,68505,3,42.896,-78.815,Robbery
66957,68506,3,42.899,-78.816,Theft
66980,68529,3,42.854,-78.819,Breaking & Entering
66989,68538,3,42.848,-78.808,Theft
66998,68547,3,42.898,-78.82,Theft
66999,68548,3,42.839,-78.804,Theft
67003,68552,3,42.849,-78.812,Assault
67006,68555,3,42.842,-78.812,Theft
67014,68563,3,42.872,-78.832,Theft of Vehicle
67016,68565,3,42.857,-78.829,Theft
67018,68568,3,42.855,-78.818,Robbery
67035,68585,3,42.894,-78.835,Theft
67052,68602,3,42.893,-78.824,Robbery
67056,68606,3,42.896,-78.809,Theft
67058,68608,3,42.857,-78.814,Theft
67062,68612,3,42.883,-78.836,Assault
67066,68616,3,42.872,-78.813,Breaking & Entering
67068,68618,3,42.859,-78.81,Theft
67075,68625,3,42.839,-78.818,Theft of Vehicle
67093,68643,3,42.883,-78.833,Theft
67099,68649,3,42.893,-78.822,Theft of Vehicle
67103,68653,3,42.843,-78.824,Assault
67115,68665,3,42.895,-78.825,Assault
67117,68667,3,42.847,-78.814,Theft
67129,68679,3,42.873,-78.805,Assault
67144,68696,3,42.854,-78.81,Assault
67145,68697,3,42.893,-78.837,Theft of Vehicle
67148,68700,3,42.855,-78.826,Breaking & Entering
67152,68704,3,42.867,-78.8,Breaking & Entering
67166,68718,3,42.87,-78.811,Theft
67175,68727,3,42.872,-78.803,Robbery
67176,68728,3,42.856,-78.836,Theft
67182,68734,3,42.838,-78.824,Assault
67193,68745,3,42.877,-78.804,Breaking & Entering
67204,68756,3,42.887,-78.809,Breaking & Entering
67205,68757,3,42.894,-78.804,Assault
67207,68759,3,42.898,-78.819,Breaking & Entering
67209,68761,3,42.897,-78.801,Assault
67213,68765,3,42.851,-78.813,Assault
67214,68766,3,42.876,-78.83,Theft of Vehicle
67231,68783,3,42.842,-78.82,Assault
67233,68785,3,42.895,-78.826,Robbery
67245,68797,3,42.867,-78.808,Assault
67249,68801,3,42.886,-78.803,Assault
67250,68802,3,42.849,-78.803,Breaking & Entering
67252,68804,3,42.889,-78.808,Theft
67253,68805,3,42.853,-78.807,Theft
67259,68811,3,42.892,-78.84,Breaking & Entering
67263,68815,3,42.857,-78.811,Breaking & Entering
67270,68822,3,42.845,-78.824,Theft
67273,68825,3,42.878,-78.815,Other Sexual Offense
67278,68830,3,42.896,-78.817,Assault
67288,68840,3,42.851,-78.828,Assault
67299,68851,3,42.889,-78.809,Assault
67306,68858,3,42.845,-78.825,Assault
67307,68859,3,42.851,-78.806,Theft
67308,68860,3,42.895,-78.835,Theft
67312,68864,3,42.874,-78.817,Theft
67319,68871,3,42.864,-78.818,Theft
67320,68872,3,42.871,-78.815,Theft
67325,68877,3,42.855,-78.81,Theft
67333,68885,3,42.854,-78.812,Robbery
67336,68888,3,42.891,-78.807,Theft
67344,68896,3,42.894,-78.834,Robbery
67345,68897,3,42.894,-78.838,Theft
67351,68903,3,42.891,-78.802,Theft
67352,68904,3,42.861,-78.821,Theft
67356,68908,3,42.854,-78.808,Theft of Vehicle
67357,68909,3,42.86,-78.821,Breaking & Entering
67366,68918,3,42.884,-78.84,Robbery
67367,68919,3,42.853,-78.818,Theft
67373,68925,3,42.862,-78.815,Assault
67378,68930,3,42.873,-78.805,Theft
67395,68947,3,42.895,-78.809,Assault
67403,68955,3,42.88,-78.834,Breaking & Entering
67404,68956,3,42.857,-78.829,Theft
67405,68957,3,42.836,-78.807,Theft
67408,68960,3,42.878,-78.801,Theft
67410,68962,3,42.895,-78.807,Robbery
67412,68964,3,42.843,-78.824,Theft
67416,68968,3,42.897,-78.84,Theft of Vehicle
67419,68971,3,42.896,-78.834,Breaking & Entering
67421,68973,3,42.848,-78.824,Theft
67425,68977,3,42.89,-78.8,Breaking & Entering
67433,68985,3,42.859,-78.806,Breaking & Entering
67434,68986,3,42.859,-78.826,Theft
67440,68992,3,42.855,-78.806,Breaking & Entering
67452,69004,3,42.892,-78.837,Breaking & Entering
67455,69007,3,42.846,-78.826,Theft
67463,69015,3,42.875,-78.844,Theft
67464,69016,3,42.871,-78.807,Theft
67465,69017,3,42.87,-78.845,Sexual Offense
67470,69023,3,42.898,-78.818,Breaking & Entering
67472,69025,3,42.839,-78.857,Theft
67473,69026,3,42.854,-78.806,Theft
67482,69035,3,42.879,-78.844,Theft
67483,69036,3,42.859,-78.806,Theft of Vehicle
67487,69041,3,42.847,-78.814,Theft
67488,69042,3,42.853,-78.81,Breaking & Entering
67493,69047,3,42.869,-78.83,Assault
67515,69069,3,42.886,-78.841,Robbery
67523,69078,3,42.85,-78.832,Theft of Vehicle
67525,69080,3,42.846,-78.828,Assault
67533,69088,3,42.894,-78.834,Theft
67538,69093,3,42.897,-78.824,Assault
67544,69099,3,42.845,-78.818,Theft
67547,69102,3,42.862,-78.818,Breaking & Entering
67559,69114,3,42.895,-78.829,Robbery
67572,69127,3,42.839,-78.824,Theft
67583,69138,3,42.897,-78.82,Assault
67588,69143,3,42.852,-78.824,Assault
67597,69152,3,42.866,-78.848,Theft
67599,69154,3,42.889,-78.837,Theft
67607,69162,3,42.842,-78.813,Theft
67611,69166,3,42.894,-78.837,Theft
67612,69167,3,42.855,-78.833,Theft
67615,69170,3,42.872,-78.805,Assault
67617,69172,3,42.894,-78.834,Robbery
67618,69173,3,42.848,-78.812,Assault
67619,69174,3,42.882,-78.833,Robbery
67622,69177,3,42.897,-78.804,Theft
67628,69184,3,42.879,-78.833,Breaking & Entering
67637,69193,3,42.861,-78.813,Breaking & Entering
67645,69201,3,42.868,-78.851,Robbery
67647,69203,3,42.891,-78.826,Theft of Vehicle
67660,69216,3,42.867,-78.825,Theft of Vehicle
67669,69226,3,42.85,-78.827,Breaking & Entering
67671,69228,3,42.833,-78.809,Breaking & Entering
67675,69232,3,42.846,-78.824,Theft
67698,69255,3,42.878,-78.811,Theft
67704,69261,3,42.896,-78.841,Assault
67710,69267,3,42.888,-78.838,Theft of Vehicle
67717,69274,3,42.856,-78.811,Theft
67724,69281,3,42.85,-78.831,Breaking & Entering
67733,69290,3,42.893,-78.82,Breaking & Entering
67743,69301,3,42.897,-78.814,Theft
67744,69302,3,42.859,-78.814,Breaking & Entering
67746,69304,3,42.87,-78.856,Theft of Vehicle
67749,69307,3,42.893,-78.837,Theft
67752,69311,3,42.893,-78.84,Assault
67756,69315,3,42.898,-78.807,Theft
67758,69317,3,42.853,-78.805,Breaking & Entering
67761,69320,3,42.852,-78.826,Assault
67762,69321,3,42.885,-78.84,Theft
67765,69324,3,42.894,-78.831,Robbery
67767,69326,3,42.867,-78.823,Assault
67771,69330,3,42.89,-78.802,Theft
67777,69336,3,42.894,-78.82,Theft of Vehicle
67778,69337,3,42.89,-78.808,Assault
67781,69340,3,42.896,-78.814,Breaking & Entering
67792,69351,3,42.851,-78.828,Other Sexual Offense
67802,69362,3,42.859,-78.816,Theft
67806,69366,3,42.869,-78.83,Assault
67810,69370,3,42.873,-78.842,Breaking & Entering
67813,69373,3,42.892,-78.804,Theft
67827,69387,3,42.893,-78.823,Robbery
67828,69388,3,42.856,-78.836,Theft
67835,69395,3,42.897,-78.814,Breaking & Entering
67845,69405,3,42.886,-78.842,Breaking & Entering
67848,69408,3,42.856,-78.824,Theft
67852,69412,3,42.899,-78.831,Theft
67857,69417,3,42.873,-78.807,Assault
67863,69424,3,42.897,-78.814,Assault
67871,69432,3,42.872,-78.812,Theft
67873,69434,3,42.855,-78.809,Breaking & Entering
67874,69435,3,42.841,-78.81,Theft of Vehicle
67877,69438,3,42.852,-78.803,Breaking & Entering
67878,69439,3,42.85,-78.814,Theft of Vehicle
67880,69441,3,42.863,-78.814,Assault
67884,69445,3,42.881,-78.835,Theft
67900,69461,3,42.885,-78.804,Sexual Assault
67901,69462,3,42.893,-78.805,Theft
67903,69464,3,42.897,-78.831,Theft
67911,69472,3,42.851,-78.828,Assault
67914,69475,3,42.87,-78.844,Breaking & Entering
67923,69484,3,42.897,-78.835,Assault
67926,69487,3,42.856,-78.831,Theft
67938,69499,3,42.894,-78.839,Theft
67939,69500,3,42.84,-78.827,Breaking & Entering
67941,69503,3,42.854,-78.807,Theft
67948,69510,3,42.891,-78.816,Theft
67950,69512,3,42.889,-78.805,Assault
67953,69515,3,42.894,-78.819,Breaking & Entering
67955,69517,3,42.896,-78.816,Breaking & Entering
67960,69522,3,42.872,-78.83,Theft of Vehicle
67961,69523,3,42.896,-78.815,Theft
67967,69530,3,42.853,-78.828,Assault
67969,69532,3,42.885,-78.814,Breaking & Entering
67982,69545,3,42.868,-78.837,Theft of Vehicle
67984,69547,3,42.853,-78.828,Breaking & Entering
67991,69554,3,42.851,-78.83,Theft
67996,69559,3,42.87,-78.805,Breaking & Entering
68008,69571,3,42.884,-78.839,Robbery
68020,69583,3,42.858,-78.831,Theft
68021,69584,3,42.858,-78.809,Breaking & Entering
68023,69586,3,42.841,-78.822,Theft
68030,69593,3,42.898,-78.839,Robbery
68036,69599,3,42.848,-78.823,Theft
68037,69600,3,42.895,-78.822,Assault
68039,69602,3,42.842,-78.829,Theft
68041,69604,3,42.893,-78.839,Assault
68068,69633,3,42.879,-78.801,Breaking & Entering
68070,69635,3,42.852,-78.822,Theft
68089,69654,3,42.854,-78.826,Assault
68090,69655,3,42.869,-78.832,Theft of Vehicle
68092,69657,3,42.845,-78.818,Theft
68097,69662,3,42.895,-78.823,Theft
68098,69663,3,42.851,-78.825,Theft
68104,69669,3,42.891,-78.836,Assault
68107,69672,3,42.869,-78.849,Assault
68117,69682,3,42.884,-78.839,Breaking & Entering
68120,69685,3,42.891,-78.807,Theft of Vehicle
68124,69689,3,42.838,-78.809,Theft
68130,69695,3,42.858,-78.831,Theft
68144,69709,3,42.899,-78.83,Breaking & Entering
68148,69713,3,42.865,-78.825,Theft of Vehicle
68152,69717,3,42.892,-78.806,Theft
68154,69719,3,42.894,-78.822,Robbery
68157,69722,3,42.888,-78.808,Theft
68165,69730,3,42.871,-78.85,Sexual Assault
68170,69735,3,42.853,-78.808,Theft
68176,69741,3,42.894,-78.824,Robbery
68183,69748,3,42.855,-78.822,Assault
68196,69761,3,42.888,-78.839,Robbery
68197,69762,3,42.844,-78.822,Theft
68199,69764,3,42.848,-78.812,Theft
68200,69765,3,42.879,-78.838,Breaking & Entering
68201,69766,3,42.869,-78.81,Theft
68203,69768,3,42.889,-78.843,Breaking & Entering
68211,69776,3,42.851,-78.83,Theft
68212,69777,3,42.859,-78.808,Theft
68215,69780,3,42.863,-78.813,Theft of Vehicle
68220,69785,3,42.877,-78.841,Theft
68221,69786,3,42.858,-78.822,Assault
68229,69794,3,42.835,-78.806,Theft
68246,69811,3,42.84,-78.805,Theft
68258,69824,3,42.854,-78.827,Theft of Vehicle
68261,69827,3,42.898,-78.818,Assault
68263,69829,3,42.897,-78.825,Assault
68264,69830,3,42.855,-78.809,Assault
68268,69834,3,42.896,-78.841,Breaking & Entering
68272,69838,3,42.87,-78.852,Breaking & Entering
68283,69850,3,42.842,-78.822,Theft of Vehicle
68293,69860,3,42.858,-78.823,Robbery
68303,69870,3,42.871,-78.834,Theft
68305,69872,3,42.885,-78.839,Robbery
68311,69878,3,42.871,-78.801,Theft
68312,69879,3,42.854,-78.823,Theft of Vehicle
68323,69890,3,42.898,-78.819,Assault
68326,69893,3,42.87,-78.836,Assault
68327,69894,3,42.897,-78.836,Breaking & Entering
68333,69900,3,42.878,-78.835,Breaking & Entering
68339,69906,3,42.85,-78.814,Assault
68345,69912,3,42.857,-78.814,Theft
68353,69920,3,42.891,-78.807,Theft of Vehicle
68357,69924,3,42.881,-78.835,Breaking & Entering
68362,69929,3,42.876,-78.852,Theft of Vehicle
68363,69930,3,42.879,-78.839,Assault
68365,69932,3,42.877,-78.846,Assault
68368,69935,3,42.88,-78.849,Theft of Vehicle
68369,69936,3,42.861,-78.815,Theft
68374,69941,3,42.841,-78.821,Theft
68376,69943,3,42.884,-78.846,Breaking & Entering
68379,69946,3,42.872,-78.801,Theft
68392,69959,3,42.873,-78.819,Theft
68396,69963,3,42.875,-78.804,Breaking & Entering
68404,69971,3,42.871,-78.807,Assault
68406,69973,3,42.871,-78.811,Theft
68424,69991,3,42.853,-78.824,Assault
68432,69999,3,42.857,-78.815,Assault
68440,70007,3,42.891,-78.805,Assault
68446,70014,3,42.899,-78.818,Breaking & Entering
68451,70019,3,42.851,-78.829,Theft
68453,70021,3,42.843,-78.814,Assault
68454,70022,3,42.891,-78.832,Breaking & Entering
68464,70032,3,42.898,-78.807,Theft
68465,70033,3,42.871,-78.816,Theft of Vehicle
68466,70034,3,42.841,-78.807,Theft
68467,70035,3,42.896,-78.823,Assault
68472,70040,3,42.899,-78.816,Theft
68473,70041,3,42.852,-78.819,Assault
68476,70044,3,42.855,-78.809,Breaking & Entering
68479,70047,3,42.894,-78.836,Theft
68480,70048,3,42.896,-78.841,Assault
68485,70053,3,42.88,-78.834,Theft
68490,70058,3,42.843,-78.825,Theft of Vehicle
68495,70064,3,42.892,-78.832,Breaking & Entering
68501,70070,3,42.885,-78.802,Theft
68512,70081,3,42.887,-78.837,Breaking & Entering
68531,70100,3,42.856,-78.824,Assault
68532,70101,3,42.879,-78.845,Assault
68533,70102,3,42.892,-78.844,Theft
68553,70122,3,42.873,-78.842,Assault
68554,70123,3,42.863,-78.821,Assault
68558,70127,3,42.885,-78.811,Theft
68564,70133,3,42.89,-78.805,Theft
68571,70140,3,42.888,-78.816,Assault
68572,70141,3,42.866,-78.826,Theft
68573,70142,3,42.894,-78.827,Robbery
68579,70148,3,42.898,-78.839,Theft
68588,70157,3,42.899,-78.815,Assault
68593,70162,3,42.872,-78.821,Theft
68599,70168,3,42.861,-78.812,Theft
68605,70174,3,42.837,-78.825,Assault
68615,70185,3,42.872,-78.811,Theft
68617,70187,3,42.873,-78.819,Robbery
68629,70199,3,42.882,-78.841,Breaking & Entering
68631,70201,3,42.854,-78.834,Theft
68635,70205,3,42.858,-78.813,Theft
68639,70209,3,42.898,-78.807,Robbery
68644,70214,3,42.854,-78.828,Theft of Vehicle
68651,70221,3,42.833,-78.823,Theft
68689,70259,3,42.881,-78.84,Theft
68692,70262,3,42.841,-78.809,Theft
68693,70263,3,42.898,-78.817,Theft
68697,70267,3,42.843,-78.816,Theft
68700,70270,3,42.841,-78.824,Theft
68712,70282,3,42.896,-78.816,Breaking & Entering
68713,70283,3,42.851,-78.81,Theft
68715,70285,3,42.854,-78.806,Theft
68717,70287,3,42.853,-78.82,Assault
68719,70289,3,42.881,-78.843,Assault
68720,70290,3,42.89,-78.806,Assault
68728,70298,3,42.877,-78.81,Theft
68729,70299,3,42.895,-78.82,Theft of Vehicle
68730,70300,3,42.855,-78.807,Theft of Vehicle
68748,70319,3,42.897,-78.83,Assault
68751,70322,3,42.883,-78.836,Robbery
68758,70329,3,42.865,-78.826,Theft
68760,70331,3,42.886,-78.838,Theft of Vehicle
68762,70333,3,42.872,-78.82,Robbery
68763,70335,3,42.885,-78.804,Breaking & Entering
68764,70336,3,42.891,-78.831,Theft of Vehicle
68766,70338,3,42.842,-78.819,Theft of Vehicle
68770,70342,3,42.875,-78.804,Assault
68773,70345,3,42.848,-78.824,Theft of Vehicle
68786,70358,3,42.848,-78.813,Theft
68787,70359,3,42.876,-78.853,Theft
68791,70363,3,42.898,-78.807,Theft of Vehicle
68792,70364,3,42.852,-78.824,Theft
68793,70365,3,42.875,-78.85,Theft
68807,70379,3,42.881,-78.8,Theft
68808,70380,3,42.847,-78.816,Theft
68814,70386,3,42.847,-78.812,Assault
68815,70387,3,42.887,-78.839,Assault
68816,70388,3,42.849,-78.802,Theft
68818,70390,3,42.854,-78.808,Theft
68826,70398,3,42.893,-78.843,Assault
68832,70404,3,42.841,-78.824,Theft
68845,70418,3,42.891,-78.806,Breaking & Entering
68853,70426,3,42.848,-78.824,Theft
68854,70427,3,42.837,-78.814,Theft
68859,70432,3,42.856,-78.813,Breaking & Entering
68860,70433,3,42.837,-78.818,Breaking & Entering
68865,70438,3,42.888,-78.815,Theft
68907,70481,3,42.885,-78.805,Theft
68916,70490,3,42.856,-78.812,Theft
68917,70491,3,42.856,-78.81,Theft
68919,70493,3,42.865,-78.807,Theft
68929,70503,3,42.87,-78.832,Breaking & Entering
68933,70507,3,42.841,-78.816,Theft
68940,70514,3,42.854,-78.825,Assault
68942,70516,3,42.882,-78.84,Theft
68959,70533,3,42.89,-78.802,Assault
68965,70539,3,42.884,-78.839,Theft
68969,70544,3,42.853,-78.807,Robbery
68971,70546,3,42.88,-78.841,Breaking & Entering
68975,70550,3,42.891,-78.811,Assault
68980,70555,3,42.844,-78.824,Assault
68984,70559,3,42.894,-78.834,Theft
68987,70562,3,42.897,-78.814,Assault
68990,70565,3,42.843,-78.821,Theft
68993,70568,3,42.896,-78.824,Robbery
68995,70570,3,42.848,-78.824,Assault
69001,70576,3,42.898,-78.807,Theft
69002,70577,3,42.894,-78.835,Robbery
69012,70587,3,42.893,-78.833,Robbery
69013,70588,3,42.891,-78.841,Assault
69024,70599,3,42.892,-78.833,Breaking & Entering
69031,70606,3,42.874,-78.825,Theft
69035,70610,3,42.893,-78.837,Theft
69038,70613,3,42.894,-78.834,Robbery
69047,70622,3,42.851,-78.806,Theft
69050,70625,3,42.899,-78.815,Assault
69051,70626,3,42.888,-78.809,Breaking & Entering
69063,70638,3,42.841,-78.824,Assault
69064,70639,3,42.844,-78.826,Breaking & Entering
69069,70644,3,42.895,-78.832,Assault
69077,70652,3,42.885,-78.803,Theft
69085,70661,3,42.861,-78.816,Other Sexual Offense
69090,70666,3,42.838,-78.812,Theft
69099,70675,3,42.855,-78.809,Other Sexual Offense
69100,70676,3,42.896,-78.826,Theft
69103,70679,3,42.856,-78.81,Breaking & Entering
69113,70689,3,42.852,-78.823,Breaking & Entering
69120,70696,3,42.834,-78.816,Assault
69126,70702,3,42.895,-78.83,Sexual Assault
69134,70710,3,42.858,-78.81,Assault
69136,70712,3,42.894,-78.821,Theft
69137,70713,3,42.897,-78.84,Theft
69142,70718,3,42.892,-78.827,Assault
69143,70719,3,42.895,-78.82,Breaking & Entering
69156,70732,3,42.856,-78.81,Assault
69158,70734,3,42.837,-78.813,Theft
69181,70758,3,42.87,-78.808,Assault
69185,70762,3,42.899,-78.839,Theft
69186,70764,3,42.893,-78.841,Theft
69191,70769,3,42.851,-78.802,Theft of Vehicle
69202,70780,3,42.849,-78.821,Assault
69212,70790,3,42.898,-78.82,Theft
69214,70792,3,42.866,-78.851,Assault
69215,70793,3,42.881,-78.836,Breaking & Entering
69225,70803,3,42.862,-78.815,Breaking & Entering
69228,70806,3,42.846,-78.819,Theft
69236,70814,3,42.858,-78.825,Robbery
69242,70820,3,42.899,-78.82,Theft
69254,70832,3,42.895,-78.827,Robbery
69265,70843,3,42.892,-78.837,Robbery
69270,70848,3,42.854,-78.835,Theft
69277,70855,3,42.858,-78.813,Theft
69297,70875,3,42.892,-78.83,Theft of Vehicle
69298,70876,3,42.899,-78.81,Theft
69303,70881,3,42.899,-78.82,Breaking & Entering
69310,70888,3,42.852,-78.806,Theft
69311,70889,3,42.885,-78.814,Robbery
69313,70891,3,42.877,-78.845,Theft
69321,70899,3,42.872,-78.815,Breaking & Entering
69328,70906,3,42.898,-78.806,Theft of Vehicle
69338,70916,3,42.857,-78.832,Theft
69345,70923,3,42.872,-78.812,Sexual Assault
69348,70926,3,42.88,-78.802,Theft
69352,70930,3,42.836,-78.81,Theft
69358,70936,3,42.85,-78.814,Breaking & Entering
69360,70938,3,42.872,-78.806,Theft
69362,70940,3,42.858,-78.807,Theft of Vehicle
69363,70941,3,42.883,-78.843,Theft
69366,70944,3,42.833,-78.821,Theft
69378,70956,3,42.841,-78.825,Assault
69379,70957,3,42.88,-78.841,Breaking & Entering
69381,70959,3,42.891,-78.837,Homicide
69394,70972,3,42.854,-78.809,Robbery
69397,70975,3,42.887,-78.815,Breaking & Entering
69412,70990,3,42.857,-78.808,Theft
69413,70991,3,42.898,-78.807,Theft
69417,70995,3,42.891,-78.826,Theft
69420,70999,3,42.853,-78.804,Theft
69423,71002,3,42.845,-78.824,Theft
69426,71005,3,42.857,-78.811,Theft
69431,71010,3,42.891,-78.838,Theft
69437,71016,3,42.869,-78.8,Theft
69438,71017,3,42.898,-78.807,Robbery
69440,71019,3,42.89,-78.815,Assault
69442,71021,3,42.845,-78.829,Breaking & Entering
69444,71023,3,42.894,-78.824,Theft
69448,71027,3,42.894,-78.819,Theft
69452,71031,3,42.872,-78.815,Theft
69463,71042,3,42.842,-78.821,Theft
69467,71046,3,42.847,-78.824,Theft of Vehicle
69469,71048,3,42.885,-78.804,Assault
69474,71053,3,42.846,-78.824,Breaking & Entering
69477,71056,3,42.861,-78.802,Breaking & Entering
69479,71058,3,42.858,-78.811,Assault
69483,71062,3,42.869,-78.828,Breaking & Entering
69502,71081,3,42.868,-78.808,Breaking & Entering
69508,71087,3,42.878,-78.801,Theft
69511,71090,3,42.898,-78.83,Breaking & Entering
69512,71091,3,42.842,-78.821,Assault
69514,71093,3,42.879,-78.842,Theft
69523,71102,3,42.897,-78.831,Theft
69524,71103,3,42.874,-78.826,Robbery
69528,71107,3,42.89,-78.832,Breaking & Entering
69533,71112,3,42.842,-78.829,Breaking & Entering
69539,71118,3,42.855,-78.831,Breaking & Entering
69542,71121,3,42.879,-78.802,Breaking & Entering
69550,71129,3,42.885,-78.814,Theft
69557,71136,3,42.886,-78.815,Breaking & Entering
69562,71141,3,42.895,-78.82,Theft
69565,71144,3,42.895,-78.831,Breaking & Entering
69568,71147,3,42.868,-78.802,Theft of Vehicle
69570,71149,3,42.886,-78.839,Assault
69574,71153,3,42.844,-78.824,Theft
69585,71164,3,42.885,-78.811,Theft of Vehicle
69586,71165,3,42.852,-78.805,Assault
69590,71169,3,42.87,-78.846,Theft
69591,71170,3,42.877,-78.848,Theft
69592,71171,3,42.894,-78.823,Theft
69596,71175,3,42.855,-78.809,Assault
69606,71185,3,42.895,-78.828,Breaking & Entering
69619,71198,3,42.88,-78.835,Theft
69624,71203,3,42.872,-78.853,Theft
69628,71207,3,42.871,-78.836,Assault
69631,71210,3,42.832,-78.833,Theft
69647,71226,3,42.896,-78.818,Robbery
69656,71235,3,42.897,-78.835,Robbery
69657,71236,3,42.883,-78.839,Breaking & Entering
69658,71237,3,42.849,-78.814,Theft
69659,71238,3,42.86,-78.825,Robbery
69662,71241,3,42.835,-78.822,Theft
69664,71243,3,42.889,-78.808,Theft
69666,71245,3,42.853,-78.83,Breaking & Entering
69667,71246,3,42.896,-78.835,Breaking & Entering
69668,71247,3,42.894,-78.802,Breaking & Entering
69672,71251,3,42.853,-78.828,Breaking & Entering
69677,71256,3,42.888,-78.8,Assault
69679,71258,3,42.84,-78.808,Theft
69680,71259,3,42.892,-78.803,Assault
69686,71265,3,42.854,-78.833,Breaking & Entering
69696,71275,3,42.891,-78.836,Theft of Vehicle
69702,71281,3,42.855,-78.807,Theft
69703,71282,3,42.87,-78.828,Theft
69708,71287,3,42.856,-78.808,Assault
69712,71291,3,42.853,-78.803,Assault
69718,71297,3,42.853,-78.829,Other Sexual Offense
69732,71311,3,42.871,-78.844,Theft
69748,71327,3,42.857,-78.809,Theft
69753,71332,3,42.833,-78.803,Theft
69760,71339,3,42.868,-78.81,Theft of Vehicle
69782,71361,3,42.891,-78.832,Assault
69783,71362,3,42.888,-78.816,Theft
69784,71364,3,42.848,-78.812,Theft
69786,71366,3,42.896,-78.82,Assault
69787,71367,3,42.871,-78.804,Breaking & Entering
69790,71370,3,42.897,-78.823,Assault
69793,71373,3,42.842,-78.816,Theft
69806,71386,3,42.847,-78.855,Theft
69816,71396,3,42.881,-78.836,Assault
69820,71400,3,42.839,-78.823,Theft
69824,71404,3,42.856,-78.834,Theft
69835,71415,3,42.858,-78.813,Theft
69847,71427,3,42.856,-78.826,Assault
69848,71428,3,42.897,-78.812,Breaking & Entering
69850,71430,3,42.896,-78.836,Assault
69856,71436,3,42.872,-78.852,Breaking & Entering
69869,71450,3,42.851,-78.801,Breaking & Entering
69891,71472,3,42.839,-78.813,Theft
69911,71493,3,42.879,-78.845,Assault
69912,71494,3,42.839,-78.824,Robbery
69913,71495,3,42.859,-78.805,Theft of Vehicle
69926,71508,3,42.897,-78.814,Theft
69927,71509,3,42.855,-78.809,Theft
69941,71524,3,42.868,-78.848,Breaking & Entering
69944,71527,3,42.852,-78.811,Theft of Vehicle
69949,71532,3,42.839,-78.807,Theft
69959,71543,3,42.848,-78.812,Assault
69969,71553,3,42.875,-78.802,Assault
69973,71557,3,42.896,-78.826,Theft
69979,71563,3,42.872,-78.815,Assault
69987,71571,3,42.869,-78.807,Theft
70003,71587,3,42.855,-78.821,Robbery
70007,71591,3,42.89,-78.811,Robbery
70014,71598,3,42.888,-78.815,Theft
70018,71602,3,42.858,-78.813,Breaking & Entering
70019,71603,3,42.857,-78.829,Assault
70028,71612,3,42.85,-78.824,Assault
70030,71614,3,42.896,-78.819,Breaking & Entering
70032,71616,3,42.895,-78.824,Theft
70035,71619,3,42.896,-78.84,Theft
70041,71625,3,42.88,-78.839,Breaking & Entering
70043,71627,3,42.89,-78.802,Theft
70044,71628,3,42.853,-78.808,Breaking & Entering
70054,71638,3,42.86,-78.806,Theft of Vehicle
70057,71641,3,42.884,-78.839,Robbery
70065,71649,3,42.896,-78.823,Breaking & Entering
70070,71654,3,42.852,-78.826,Robbery
70071,71655,3,42.881,-78.801,Theft
70075,71659,3,42.89,-78.837,Theft
70076,71660,3,42.857,-78.812,Theft
70088,71672,3,42.898,-78.8,Theft of Vehicle
70097,71681,3,42.844,-78.828,Theft of Vehicle
70102,71686,3,42.871,-78.838,Assault
70110,71694,3,42.897,-78.819,Theft
70116,71700,3,42.892,-78.833,Theft
70117,71701,3,42.853,-78.805,Theft
70118,71702,3,42.866,-78.858,Theft
70121,71705,3,42.855,-78.808,Assault
70125,71709,3,42.855,-78.827,Theft
70130,71714,3,42.896,-78.816,Theft of Vehicle
70133,71717,3,42.89,-78.838,Theft of Vehicle
70147,71731,3,42.889,-78.837,Theft of Vehicle
70149,71733,3,42.887,-78.809,Robbery
70152,71736,3,42.895,-78.842,Assault
70158,71742,3,42.892,-78.81,Breaking & Entering
70170,71754,3,42.88,-78.842,Theft
70171,71755,3,42.86,-78.806,Assault
70173,71757,3,42.883,-78.808,Theft
70176,71760,3,42.848,-78.824,Assault
70194,71778,3,42.839,-78.824,Theft
70198,71782,3,42.898,-78.807,Theft
70199,71783,3,42.895,-78.82,Breaking & Entering
70200,71784,3,42.872,-78.842,Breaking & Entering
70201,71785,3,42.896,-78.832,Other Sexual Offense
70203,71787,3,42.868,-78.849,Assault
70214,71798,3,42.898,-78.834,Theft
70222,71806,3,42.894,-78.833,Robbery
70228,71812,3,42.837,-78.824,Theft
70229,71813,3,42.89,-78.838,Robbery
70237,71821,3,42.852,-78.801,Assault
70247,71831,3,42.871,-78.835,Theft
70248,71832,3,42.848,-78.812,Assault
70257,71841,3,42.895,-78.802,Theft
70260,71844,3,42.845,-78.823,Theft
70263,71848,3,42.833,-78.824,Other Sexual Offense
70272,71857,3,42.889,-78.808,Theft
70278,71863,3,42.869,-78.81,Assault
70285,71870,3,42.85,-78.831,Assault
70288,71873,3,42.835,-78.823,Theft of Vehicle
70289,71874,3,42.868,-78.807,Assault
70291,71876,3,42.875,-78.806,Breaking & Entering
70297,71882,3,42.853,-78.832,Assault
70298,71883,3,42.89,-78.802,Assault
70301,71886,3,42.839,-78.824,Theft
70306,71891,3,42.892,-78.81,Assault
70308,71893,3,42.892,-78.805,Assault
70314,71899,3,42.873,-78.804,Theft of Vehicle
70319,71904,3,42.85,-78.812,Assault
70325,71910,3,42.851,-78.806,Assault
70331,71917,3,42.887,-78.807,Theft
70335,71921,3,42.856,-78.824,Assault
70344,71930,3,42.859,-78.809,Assault
70346,71932,3,42.858,-78.813,Breaking & Entering
70352,71938,3,42.897,-78.824,Breaking & Entering
70354,71940,3,42.842,-78.809,Assault
70362,71948,3,42.853,-78.824,Breaking & Entering
70368,71954,3,42.86,-78.822,Assault
70369,71955,3,42.871,-78.85,Assault
70381,71967,3,42.88,-78.835,Sexual Offense
70388,71974,3,42.894,-78.841,Breaking & Entering
70396,71982,3,42.885,-78.84,Theft
70398,71984,3,42.868,-78.837,Theft
70408,71994,3,42.89,-78.808,Assault
70412,71999,3,42.891,-78.834,Assault
70429,72016,3,42.882,-78.841,Assault
70434,72021,3,42.85,-78.803,Robbery
70441,72028,3,42.89,-78.802,Theft
70449,72036,3,42.833,-78.821,Theft
70450,72037,3,42.898,-78.807,Theft
70452,72039,3,42.892,-78.815,Theft
70454,72041,3,42.869,-78.806,Theft
70457,72044,3,42.886,-78.843,Assault
70459,72046,3,42.893,-78.821,Breaking & Entering
70462,72049,3,42.85,-78.803,Assault
70487,72075,3,42.873,-78.804,Theft
70493,72081,3,42.887,-78.843,Theft
70500,72088,3,42.835,-78.814,Breaking & Entering
70501,72089,3,42.851,-78.805,Assault
70505,72093,3,42.847,-78.816,Theft of Vehicle
70508,72096,3,42.893,-78.824,Breaking & Entering
70513,72101,3,42.891,-78.807,Breaking & Entering
70529,72117,3,42.868,-78.846,Assault
70530,72118,3,42.853,-78.824,Assault
70534,72122,3,42.895,-78.836,Other Sexual Offense
70537,72125,3,42.852,-78.817,Breaking & Entering
70538,72126,3,42.893,-78.809,Assault
70539,72127,3,42.886,-78.802,Breaking & Entering
70546,72134,3,42.892,-78.823,Robbery
70549,72137,3,42.875,-78.817,Breaking & Entering
70550,72138,3,42.897,-78.838,Theft of Vehicle
70553,72141,3,42.834,-78.816,Theft
70559,72147,3,42.846,-78.832,Theft
70563,72151,3,42.898,-78.806,Theft
70569,72157,3,42.86,-78.818,Assault
70571,72159,3,42.869,-78.834,Theft
70572,72160,3,42.899,-78.81,Theft
70582,72170,3,42.858,-78.832,Breaking & Entering
70598,72186,3,42.849,-78.828,Breaking & Entering
70603,72191,3,42.895,-78.83,Robbery
70611,72199,3,42.853,-78.832,Assault
70628,72216,3,42.869,-78.832,Sexual Assault
70642,72231,3,42.895,-78.827,Assault
70645,72234,3,42.884,-78.835,Assault
70649,72238,3,42.894,-78.835,Theft
70653,72242,3,42.873,-78.811,Assault
70654,72243,3,42.896,-78.816,Theft
70665,72254,3,42.871,-78.834,Assault
70666,72255,3,42.85,-78.815,Robbery
70668,72257,3,42.899,-78.815,Theft
70670,72259,3,42.898,-78.839,Assault
70675,72264,3,42.854,-78.807,Theft
70677,72266,3,42.892,-78.839,Breaking & Entering
70680,72269,3,42.89,-78.812,Breaking & Entering
70682,72271,3,42.849,-78.831,Theft
70685,72274,3,42.887,-78.808,Theft
70694,72283,3,42.894,-78.842,Breaking & Entering
70713,72302,3,42.892,-78.835,Assault
70719,72308,3,42.877,-78.814,Theft
70726,72315,3,42.893,-78.837,Theft
70729,72318,3,42.858,-78.831,Theft
70747,72336,3,42.896,-78.82,Breaking & Entering
70749,72338,3,42.894,-78.83,Theft
70760,72349,3,42.839,-78.822,Theft
70763,72352,3,42.898,-78.803,Breaking & Entering
70764,72353,3,42.894,-78.83,Assault
70765,72354,3,42.899,-78.81,Theft
70775,72364,3,42.833,-78.824,Assault
70796,72385,3,42.885,-78.838,Theft
70820,72411,3,42.886,-78.81,Robbery
70831,72422,3,42.861,-78.816,Robbery
70837,72429,3,42.899,-78.817,Theft of Vehicle
70844,72436,3,42.871,-78.804,Assault
70848,72441,3,42.895,-78.83,Assault
70850,72443,3,42.895,-78.835,Breaking & Entering
70851,72444,3,42.855,-78.81,Theft
70853,72446,3,42.888,-78.815,Theft
70875,72469,3,42.87,-78.851,Theft
70879,72473,3,42.858,-78.831,Theft
70883,72477,3,42.858,-78.813,Theft
70887,72481,3,42.85,-78.802,Theft
70889,72483,3,42.881,-78.843,Theft
70896,72490,3,42.864,-78.801,Breaking & Entering
70904,72498,3,42.858,-78.831,Theft
70905,72499,3,42.835,-78.805,Theft of Vehicle
70911,72505,3,42.87,-78.839,Theft
70916,72510,3,42.87,-78.847,Assault
70922,72516,3,42.857,-78.829,Theft
70923,72517,3,42.885,-78.839,Theft
70926,72520,3,42.896,-78.835,Breaking & Entering
70929,72523,3,42.891,-78.835,Assault
70932,72526,3,42.869,-78.803,Theft
70935,72529,3,42.895,-78.837,Assault
70942,72536,3,42.892,-78.831,Breaking & Entering
70960,72554,3,42.851,-78.818,Sexual Assault
70968,72562,3,42.872,-78.804,Homicide
70971,72565,3,42.877,-78.81,Breaking & Entering
70975,72569,3,42.886,-78.806,Assault
70977,72571,3,42.89,-78.8,Breaking & Entering
70988,72582,3,42.898,-78.817,Breaking & Entering
71000,72594,3,42.889,-78.838,Breaking & Entering
71009,72603,3,42.898,-78.801,Theft
71011,72605,3,42.898,-78.807,Theft
71016,72610,3,42.856,-78.828,Theft
71017,72611,3,42.893,-78.837,Robbery
71028,72622,3,42.875,-78.831,Theft
71029,72623,3,42.876,-78.849,Theft
71034,72628,3,42.876,-78.85,Theft
71044,72638,3,42.844,-78.826,Theft
71045,72639,3,42.852,-78.801,Theft
71053,72647,3,42.849,-78.802,Assault
71056,72650,3,42.895,-78.823,Theft
71061,72655,3,42.841,-78.832,Theft
71066,72660,3,42.882,-78.831,Theft
71067,72661,3,42.833,-78.824,Theft
71086,72680,3,42.849,-78.813,Theft
71091,72685,3,42.879,-78.832,Robbery
71107,72701,3,42.86,-78.825,Theft
71109,72703,3,42.882,-78.848,Assault
71115,72709,3,42.893,-78.837,Breaking & Entering
71116,72710,3,42.884,-78.829,Theft
71119,72713,3,42.893,-78.837,Theft
71123,72717,3,42.872,-78.803,Theft
71126,72720,3,42.854,-78.829,Other Sexual Offense
71128,72722,3,42.85,-78.803,Theft of Vehicle
71129,72723,3,42.842,-78.83,Breaking & Entering
71133,72727,3,42.891,-78.842,Assault
71142,72736,3,42.895,-78.84,Breaking & Entering
71170,72764,3,42.851,-78.823,Theft
71184,72779,3,42.885,-78.806,Breaking & Entering
71185,72780,3,42.834,-78.821,Breaking & Entering
71193,72788,3,42.853,-78.82,Assault
71197,72792,3,42.853,-78.823,Assault
71205,72800,3,42.87,-78.81,Assault
71214,72809,3,42.855,-78.812,Theft of Vehicle
71225,72820,3,42.86,-78.821,Theft
71228,72823,3,42.899,-78.81,Theft
71230,72825,3,42.896,-78.815,Theft
71242,72837,3,42.897,-78.833,Theft of Vehicle
71248,72843,3,42.853,-78.824,Theft
71249,72844,3,42.893,-78.838,Theft
71255,72850,3,42.873,-78.826,Theft of Vehicle
71258,72853,3,42.896,-78.809,Breaking & Entering
71263,72858,3,42.857,-78.809,Theft
71266,72861,3,42.895,-78.82,Other Sexual Offense
71268,72863,3,42.871,-78.81,Assault
71269,72864,3,42.833,-78.822,Theft
71270,72865,3,42.896,-78.818,Theft
71277,72873,3,42.892,-78.802,Assault
71287,72884,3,42.858,-78.813,Breaking & Entering
71299,72896,3,42.896,-78.836,Assault
71308,72905,3,42.854,-78.816,Theft
71309,72906,3,42.847,-78.828,Assault
71311,72908,3,42.887,-78.8,Theft of Vehicle
71316,72913,3,42.879,-78.84,Theft
71320,72917,3,42.844,-78.812,Theft
71324,72921,3,42.893,-78.821,Breaking & Entering
71332,72930,3,42.898,-78.807,Theft
71335,72933,3,42.896,-78.809,Robbery
71336,72934,3,42.842,-78.828,Theft
71340,72938,3,42.868,-78.806,Theft
71350,72948,3,42.855,-78.834,Theft
71355,72953,3,42.838,-78.808,Theft
71358,72956,3,42.87,-78.848,Assault
71364,72962,3,42.853,-78.805,Theft
71365,72963,3,42.88,-78.842,Assault
71375,72973,3,42.867,-78.807,Theft
71382,72980,3,42.886,-78.802,Theft
71393,72991,3,42.871,-78.81,Breaking & Entering
71400,72998,3,42.871,-78.853,Theft of Vehicle
71401,72999,3,42.851,-78.802,Assault
71410,73008,3,42.881,-78.849,Theft of Vehicle
71421,73019,3,42.894,-78.835,Breaking & Entering
71422,73020,3,42.839,-78.816,Theft of Vehicle
71424,73022,3,42.842,-78.815,Breaking & Entering
71425,73023,3,42.872,-78.804,Breaking & Entering
71428,73026,3,42.89,-78.815,Theft
71429,73027,3,42.855,-78.824,Breaking & Entering
71430,73028,3,42.881,-78.834,Theft
71431,73029,3,42.897,-78.84,Theft of Vehicle
71432,73030,3,42.893,-78.82,Breaking & Entering
71453,73052,3,42.893,-78.839,Theft of Vehicle
71468,73068,3,42.897,-78.838,Assault
71482,73082,3,42.852,-78.805,Theft
71484,73084,3,42.851,-78.803,Theft
71486,73086,3,42.886,-78.84,Breaking & Entering
71489,73089,3,42.886,-78.802,Theft
71491,73091,3,42.89,-78.801,Assault
71501,73101,3,42.89,-78.801,Theft of Vehicle
71502,73102,3,42.856,-78.825,Theft of Vehicle
71505,73105,3,42.881,-78.805,Theft
71515,73115,3,42.879,-78.841,Assault
71526,73126,3,42.869,-78.81,Assault
71527,73127,3,42.887,-78.815,Assault
71528,73128,3,42.868,-78.855,Breaking & Entering
71535,73135,3,42.887,-78.802,Theft
71546,73146,3,42.86,-78.818,Theft of Vehicle
71547,73147,3,42.857,-78.833,Theft of Vehicle
71557,73158,3,42.842,-78.831,Theft
71560,73161,3,42.859,-78.811,Theft
71561,73162,3,42.869,-78.834,Breaking & Entering
71576,73177,3,42.854,-78.82,Theft
71581,73182,3,42.886,-78.838,Theft
71594,73195,3,42.896,-78.817,Theft
71601,73202,3,42.833,-78.819,Theft
71604,73205,3,42.848,-78.824,Theft
71606,73207,3,42.861,-78.815,Theft of Vehicle
71612,73213,3,42.871,-78.805,Theft
71614,73215,3,42.857,-78.812,Theft
71617,73218,3,42.845,-78.824,Theft
71618,73219,3,42.895,-78.838,Assault
71642,73244,3,42.851,-78.803,Assault
71644,73246,3,42.876,-78.826,Breaking & Entering
71650,73252,3,42.894,-78.821,Breaking & Entering
71658,73260,3,42.873,-78.842,Breaking & Entering
71660,73262,3,42.87,-78.848,Assault
71662,73264,3,42.894,-78.825,Assault
71664,73267,3,42.889,-78.81,Assault
71675,73281,3,42.898,-78.817,Theft
71681,73287,3,42.848,-78.812,Assault
71689,73295,3,42.856,-78.832,Assault
71691,73297,3,42.877,-78.847,Theft
71695,73301,3,42.846,-78.828,Theft
71706,73312,3,42.896,-78.82,Theft
71712,73318,3,42.872,-78.853,Theft
71719,73325,3,42.864,-78.825,Breaking & Entering
71732,73338,3,42.857,-78.816,Theft
71753,73359,3,42.858,-78.813,Theft
71757,73364,3,42.851,-78.806,Breaking & Entering
71758,73365,3,42.836,-78.818,Theft
71763,73371,3,42.857,-78.827,Theft
71765,73373,3,42.887,-78.807,Theft
71766,73374,3,42.899,-78.832,Theft of Vehicle
71767,73375,3,42.842,-78.808,Assault
71776,73385,3,42.851,-78.823,Theft
71780,73389,3,42.872,-78.807,Assault
71784,73393,3,42.858,-78.83,Theft
71788,73397,3,42.876,-78.828,Theft
71800,73409,3,42.878,-78.834,Assault
71803,73412,3,42.837,-78.826,Theft
71818,73427,3,42.848,-78.824,Assault
71824,73433,3,42.891,-78.843,Breaking & Entering
71833,73442,3,42.895,-78.839,Theft
71839,73449,3,42.896,-78.8,Theft
71845,73455,3,42.871,-78.815,Theft
71846,73456,3,42.881,-78.801,Theft
71847,73457,3,42.849,-78.816,Assault
71849,73459,3,42.863,-78.809,Robbery
71853,73463,3,42.862,-78.815,Theft
71859,73469,3,42.874,-78.817,Assault
71863,73473,3,42.896,-78.841,Assault
71869,73479,3,42.898,-78.841,Theft
71870,73480,3,42.835,-78.823,Theft
71877,73487,3,42.852,-78.824,Breaking & Entering
71880,73490,3,42.854,-78.829,Theft
71881,73491,3,42.895,-78.83,Theft of Vehicle
71884,73494,3,42.857,-78.826,Theft
71887,73497,3,42.897,-78.832,Theft
71891,73501,3,42.843,-78.824,Assault
71892,73502,3,42.86,-78.807,Theft
71895,73505,3,42.897,-78.82,Breaking & Entering
71900,73510,3,42.873,-78.842,Theft
71906,73516,3,42.854,-78.812,Theft
71910,73520,3,42.896,-78.816,Theft
71913,73523,3,42.889,-78.801,Assault
71916,73526,3,42.852,-78.805,Theft
71925,73536,3,42.858,-78.813,Robbery
71926,73537,3,42.867,-78.832,Theft of Vehicle
71927,73538,3,42.899,-78.818,Theft
71932,73543,3,42.851,-78.806,Assault
71935,73546,3,42.898,-78.807,Theft
71943,73554,3,42.873,-78.843,Theft of Vehicle
71945,73556,3,42.87,-78.833,Theft of Vehicle
71947,73558,3,42.875,-78.804,Theft of Vehicle
71962,73573,3,42.893,-78.838,Theft
71971,73582,3,42.849,-78.817,Assault
71982,73594,3,42.87,-78.832,Theft of Vehicle
71984,73596,3,42.837,-78.815,Theft of Vehicle
71985,73597,3,42.869,-78.806,Theft
71990,73602,3,42.86,-78.814,Theft
71992,73604,3,42.85,-78.815,Theft
71996,73608,3,42.858,-78.823,Assault
71997,73609,3,42.864,-78.821,Assault
72006,73618,3,42.835,-78.809,Assault
72008,73620,3,42.891,-78.814,Theft
72015,73628,3,42.848,-78.812,Robbery
72017,73630,3,42.879,-78.836,Theft
72019,73632,3,42.847,-78.833,Theft
72020,73633,3,42.886,-78.802,Theft
72022,73635,3,42.856,-78.816,Breaking & Entering
72025,73638,3,42.879,-78.842,Assault
72033,73646,3,42.866,-78.823,Theft
72037,73650,3,42.893,-78.824,Assault
72046,73659,3,42.834,-78.81,Homicide
72048,73661,3,42.857,-78.812,Theft
72053,73667,3,42.892,-78.838,Breaking & Entering
72061,73675,3,42.853,-78.823,Theft
72065,73679,3,42.839,-78.811,Breaking & Entering
72072,73687,3,42.859,-78.812,Assault
72073,73688,3,42.851,-78.805,Theft
72074,73689,3,42.891,-78.835,Breaking & Entering
72076,73691,3,42.852,-78.801,Assault
72078,73693,3,42.858,-78.831,Theft
72085,73700,3,42.868,-78.81,Theft
72091,73706,3,42.841,-78.81,Theft
72092,73707,3,42.895,-78.837,Theft
72096,73711,3,42.851,-78.814,Theft of Vehicle
72108,73724,3,42.877,-78.851,Assault
72120,73736,3,42.897,-78.836,Assault
72122,73738,3,42.868,-78.848,Theft
72125,73741,3,42.891,-78.831,Breaking & Entering
72130,73746,3,42.882,-78.832,Breaking & Entering
72141,73757,3,42.854,-78.827,Theft of Vehicle
72145,73761,3,42.898,-78.807,Theft
72146,73762,3,42.842,-78.822,Breaking & Entering
72150,73766,3,42.856,-78.829,Theft
72151,73767,3,42.895,-78.827,Theft of Vehicle
72152,73768,3,42.892,-78.835,Homicide
72153,73769,3,42.859,-78.811,Assault
72155,73771,3,42.879,-78.836,Breaking & Entering
72158,73774,3,42.844,-78.825,Theft of Vehicle
72162,73778,3,42.87,-78.808,Theft
72171,73787,3,42.854,-78.808,Assault
72178,73794,3,42.893,-78.843,Assault
72180,73796,3,42.89,-78.802,Theft
72185,73801,3,42.875,-78.832,Theft
72197,73813,3,42.893,-78.827,Assault
72199,73815,3,42.852,-78.801,Breaking & Entering
72201,73817,3,42.893,-78.839,Robbery
72203,73819,3,42.89,-78.805,Breaking & Entering
72211,73827,3,42.832,-78.811,Theft
72217,73833,3,42.896,-78.8,Assault
72224,73840,3,42.859,-78.816,Theft of Vehicle
72227,73843,3,42.877,-78.814,Breaking & Entering
72235,73851,3,42.826,-78.834,Theft of Vehicle
72237,73853,3,42.892,-78.84,Theft of Vehicle
72238,73854,3,42.873,-78.818,Breaking & Entering
72239,73855,3,42.843,-78.825,Breaking & Entering
72240,73856,3,42.852,-78.801,Theft
72242,73858,3,42.889,-78.835,Breaking & Entering
72245,73861,3,42.874,-78.804,Assault
72251,73867,3,42.839,-78.814,Theft
72253,73869,3,42.86,-78.822,Assault
72255,73871,3,42.878,-78.836,Theft
72256,73872,3,42.899,-78.81,Theft
72263,73879,3,42.878,-78.836,Theft
72276,73892,3,42.878,-78.801,Theft
72281,73898,3,42.848,-78.824,Sexual Assault
72284,73901,3,42.855,-78.827,Theft of Vehicle
72290,73907,3,42.871,-78.845,Breaking & Entering
72292,73909,3,42.856,-78.809,Theft
72293,73910,3,42.878,-78.836,Robbery
72294,73911,3,42.873,-78.801,Breaking & Entering
72295,73912,3,42.893,-78.838,Theft
72310,73927,3,42.888,-78.841,Theft
72319,73937,3,42.836,-78.818,Theft of Vehicle
72331,73949,3,42.872,-78.81,Theft
72334,73952,3,42.857,-78.824,Assault
72336,73954,3,42.847,-78.824,Robbery
72349,73967,3,42.858,-78.817,Assault
72358,73977,3,42.894,-78.835,Theft
72366,73986,3,42.885,-78.814,Theft
72373,73994,3,42.855,-78.81,Theft
72378,73999,3,42.874,-78.805,Assault
72380,74001,3,42.873,-78.853,Breaking & Entering
72387,74008,3,42.895,-78.809,Assault
72390,74011,3,42.838,-78.823,Assault
72393,74014,3,42.899,-78.81,Theft
72397,74018,3,42.864,-78.8,Theft
72410,74031,3,42.845,-78.809,Assault
72415,74036,3,42.892,-78.804,Theft
72416,74037,3,42.898,-78.838,Robbery
72421,74043,3,42.871,-78.809,Theft
72424,74046,3,42.864,-78.825,Theft of Vehicle
72426,74048,3,42.894,-78.829,Theft
72431,74054,3,42.875,-78.85,Theft
72432,74055,3,42.896,-78.82,Assault
72439,74062,3,42.872,-78.807,Theft
72442,74065,3,42.898,-78.839,Assault
72452,74075,3,42.872,-78.81,Assault
72459,74082,3,42.899,-78.816,Assault
72460,74083,3,42.87,-78.849,Assault
72470,74093,3,42.894,-78.835,Assault
72475,74098,3,42.858,-78.813,Theft
72486,74109,3,42.853,-78.832,Breaking & Entering
72493,74116,3,42.87,-78.834,Assault
72497,74120,3,42.883,-78.845,Theft
72506,74129,3,42.898,-78.818,Breaking & Entering
72510,74133,3,42.875,-78.806,Assault
72512,74135,3,42.892,-78.837,Robbery
72517,74140,3,42.884,-78.829,Theft
72520,74143,3,42.863,-78.819,Theft
72521,74145,3,42.87,-78.85,Theft of Vehicle
72523,74147,3,42.872,-78.812,Breaking & Entering
72526,74150,3,42.878,-78.83,Breaking & Entering
72536,74160,3,42.897,-78.82,Robbery
72541,74165,3,42.885,-78.842,Breaking & Entering
72546,74171,3,42.896,-78.835,Assault
72548,74173,3,42.858,-78.804,Assault
72561,74186,3,42.853,-78.831,Assault
72568,74193,3,42.858,-78.821,Assault
72570,74195,3,42.884,-78.824,Assault
72578,74203,3,42.849,-78.818,Theft
72586,74211,3,42.887,-78.84,Breaking & Entering
72605,74230,3,42.897,-78.814,Theft
72608,74233,3,42.872,-78.804,Theft
72611,74236,3,42.833,-78.821,Assault
72623,74248,3,42.871,-78.837,Breaking & Entering
72636,74261,3,42.895,-78.83,Assault
72638,74263,3,42.833,-78.803,Assault
72640,74265,3,42.898,-78.807,Theft
72641,74266,3,42.832,-78.811,Theft
72644,74269,3,42.846,-78.81,Theft
72645,74270,3,42.878,-78.836,Assault
72654,74280,3,42.892,-78.832,Theft
72656,74282,3,42.873,-78.814,Breaking & Entering
72658,74284,3,42.892,-78.806,Breaking & Entering
72664,74290,3,42.896,-78.832,Theft
72668,74294,3,42.888,-78.811,Breaking & Entering
72677,74303,3,42.881,-78.843,Theft
72678,74304,3,42.872,-78.806,Assault
72680,74306,3,42.846,-78.821,Theft
72686,74312,3,42.899,-78.836,Breaking & Entering
72693,74319,3,42.889,-78.84,Robbery
72702,74328,3,42.853,-78.808,Breaking & Entering
72706,74332,3,42.853,-78.832,Assault
72707,74333,3,42.875,-78.83,Breaking & Entering
72711,74337,3,42.873,-78.809,Breaking & Entering
72712,74338,3,42.896,-78.835,Robbery
72722,74348,3,42.862,-78.815,Breaking & Entering
72724,74350,3,42.854,-78.808,Breaking & Entering
72735,74361,3,42.86,-78.817,Breaking & Entering
72736,74362,3,42.896,-78.834,Theft of Vehicle
72751,74378,3,42.843,-78.821,Theft of Vehicle
72753,74380,3,42.848,-78.824,Assault
72762,74389,3,42.888,-78.805,Theft of Vehicle
72773,74400,3,42.897,-78.836,Breaking & Entering
72776,74403,3,42.854,-78.809,Theft
72780,74407,3,42.883,-78.839,Theft
72789,74416,3,42.878,-78.802,Theft
72811,74438,3,42.833,-78.82,Theft of Vehicle
72836,74463,3,42.848,-78.801,Assault
72837,74464,3,42.856,-78.808,Assault
72844,74471,3,42.894,-78.835,Theft
72846,74473,3,42.895,-78.84,Breaking & Entering
72849,74476,3,42.851,-78.812,Breaking & Entering
72856,74483,3,42.896,-78.818,Theft
72863,74492,3,42.855,-78.827,Theft
72866,74495,3,42.895,-78.826,Breaking & Entering
72885,74514,3,42.867,-78.849,Theft of Vehicle
72892,74521,3,42.895,-78.822,Breaking & Entering
72894,74523,3,42.892,-78.827,Breaking & Entering
72905,74534,3,42.855,-78.816,Assault
72910,74539,3,42.854,-78.808,Assault
72920,74549,3,42.858,-78.813,Theft
72928,74557,3,42.854,-78.805,Theft
72929,74558,3,42.85,-78.804,Assault
72930,74559,3,42.853,-78.807,Theft
72931,74560,3,42.875,-78.843,Breaking & Entering
72934,74563,3,42.889,-78.808,Breaking & Entering
72935,74564,3,42.834,-78.816,Theft of Vehicle
72940,74569,3,42.896,-78.836,Breaking & Entering
72942,74571,3,42.891,-78.812,Assault
72943,74572,3,42.898,-78.807,Theft
72946,74575,3,42.842,-78.822,Theft
72952,74581,3,42.89,-78.8,Theft
72962,74591,3,42.888,-78.804,Theft of Vehicle
72971,74600,3,42.854,-78.82,Theft
72979,74608,3,42.838,-78.827,Theft
72983,74612,3,42.897,-78.816,Breaking & Entering
72989,74618,3,42.889,-78.837,Theft
72995,74624,3,42.873,-78.808,Breaking & Entering
72996,74625,3,42.874,-78.809,Breaking & Entering
73000,74629,3,42.854,-78.827,Robbery
73006,74635,3,42.854,-78.83,Assault
73007,74636,3,42.898,-78.824,Theft of Vehicle
73009,74638,3,42.869,-78.809,Theft
73019,74648,3,42.893,-78.837,Theft
73021,74650,3,42.858,-78.831,Theft
73024,74654,3,42.873,-78.853,Breaking & Entering
73029,74659,3,42.89,-78.802,Theft
73035,74665,3,42.87,-78.835,Theft
73044,74674,3,42.855,-78.826,Assault
73060,74691,3,42.89,-78.815,Sexual Assault
73066,74697,3,42.876,-78.802,Breaking & Entering
73073,74704,3,42.895,-78.82,Theft
73078,74709,3,42.853,-78.828,Theft
73084,74715,3,42.893,-78.832,Assault
73088,74719,3,42.869,-78.833,Robbery
73090,74721,3,42.871,-78.807,Theft
73096,74727,3,42.896,-78.834,Breaking & Entering
73099,74730,3,42.853,-78.828,Theft
73112,74743,3,42.854,-78.806,Assault
73124,74755,3,42.842,-78.849,Theft
73134,74765,3,42.888,-78.815,Theft
73141,74772,3,42.896,-78.823,Assault
73146,74777,3,42.892,-78.832,Theft
73147,74778,3,42.858,-78.831,Theft
73148,74779,3,42.85,-78.815,Assault
73149,74780,3,42.856,-78.829,Breaking & Entering
73168,74799,3,42.899,-78.816,Assault
73181,74813,3,42.884,-78.833,Theft
73185,74817,3,42.877,-78.846,Theft
73196,74828,3,42.895,-78.839,Assault
73197,74829,3,42.895,-78.804,Theft
73204,74836,3,42.891,-78.814,Sexual Assault
73207,74839,3,42.86,-78.816,Theft
73210,74842,3,42.857,-78.808,Robbery
73211,74843,3,42.853,-78.83,Assault
73212,74844,3,42.892,-78.838,Theft
73214,74846,3,42.867,-78.823,Theft
73217,74849,3,42.833,-78.821,Breaking & Entering
73221,74853,3,42.896,-78.82,Robbery
73232,74864,3,42.855,-78.81,Sexual Assault
73240,74872,3,42.896,-78.816,Robbery
73252,74884,3,42.853,-78.807,Theft
73253,74885,3,42.848,-78.836,Theft
73254,74886,3,42.879,-78.838,Breaking & Entering
73263,74895,3,42.864,-78.844,Theft
73269,74901,3,42.86,-78.806,Theft
73270,74902,3,42.886,-78.847,Assault
73277,74909,3,42.869,-78.835,Theft
73278,74910,3,42.898,-78.807,Theft
73284,74916,3,42.872,-78.811,Assault
73285,74917,3,42.843,-78.823,Assault
73288,74920,3,42.888,-78.809,Assault
73289,74921,3,42.894,-78.843,Assault
73291,74923,3,42.851,-78.807,Theft
73299,74931,3,42.848,-78.812,Theft
73302,74934,3,42.892,-78.834,Assault
73303,74935,3,42.888,-78.8,Assault
73304,74936,3,42.898,-78.803,Theft
73310,74942,3,42.853,-78.82,Breaking & Entering
73311,74943,3,42.894,-78.836,Breaking & Entering
73313,74945,3,42.884,-78.822,Theft
73316,74948,3,42.899,-78.822,Breaking & Entering
73321,74953,3,42.855,-78.81,Breaking & Entering
73334,74966,3,42.854,-78.817,Assault
73335,74967,3,42.851,-78.826,Assault
73341,74973,3,42.897,-78.82,Assault
73345,74977,3,42.893,-78.84,Theft
73346,74978,3,42.855,-78.825,Theft
73354,74986,3,42.848,-78.812,Theft
73356,74989,3,42.858,-78.831,Theft
73360,74993,3,42.891,-78.801,Theft
73363,74996,3,42.88,-78.844,Assault
73367,75000,3,42.894,-78.82,Theft of Vehicle
73376,75009,3,42.887,-78.836,Breaking & Entering
73378,75012,3,42.857,-78.833,Robbery
73380,75014,3,42.895,-78.826,Assault
73384,75018,3,42.858,-78.831,Theft
73386,75020,3,42.852,-78.803,Assault
73397,75031,3,42.858,-78.831,Theft
73403,75037,3,42.896,-78.838,Theft of Vehicle
73406,75040,3,42.893,-78.836,Breaking & Entering
73419,75053,3,42.886,-78.84,Theft
73420,75055,3,42.867,-78.847,Assault
73424,75059,3,42.887,-78.808,Robbery
73430,75065,3,42.848,-78.818,Theft
73437,75072,3,42.874,-78.826,Breaking & Entering
73438,75074,3,42.899,-78.81,Theft
73441,75077,3,42.85,-78.832,Assault
73446,75082,3,42.834,-78.807,Assault
73447,75083,3,42.846,-78.801,Theft
73448,75084,3,42.896,-78.82,Assault
73450,75086,3,42.851,-78.813,Theft
73451,75087,3,42.893,-78.836,Assault
73455,75091,3,42.891,-78.832,Theft of Vehicle
73458,75094,3,42.873,-78.802,Robbery
73459,75095,3,42.838,-78.823,Assault
73472,75108,3,42.873,-78.825,Assault
73475,75111,3,42.896,-78.835,Theft
73477,75113,3,42.856,-78.824,Theft
73481,75117,3,42.841,-78.82,Assault
73483,75119,3,42.872,-78.807,Breaking & Entering
73490,75126,3,42.855,-78.82,Breaking & Entering
73496,75133,3,42.842,-78.83,Theft
73502,75139,3,42.896,-78.823,Robbery
73503,75140,3,42.854,-78.807,Assault
73504,75141,3,42.891,-78.815,Assault
73513,75150,3,42.838,-78.821,Theft
73518,75155,3,42.853,-78.807,Assault
73527,75164,3,42.861,-78.802,Theft
73545,75184,3,42.882,-78.834,Assault
73549,75188,3,42.87,-78.834,Robbery
73553,75192,3,42.841,-78.824,Robbery
73558,75197,3,42.85,-78.803,Theft
73561,75200,3,42.855,-78.829,Theft
73564,75203,3,42.894,-78.809,Assault
73567,75206,3,42.877,-78.827,Theft of Vehicle
73573,75212,3,42.848,-78.818,Breaking & Entering
73585,75224,3,42.856,-78.807,Theft
73588,75227,3,42.85,-78.811,Breaking & Entering
73600,75239,3,42.886,-78.84,Robbery
73606,75245,3,42.898,-78.817,Breaking & Entering
73607,75246,3,42.898,-78.814,Assault
73610,75249,3,42.896,-78.822,Robbery
73616,75255,3,42.855,-78.81,Theft
73638,75277,3,42.858,-78.831,Theft
73647,75286,3,42.858,-78.825,Theft
73650,75289,3,42.855,-78.81,Assault
73660,75299,3,42.898,-78.815,Theft
73661,75300,3,42.891,-78.805,Theft
73664,75303,3,42.857,-78.812,Assault
73666,75305,3,42.858,-78.831,Theft
73668,75307,3,42.898,-78.807,Theft
73670,75309,3,42.834,-78.811,Theft
73686,75325,3,42.897,-78.8,Theft
73692,75331,3,42.897,-78.819,Breaking & Entering
73698,75337,3,42.853,-78.808,Breaking & Entering
73707,75346,3,42.852,-78.805,Theft
73717,75356,3,42.853,-78.824,Sexual Assault
73722,75361,3,42.858,-78.812,Theft
73726,75365,3,42.871,-78.815,Theft
73728,75367,3,42.837,-78.826,Theft
73742,75381,3,42.899,-78.823,Breaking & Entering
73750,75389,3,42.866,-78.848,Theft
73756,75395,3,42.897,-78.818,Theft
73761,75400,3,42.852,-78.817,Theft
73763,75402,3,42.851,-78.807,Theft
73765,75404,3,42.89,-78.808,Theft
73782,75421,3,42.877,-78.847,Assault
73784,75423,3,42.896,-78.826,Homicide
73785,75424,3,42.875,-78.843,Breaking & Entering
73787,75426,3,42.878,-78.801,Theft
73789,75428,3,42.89,-78.836,Theft
73792,75431,3,42.844,-78.809,Other Sexual Offense
73796,75435,3,42.894,-78.825,Assault
73797,75436,3,42.89,-78.838,Theft
73800,75439,3,42.898,-78.817,Breaking & Entering
73803,75442,3,42.899,-78.83,Theft
73825,75464,3,42.895,-78.821,Theft
73826,75465,3,42.847,-78.825,Theft
73831,75470,3,42.852,-78.828,Theft
73833,75472,3,42.854,-78.829,Assault
73835,75474,3,42.892,-78.824,Theft
73839,75478,3,42.897,-78.825,Theft
73851,75490,3,42.86,-78.816,Assault
73859,75498,3,42.855,-78.81,Robbery
73866,75505,3,42.886,-78.843,Theft
73867,75506,3,42.843,-78.818,Assault
73870,75509,3,42.895,-78.827,Theft of Vehicle
73877,75516,3,42.891,-78.832,Theft
73882,75521,3,42.868,-78.837,Assault
73905,75544,3,42.889,-78.816,Theft
73908,75547,3,42.848,-78.824,Robbery
73932,75571,3,42.85,-78.803,Theft
73938,75577,3,42.896,-78.823,Assault
73944,75583,3,42.897,-78.821,Theft
73950,75589,3,42.854,-78.821,Breaking & Entering
73955,75594,3,42.891,-78.807,Theft
73956,75595,3,42.897,-78.805,Assault
73964,75603,3,42.859,-78.813,Assault
73966,75605,3,42.885,-78.815,Breaking & Entering
73987,75626,3,42.89,-78.831,Theft
73992,75632,3,42.896,-78.82,Assault
73993,75633,3,42.872,-78.82,Sexual Offense
73996,75636,3,42.891,-78.814,Breaking & Entering
73999,75639,3,42.868,-78.81,Breaking & Entering
74013,75653,3,42.891,-78.831,Theft
74019,75659,3,42.888,-78.842,Assault
74027,75668,3,42.889,-78.808,Theft
74029,75670,3,42.867,-78.84,Theft
74043,75684,3,42.878,-78.848,Theft
74047,75688,3,42.848,-78.803,Theft of Vehicle
74054,75695,3,42.872,-78.843,Breaking & Entering
74061,75702,3,42.887,-78.809,Assault
74063,75704,3,42.894,-78.82,Theft
74066,75708,3,42.89,-78.834,Breaking & Entering
74068,75710,3,42.894,-78.82,Assault
74070,75712,3,42.873,-78.81,Assault
74079,75721,3,42.854,-78.808,Theft
74083,75725,3,42.899,-78.837,Breaking & Entering
74085,75727,3,42.881,-78.835,Assault
74090,75732,3,42.895,-78.816,Theft
74096,75738,3,42.859,-78.82,Theft
74109,75752,3,42.841,-78.822,Sexual Assault
74117,75760,3,42.851,-78.864,Theft
74118,75761,3,42.85,-78.815,Breaking & Entering
74123,75766,3,42.894,-78.835,Assault
74125,75768,3,42.844,-78.828,Theft
74133,75776,3,42.851,-78.81,Assault
74134,75777,3,42.861,-78.811,Theft
74139,75782,3,42.851,-78.822,Theft
74140,75783,3,42.896,-78.838,Assault
74156,75799,3,42.857,-78.824,Theft
74158,75801,3,42.838,-78.808,Theft
74161,75804,3,42.834,-78.807,Assault
74170,75813,3,42.896,-78.836,Assault
74175,75818,3,42.895,-78.836,Assault
74178,75821,3,42.898,-78.839,Theft
74180,75823,3,42.854,-78.832,Theft of Vehicle
74192,75835,3,42.844,-78.829,Assault
74208,75851,3,42.887,-78.846,Theft
74210,75853,3,42.857,-78.812,Theft
74211,75854,3,42.833,-78.82,Theft
74219,75862,3,42.845,-78.822,Theft
74223,75866,3,42.86,-78.825,Theft
74226,75869,3,42.851,-78.819,Breaking & Entering
74227,75870,3,42.876,-78.804,Assault
74229,75872,3,42.886,-78.802,Theft
74231,75874,3,42.89,-78.804,Theft of Vehicle
74239,75882,3,42.854,-78.818,Breaking & Entering
74250,75893,3,42.895,-78.833,Assault
74251,75894,3,42.854,-78.825,Assault
74253,75896,3,42.897,-78.835,Assault
74259,75902,3,42.885,-78.815,Theft
74270,75913,3,42.896,-78.834,Theft
74284,75927,3,42.88,-78.841,Breaking & Entering
74286,75929,3,42.858,-78.831,Robbery
74287,75930,3,42.857,-78.811,Theft
74288,75931,3,42.87,-78.811,Theft
74291,75935,3,42.857,-78.829,Theft
74292,75936,3,42.871,-78.835,Theft
74293,75937,3,42.851,-78.827,Assault
74298,75943,3,42.896,-78.817,Theft
74302,75947,3,42.855,-78.825,Breaking & Entering
74304,75949,3,42.851,-78.801,Breaking & Entering
74307,75952,3,42.857,-78.824,Theft
74316,75961,3,42.898,-78.824,Breaking & Entering
74321,75966,3,42.884,-78.835,Theft of Vehicle
74327,75972,3,42.894,-78.822,Breaking & Entering
74343,75988,3,42.897,-78.838,Theft
74354,75999,3,42.893,-78.841,Theft of Vehicle
74364,76009,3,42.861,-78.81,Theft
74369,76014,3,42.847,-78.824,Theft
74380,76025,3,42.858,-78.831,Robbery
74384,76029,3,42.889,-78.808,Theft
74389,76034,3,42.887,-78.81,Theft
74394,76039,3,42.889,-78.816,Other Sexual Offense
74395,76040,3,42.89,-78.808,Breaking & Entering
74396,76041,3,42.853,-78.831,Assault
74397,76042,3,42.89,-78.84,Breaking & Entering
74406,76052,3,42.855,-78.809,Theft
74411,76057,3,42.859,-78.817,Theft
74414,76060,3,42.835,-78.823,Assault
74417,76063,3,42.854,-78.828,Theft
74424,76070,3,42.85,-78.804,Assault
74431,76077,3,42.877,-78.81,Theft
74439,76085,3,42.89,-78.833,Assault
74456,76102,3,42.85,-78.803,Assault
74468,76114,3,42.886,-78.802,Assault
74472,76118,3,42.891,-78.8,Breaking & Entering
74473,76119,3,42.851,-78.806,Theft
74481,76127,3,42.878,-78.803,Breaking & Entering
74493,76139,3,42.869,-78.817,Theft
74508,76155,3,42.869,-78.846,Assault
74510,76157,3,42.897,-78.823,Breaking & Entering
74517,76164,3,42.86,-78.813,Theft
74521,76168,3,42.848,-78.802,Robbery
74524,76171,3,42.846,-78.832,Theft of Vehicle
74525,76172,3,42.898,-78.84,Breaking & Entering
74540,76187,3,42.889,-78.803,Theft
74553,76200,3,42.893,-78.841,Theft
74565,76212,3,42.861,-78.802,Breaking & Entering
74566,76213,3,42.851,-78.804,Breaking & Entering
74569,76216,3,42.85,-78.827,Assault
74581,76228,3,42.872,-78.824,Breaking & Entering
74584,76231,3,42.898,-78.832,Theft
74587,76234,3,42.87,-78.849,Breaking & Entering
74590,76237,3,42.872,-78.811,Breaking & Entering
74593,76240,3,42.894,-78.819,Theft
74594,76241,3,42.837,-78.824,Breaking & Entering
74597,76245,3,42.838,-78.833,Theft of Vehicle
74603,76251,3,42.853,-78.807,Breaking & Entering
74606,76254,3,42.893,-78.833,Assault
74609,76257,3,42.85,-78.801,Breaking & Entering
74620,76268,3,42.889,-78.806,Breaking & Entering
74650,76298,3,42.856,-78.808,Assault
74653,76301,3,42.893,-78.805,Theft of Vehicle
74654,76302,3,42.856,-78.825,Other Sexual Offense
74657,76305,3,42.856,-78.812,Theft
74667,76315,3,42.896,-78.823,Breaking & Entering
74670,76318,3,42.883,-78.836,Theft of Vehicle
74676,76324,3,42.897,-78.814,Theft of Vehicle
74678,76326,3,42.852,-78.805,Theft
74681,76329,3,42.891,-78.838,Theft
74687,76335,3,42.826,-78.834,Theft
74689,76337,3,42.867,-78.85,Assault
74695,76343,3,42.868,-78.846,Sexual Assault
74696,76344,3,42.84,-78.808,Breaking & Entering
74699,76347,3,42.857,-78.812,Breaking & Entering
74700,76348,3,42.895,-78.83,Theft
74702,76350,3,42.895,-78.808,Breaking & Entering
74705,76353,3,42.858,-78.809,Assault
74738,76386,3,42.896,-78.817,Robbery
74743,76391,3,42.897,-78.819,Assault
74744,76392,3,42.898,-78.807,Theft
74751,76399,3,42.863,-78.809,Theft
74759,76407,3,42.861,-78.839,Theft
74772,76420,3,42.837,-78.809,Theft
74780,76428,3,42.889,-78.803,Assault
74798,76447,3,42.896,-78.807,Theft
74809,76458,3,42.855,-78.826,Assault
74811,76460,3,42.879,-78.832,Theft
74835,76484,3,42.865,-78.824,Robbery
74838,76487,3,42.886,-78.803,Breaking & Entering
74846,76495,3,42.88,-78.802,Theft
74849,76498,3,42.894,-78.842,Assault
74855,76504,3,42.863,-78.816,Robbery
74858,76507,3,42.897,-78.817,Theft
74866,76515,3,42.856,-78.808,Theft
74872,76521,3,42.898,-78.832,Theft
74877,76526,3,42.884,-78.841,Breaking & Entering
74880,76529,3,42.871,-78.807,Theft
74890,76540,3,42.87,-78.832,Theft
74908,76558,3,42.894,-78.807,Theft
74909,76559,3,42.841,-78.812,Assault
74915,76565,3,42.879,-78.836,Other Sexual Offense
74925,76576,3,42.852,-78.805,Theft
74928,76579,3,42.858,-78.81,Breaking & Entering
74940,76591,3,42.894,-78.82,Breaking & Entering
74943,76594,3,42.898,-78.818,Assault
74946,76597,3,42.889,-78.808,Assault
74949,76600,3,42.857,-78.825,Theft
74952,76603,3,42.858,-78.824,Assault
74957,76608,3,42.892,-78.812,Robbery
74959,76610,3,42.868,-78.838,Theft
74964,76615,3,42.873,-78.806,Theft
74965,76616,3,42.85,-78.817,Theft
74979,76631,3,42.843,-78.822,Theft
74987,76639,3,42.869,-78.851,Theft of Vehicle
74991,76643,3,42.852,-78.802,Assault
74994,76646,3,42.858,-78.815,Theft
74997,76649,3,42.896,-78.818,Assault
75000,76652,3,42.856,-78.808,Assault
75002,76654,3,42.859,-78.806,Assault
75007,76659,3,42.899,-78.816,Robbery
75029,76681,3,42.89,-78.837,Assault
75046,76698,3,42.89,-78.806,Assault
75052,76704,3,42.895,-78.839,Theft
75056,76708,3,42.893,-78.839,Theft of Vehicle
75062,76714,3,42.871,-78.838,Theft of Vehicle
75069,76721,3,42.871,-78.831,Assault
75070,76722,3,42.875,-78.808,Theft
75073,76725,3,42.887,-78.815,Theft
75092,76744,3,42.881,-78.801,Theft
75103,76755,3,42.891,-78.833,Theft
75107,76759,3,42.851,-78.828,Theft
75108,76760,3,42.854,-78.827,Theft
75116,76768,3,42.866,-78.851,Breaking & Entering
75122,76774,3,42.894,-78.822,Breaking & Entering
75129,76781,3,42.859,-78.809,Theft
75131,76783,3,42.87,-78.808,Assault
75144,76797,3,42.871,-78.813,Theft of Vehicle
75152,76805,3,42.894,-78.834,Assault
75175,76829,3,42.846,-78.832,Theft
75194,76848,3,42.841,-78.824,Theft
75203,76857,3,42.891,-78.813,Breaking & Entering
75216,76870,3,42.89,-78.812,Theft
75237,76891,3,42.872,-78.808,Assault
75240,76894,3,42.872,-78.838,Assault
75241,76895,3,42.859,-78.812,Theft
75244,76898,3,42.84,-78.804,Breaking & Entering
75265,76919,3,42.845,-78.828,Assault
75269,76923,3,42.873,-78.806,Theft
75285,76939,3,42.872,-78.843,Assault
75287,76941,3,42.86,-78.818,Breaking & Entering
75294,76948,3,42.87,-78.835,Breaking & Entering
75298,76952,3,42.89,-78.805,Theft
75302,76956,3,42.898,-78.807,Theft
75311,76965,3,42.897,-78.814,Theft
75322,76976,3,42.896,-78.82,Assault
75323,76977,3,42.894,-78.836,Homicide
75324,76978,3,42.885,-78.835,Assault
75327,76981,3,42.848,-78.827,Theft
75331,76985,3,42.877,-78.825,Theft of Vehicle
75334,76988,3,42.892,-78.834,Breaking & Entering
75335,76989,3,42.856,-78.808,Breaking & Entering
75339,76993,3,42.853,-78.824,Breaking & Entering
75340,76994,3,42.876,-78.825,Theft
75343,76997,3,42.896,-78.82,Robbery
75359,77013,3,42.859,-78.816,Breaking & Entering
75363,77017,3,42.895,-78.838,Theft
75371,77026,3,42.873,-78.842,Theft
75373,77028,3,42.841,-78.823,Theft
75379,77034,3,42.885,-78.839,Assault
75399,77055,3,42.854,-78.807,Theft
75411,77067,3,42.858,-78.83,Theft
75425,77081,3,42.872,-78.811,Assault
75435,77091,3,42.894,-78.83,Theft of Vehicle
75439,77095,3,42.889,-78.805,Theft
75440,77096,3,42.894,-78.82,Breaking & Entering
75445,77101,3,42.892,-78.81,Breaking & Entering
75447,77103,3,42.883,-78.83,Theft
75449,77105,3,42.851,-78.804,Assault
75450,77106,3,42.896,-78.824,Theft
75463,77119,3,42.874,-78.801,Breaking & Entering
75466,77122,3,42.873,-78.813,Theft
75469,77125,3,42.87,-78.828,Assault
75470,77126,3,42.868,-78.809,Theft
75472,77128,3,42.878,-78.836,Assault
75473,77129,3,42.857,-78.808,Theft
75474,77130,3,42.833,-78.824,Theft
75475,77131,3,42.874,-78.803,Other Sexual Offense
75477,77133,3,42.872,-78.806,Breaking & Entering
75485,77141,3,42.887,-78.803,Assault
75488,77144,3,42.848,-78.812,Theft
75496,77152,3,42.896,-78.82,Breaking & Entering
75506,77162,3,42.889,-78.835,Assault
75507,77163,3,42.896,-78.818,Assault
75510,77166,3,42.887,-78.839,Theft
75511,77167,3,42.898,-78.807,Theft
75517,77173,3,42.895,-78.821,Assault
75518,77174,3,42.85,-78.803,Theft
75519,77175,3,42.854,-78.812,Assault
75536,77192,3,42.866,-78.829,Theft
75550,77207,3,42.876,-78.804,Theft
75558,77215,3,42.897,-78.835,Breaking & Entering
75565,77222,3,42.891,-78.812,Breaking & Entering
75575,77232,3,42.898,-78.818,Assault
75579,77236,3,42.887,-78.84,Assault
75581,77238,3,42.896,-78.821,Assault
75587,77245,3,42.855,-78.826,Theft
75588,77246,3,42.896,-78.826,Breaking & Entering
75589,77247,3,42.837,-78.82,Assault
75593,77251,3,42.843,-78.832,Assault
75604,77262,3,42.852,-78.832,Theft
75605,77263,3,42.855,-78.817,Theft of Vehicle
75609,77267,3,42.889,-78.839,Breaking & Entering
75622,77280,3,42.87,-78.834,Theft
75634,77293,3,42.889,-78.839,Breaking & Entering
75636,77295,3,42.89,-78.839,Theft
75637,77296,3,42.886,-78.847,Theft of Vehicle
75638,77297,3,42.872,-78.843,Assault
75640,77299,3,42.845,-78.811,Assault
75654,77313,3,42.85,-78.803,Assault
75658,77317,3,42.857,-78.833,Theft of Vehicle
75659,77318,3,42.852,-78.803,Assault
75662,77321,3,42.856,-78.817,Theft of Vehicle
75668,77327,3,42.898,-78.807,Theft
75672,77331,3,42.86,-78.825,Assault
75674,77333,3,42.89,-78.835,Breaking & Entering
75677,77337,3,42.893,-78.824,Theft
75689,77349,3,42.856,-78.828,Theft
75696,77357,3,42.891,-78.803,Robbery
75702,77363,3,42.849,-78.816,Theft
75706,77367,3,42.841,-78.824,Theft
75712,77373,3,42.85,-78.825,Assault
75713,77374,3,42.897,-78.822,Theft
75721,77382,3,42.846,-78.818,Breaking & Entering
75723,77384,3,42.898,-78.807,Theft
75734,77395,3,42.846,-78.826,Breaking & Entering
75736,77397,3,42.89,-78.807,Robbery
75742,77403,3,42.897,-78.805,Breaking & Entering
75757,77418,3,42.89,-78.805,Theft
75760,77421,3,42.895,-78.832,Theft
75793,77454,3,42.87,-78.832,Assault
75803,77464,3,42.892,-78.805,Theft
75804,77465,3,42.863,-78.819,Assault
75829,77491,3,42.895,-78.804,Robbery
75831,77494,3,42.899,-78.815,Theft
75850,77513,3,42.875,-78.85,Theft
75853,77516,3,42.899,-78.837,Breaking & Entering
75857,77520,3,42.893,-78.821,Theft
75861,77524,3,42.836,-78.824,Theft
75865,77528,3,42.853,-78.822,Theft
75875,77538,3,42.894,-78.807,Assault
75877,77540,3,42.882,-78.84,Theft
75882,77545,3,42.898,-78.807,Theft
75886,77549,3,42.86,-78.815,Breaking & Entering
75889,77552,3,42.898,-78.807,Assault
75907,77570,3,42.884,-78.829,Assault
75911,77574,3,42.874,-78.826,Robbery
75920,77584,3,42.854,-78.805,Theft
75931,77595,3,42.888,-78.809,Theft
75935,77599,3,42.853,-78.831,Theft
75940,77604,3,42.894,-78.835,Theft
75946,77610,3,42.85,-78.803,Theft
75952,77616,3,42.871,-78.835,Assault
75958,77622,3,42.893,-78.837,Theft
75966,77630,3,42.885,-78.839,Theft
75971,77635,3,42.86,-78.814,Breaking & Entering
75980,77644,3,42.899,-78.816,Theft
76004,77670,3,42.852,-78.802,Assault
76009,77675,3,42.884,-78.839,Theft
76012,77678,3,42.867,-78.823,Assault
76013,77679,3,42.874,-78.844,Assault
76017,77683,3,42.855,-78.824,Robbery
76021,77687,3,42.842,-78.811,Breaking & Entering
76031,77697,3,42.855,-78.808,Theft
76035,77701,3,42.852,-78.817,Theft
76037,77703,3,42.885,-78.839,Theft
76040,77706,3,42.873,-78.809,Assault
76045,77711,3,42.854,-78.816,Theft
76047,77713,3,42.848,-78.823,Breaking & Entering
76051,77717,3,42.855,-78.833,Theft
76082,77750,3,42.893,-78.81,Theft
76095,77763,3,42.891,-78.836,Robbery
76097,77765,3,42.86,-78.825,Robbery
76101,77769,3,42.887,-78.814,Breaking & Entering
76102,77770,3,42.869,-78.851,Theft of Vehicle
76109,77778,3,42.897,-78.83,Breaking & Entering
76111,77780,3,42.899,-78.818,Theft
76114,77783,3,42.852,-78.816,Breaking & Entering
76115,77784,3,42.842,-78.813,Theft
76121,77790,3,42.834,-78.817,Assault
76122,77791,3,42.873,-78.841,Theft of Vehicle
76124,77793,3,42.869,-78.829,Breaking & Entering
76130,77799,3,42.898,-78.807,Theft
76145,77814,3,42.868,-78.804,Assault
76148,77817,3,42.868,-78.848,Theft of Vehicle
76153,77822,3,42.899,-78.822,Assault
76156,77826,3,42.849,-78.827,Theft
76158,77828,3,42.866,-78.843,Theft
76160,77830,3,42.897,-78.816,Theft
76162,77832,3,42.852,-78.824,Robbery
76166,77836,3,42.895,-78.803,Breaking & Entering
76168,77838,3,42.897,-78.838,Theft
76178,77849,3,42.854,-78.81,Assault
76188,77859,3,42.89,-78.812,Theft
76190,77861,3,42.857,-78.812,Theft
76201,77872,3,42.87,-78.836,Breaking & Entering
76214,77886,3,42.889,-78.844,Assault
76216,77888,3,42.897,-78.835,Theft
76217,77889,3,42.886,-78.814,Assault
76218,77890,3,42.88,-78.841,Assault
76220,77892,3,42.853,-78.804,Assault
76221,77893,3,42.842,-78.821,Assault
76224,77896,3,42.897,-78.818,Breaking & Entering
76228,77900,3,42.872,-78.821,Theft
76230,77902,3,42.843,-78.821,Theft
76235,77908,3,42.867,-78.848,Theft
76241,77914,3,42.892,-78.833,Breaking & Entering
76252,77926,3,42.896,-78.815,Theft
76253,77927,3,42.893,-78.83,Assault
76259,77933,3,42.854,-78.821,Theft
76265,77939,3,42.894,-78.834,Breaking & Entering
76267,77941,3,42.886,-78.804,Breaking & Entering
76296,77970,3,42.886,-78.817,Theft of Vehicle
76297,77971,3,42.855,-78.81,Theft
76299,77973,3,42.885,-78.839,Robbery
76301,77975,3,42.87,-78.835,Assault
76312,77986,3,42.897,-78.82,Theft
76317,77991,3,42.859,-78.819,Breaking & Entering
76322,77996,3,42.841,-78.824,Assault
76331,78005,3,42.897,-78.834,Assault
76335,78009,3,42.874,-78.831,Theft
76336,78010,3,42.889,-78.802,Theft
76340,78014,3,42.888,-78.808,Theft of Vehicle
76346,78020,3,42.85,-78.815,Theft
76350,78024,3,42.851,-78.801,Theft
76354,78028,3,42.892,-78.838,Theft
76363,78037,3,42.874,-78.804,Theft
76372,78046,3,42.893,-78.837,Theft
76378,78052,3,42.835,-78.82,Breaking & Entering
76396,78071,3,42.894,-78.825,Assault
76401,78076,3,42.895,-78.826,Robbery
76420,78095,3,42.872,-78.808,Sexual Assault
76432,78107,3,42.89,-78.804,Assault
76438,78113,3,42.886,-78.812,Sexual Assault
76444,78119,3,42.874,-78.803,Homicide
76446,78121,3,42.854,-78.808,Assault
76447,78122,3,42.89,-78.806,Robbery
76451,78126,3,42.845,-78.811,Sexual Assault
76457,78132,3,42.87,-78.846,Assault
76467,78143,3,42.897,-78.818,Theft
76469,78145,3,42.869,-78.806,Theft
76470,78146,3,42.842,-78.822,Assault
76474,78150,3,42.837,-78.824,Assault
76475,78151,3,42.892,-78.835,Assault
76480,78156,3,42.888,-78.84,Theft
76494,78170,3,42.84,-78.802,Breaking & Entering
76501,78177,3,42.894,-78.835,Robbery
76514,78190,3,42.842,-78.807,Theft of Vehicle
76523,78199,3,42.87,-78.836,Breaking & Entering
76526,78202,3,42.872,-78.818,Other Sexual Offense
76529,78205,3,42.892,-78.83,Assault
76532,78208,3,42.853,-78.807,Theft
76533,78209,3,42.857,-78.811,Assault
76541,78217,3,42.892,-78.836,Breaking & Entering
76547,78223,3,42.899,-78.816,Assault
76551,78227,3,42.862,-78.813,Breaking & Entering
76553,78229,3,42.89,-78.84,Assault
76562,78238,3,42.856,-78.802,Theft
76567,78243,3,42.895,-78.83,Theft
76571,78247,3,42.854,-78.804,Theft
76577,78253,3,42.839,-78.822,Assault
76584,78260,3,42.845,-78.824,Theft
76589,78265,3,42.898,-78.831,Theft
76590,78266,3,42.854,-78.808,Theft
76597,78273,3,42.885,-78.804,Sexual Assault
76603,78279,3,42.899,-78.818,Assault
76611,78287,3,42.896,-78.805,Assault
76617,78293,3,42.892,-78.841,Theft
76618,78294,3,42.896,-78.816,Theft
76619,78295,3,42.896,-78.815,Theft
76623,78299,3,42.857,-78.811,Theft
76632,78308,3,42.858,-78.805,Assault
76639,78315,3,42.893,-78.806,Theft
76645,78323,3,42.897,-78.816,Theft
76646,78324,3,42.899,-78.81,Theft
76659,78337,3,42.84,-78.819,Breaking & Entering
76662,78340,3,42.891,-78.823,Theft
76667,78345,3,42.854,-78.815,Assault
76670,78348,3,42.88,-78.802,Robbery
76673,78351,3,42.835,-78.824,Assault
76676,78354,3,42.895,-78.842,Assault
76690,78368,3,42.835,-78.822,Theft
76693,78371,3,42.866,-78.85,Theft
76699,78377,3,42.853,-78.831,Breaking & Entering
76713,78391,3,42.888,-78.839,Breaking & Entering
76716,78394,3,42.855,-78.819,Theft
76717,78395,3,42.848,-78.828,Breaking & Entering
76728,78407,3,42.844,-78.816,Theft
76729,78408,3,42.896,-78.805,Theft
76732,78411,3,42.896,-78.823,Theft
76734,78413,3,42.863,-78.82,Assault
76740,78419,3,42.834,-78.816,Theft
76741,78420,3,42.888,-78.84,Breaking & Entering
76742,78421,3,42.886,-78.84,Breaking & Entering
76745,78424,3,42.897,-78.814,Assault
76751,78430,3,42.856,-78.813,Assault
76756,78435,3,42.899,-78.817,Assault
76762,78441,3,42.85,-78.829,Theft of Vehicle
76766,78445,3,42.89,-78.815,Theft
76767,78446,3,42.858,-78.813,Theft
76770,78449,3,42.867,-78.803,Breaking & Entering
76781,78460,3,42.88,-78.834,Theft
76786,78465,3,42.897,-78.841,Robbery
76792,78471,3,42.859,-78.813,Theft
76795,78474,3,42.893,-78.837,Theft
76803,78482,3,42.896,-78.829,Theft
76805,78484,3,42.899,-78.818,Robbery
76811,78491,3,42.875,-78.827,Theft
76837,78517,3,42.894,-78.842,Breaking & Entering
76840,78520,3,42.854,-78.821,Theft
76854,78535,3,42.893,-78.826,Breaking & Entering
76865,78547,3,42.852,-78.817,Theft
76867,78549,3,42.848,-78.824,Theft of Vehicle
76868,78550,3,42.851,-78.803,Theft
76872,78554,3,42.835,-78.806,Assault
76879,78561,3,42.872,-78.838,Assault
76903,78586,3,42.898,-78.807,Theft
76911,78594,3,42.843,-78.814,Assault
76918,78601,3,42.851,-78.806,Theft
76922,78605,3,42.862,-78.819,Theft
76926,78609,3,42.896,-78.805,Assault
76935,78618,3,42.896,-78.836,Assault
76944,78628,3,42.89,-78.808,Assault
76945,78629,3,42.897,-78.823,Breaking & Entering
76951,78635,3,42.895,-78.824,Assault
76960,78647,3,42.885,-78.824,Theft
76962,78649,3,42.887,-78.837,Assault
76964,78651,3,42.87,-78.846,Theft
76968,78655,3,42.892,-78.83,Assault
76973,78660,3,42.842,-78.821,Theft
76975,78662,3,42.857,-78.83,Theft of Vehicle
76977,78664,3,42.892,-78.833,Breaking & Entering
76978,78665,3,42.896,-78.821,Theft of Vehicle
76980,78667,3,42.877,-78.847,Theft
76981,78668,3,42.855,-78.807,Assault
76993,78680,3,42.86,-78.822,Theft
76995,78682,3,42.868,-78.8,Assault
76997,78684,3,42.893,-78.839,Theft of Vehicle
76999,78686,3,42.891,-78.833,Breaking & Entering
77011,78698,3,42.896,-78.84,Breaking & Entering
77013,78700,3,42.858,-78.825,Theft
77019,78706,3,42.891,-78.834,Theft
77024,78711,3,42.886,-78.841,Robbery
77031,78718,3,42.881,-78.836,Assault
77033,78720,3,42.833,-78.813,Theft
77034,78721,3,42.892,-78.825,Robbery
77039,78726,3,42.856,-78.812,Breaking & Entering
77040,78727,3,42.866,-78.805,Theft
77042,78729,3,42.858,-78.823,Breaking & Entering
77044,78731,3,42.861,-78.811,Assault
77055,78742,3,42.872,-78.809,Breaking & Entering
77056,78743,3,42.877,-78.803,Assault
77062,78749,3,42.855,-78.834,Breaking & Entering
77068,78755,3,42.875,-78.826,Theft
77069,78756,3,42.871,-78.802,Breaking & Entering
77070,78757,3,42.87,-78.823,Theft
77071,78758,3,42.89,-78.802,Robbery
77075,78762,3,42.898,-78.837,Theft
77076,78763,3,42.848,-78.812,Assault
77077,78764,3,42.892,-78.83,Breaking & Entering
77081,78768,3,42.856,-78.824,Robbery
77087,78774,3,42.895,-78.821,Breaking & Entering
77098,78785,3,42.85,-78.825,Theft
77100,78787,3,42.898,-78.833,Assault
77103,78790,3,42.833,-78.818,Theft
77105,78793,3,42.859,-78.812,Theft
77120,78809,3,42.895,-78.828,Breaking & Entering
77127,78816,3,42.886,-78.805,Assault
77128,78817,3,42.896,-78.814,Theft
77129,78818,3,42.872,-78.804,Breaking & Entering
77138,78827,3,42.89,-78.838,Breaking & Entering
77141,78830,3,42.887,-78.836,Assault
77143,78833,3,42.898,-78.84,Theft
77144,78834,3,42.859,-78.806,Theft
77149,78839,3,42.873,-78.852,Theft
77154,78844,3,42.896,-78.818,Assault
77157,78847,3,42.898,-78.807,Assault
77158,78848,3,42.857,-78.83,Theft
77162,78852,3,42.844,-78.817,Breaking & Entering
77170,78860,3,42.849,-78.803,Theft
77178,78868,3,42.898,-78.817,Assault
77194,78884,3,42.895,-78.837,Theft
77197,78887,3,42.865,-78.849,Theft
77200,78890,3,42.869,-78.839,Theft
77219,78911,3,42.872,-78.813,Theft
77221,78913,3,42.853,-78.802,Theft
77222,78914,3,42.881,-78.8,Robbery
77231,78924,3,42.866,-78.822,Theft of Vehicle
77237,78930,3,42.891,-78.806,Theft
77239,78932,3,42.898,-78.82,Breaking & Entering
77241,78934,3,42.869,-78.8,Breaking & Entering
77247,78940,3,42.874,-78.817,Assault
77250,78943,3,42.889,-78.808,Theft
77251,78944,3,42.848,-78.821,Robbery
77283,78976,3,42.895,-78.808,Sexual Assault
77284,78977,3,42.896,-78.823,Theft
77289,78982,3,42.888,-78.8,Assault
77304,78997,3,42.886,-78.846,Theft of Vehicle
77307,79000,3,42.845,-78.824,Theft
77312,79005,3,42.896,-78.819,Sexual Assault
77320,79013,3,42.836,-78.815,Theft
77323,79016,3,42.893,-78.842,Robbery
77328,79021,3,42.857,-78.812,Theft
77340,79033,3,42.851,-78.818,Theft of Vehicle
77344,79037,3,42.86,-78.815,Breaking & Entering
77347,79040,3,42.894,-78.822,Breaking & Entering
77357,79050,3,42.898,-78.815,Breaking & Entering
77366,79059,3,42.855,-78.827,Assault
77375,79068,3,42.889,-78.837,Breaking & Entering
77389,79082,3,42.885,-78.804,Breaking & Entering
77395,79088,3,42.893,-78.839,Theft
77399,79092,3,42.891,-78.841,Theft
77404,79097,3,42.898,-78.818,Assault
77413,79106,3,42.872,-78.851,Breaking & Entering
77414,79107,3,42.861,-78.802,Assault
77427,79121,3,42.842,-78.824,Theft
77428,79122,3,42.853,-78.829,Assault
77431,79125,3,42.862,-78.819,Assault
77435,79129,3,42.892,-78.834,Breaking & Entering
77436,79130,3,42.86,-78.814,Breaking & Entering
77441,79135,3,42.896,-78.813,Theft
77450,79144,3,42.872,-78.824,Assault
77456,79150,3,42.88,-78.842,Sexual Assault
77457,79151,3,42.842,-78.809,Assault
77479,79175,3,42.889,-78.838,Assault
77480,79176,3,42.896,-78.816,Assault
77498,79195,3,42.844,-78.827,Theft
77500,79197,3,42.85,-78.821,Breaking & Entering
77504,79201,3,42.894,-78.819,Assault
77506,79203,3,42.887,-78.802,Assault
77514,79211,3,42.878,-78.835,Theft
77525,79222,3,42.892,-78.84,Homicide
77526,79223,3,42.847,-78.833,Theft
77527,79224,3,42.872,-78.851,Assault
77533,79230,3,42.895,-78.807,Assault
77545,79242,3,42.872,-78.809,Breaking & Entering
77554,79251,3,42.872,-78.805,Theft
77562,79259,3,42.855,-78.837,Breaking & Entering
77577,79275,3,42.89,-78.812,Theft
77582,79280,3,42.89,-78.815,Theft
77587,79285,3,42.859,-78.812,Theft
77593,79291,3,42.849,-78.813,Breaking & Entering
77599,79297,3,42.842,-78.81,Theft
77602,79300,3,42.89,-78.834,Other Sexual Offense
77607,79305,3,42.879,-78.846,Theft
77611,79309,3,42.899,-78.835,Breaking & Entering
77612,79310,3,42.866,-78.822,Theft
77618,79316,3,42.834,-78.803,Theft
77625,79323,3,42.85,-78.803,Assault
77630,79328,3,42.849,-78.828,Breaking & Entering
77632,79330,3,42.847,-78.855,Theft of Vehicle
77642,79340,3,42.851,-78.82,Theft
77646,79344,3,42.879,-78.839,Theft
77649,79347,3,42.891,-78.803,Theft
77654,79352,3,42.85,-78.803,Theft
77661,79359,3,42.853,-78.805,Breaking & Entering
77672,79370,3,42.894,-78.803,Theft
77674,79372,3,42.854,-78.813,Assault
77678,79376,3,42.871,-78.815,Sexual Assault
77680,79378,3,42.859,-78.826,Theft
77682,79380,3,42.89,-78.837,Theft of Vehicle
77689,79387,3,42.855,-78.807,Assault
77690,79388,3,42.857,-78.812,Theft
77695,79393,3,42.885,-78.839,Theft
77697,79396,3,42.833,-78.824,Theft
77698,79397,3,42.896,-78.819,Theft
77703,79402,3,42.889,-78.809,Theft
77712,79411,3,42.89,-78.803,Assault
77720,79420,3,42.853,-78.831,Assault
77728,79428,3,42.874,-78.853,Breaking & Entering
77731,79431,3,42.846,-78.83,Assault
77734,79434,3,42.897,-78.814,Theft
77735,79435,3,42.891,-78.832,Assault
77745,79445,3,42.856,-78.824,Theft
77749,79449,3,42.845,-78.821,Breaking & Entering
77751,79451,3,42.885,-78.839,Assault
77755,79455,3,42.852,-78.803,Sexual Assault
77765,79465,3,42.893,-78.833,Assault
77768,79469,3,42.846,-78.801,Theft of Vehicle
77785,79486,3,42.887,-78.804,Assault
77786,79487,3,42.851,-78.804,Theft
77789,79490,3,42.87,-78.833,Assault
77805,79507,3,42.854,-78.837,Theft
77809,79511,3,42.848,-78.813,Theft
77818,79520,3,42.875,-78.843,Breaking & Entering
77830,79533,3,42.896,-78.819,Breaking & Entering
77840,79543,3,42.893,-78.837,Theft of Vehicle
77841,79544,3,42.845,-78.824,Theft
77851,79554,3,42.878,-78.848,Breaking & Entering
77852,79555,3,42.868,-78.838,Breaking & Entering
77858,79561,3,42.897,-78.818,Theft
77859,79562,3,42.852,-78.817,Theft
77864,79567,3,42.894,-78.843,Theft
77869,79572,3,42.835,-78.81,Theft of Vehicle
77870,79573,3,42.856,-78.829,Assault
77880,79583,3,42.85,-78.824,Robbery
77887,79590,3,42.889,-78.839,Breaking & Entering
77905,79609,3,42.892,-78.823,Breaking & Entering
77906,79610,3,42.854,-78.808,Assault
77921,79626,3,42.896,-78.819,Theft of Vehicle
77925,79630,3,42.885,-78.806,Robbery
77926,79631,3,42.835,-78.826,Theft
77930,79635,3,42.858,-78.812,Assault
77938,79643,3,42.897,-78.814,Theft
77945,79650,3,42.841,-78.816,Assault
77946,79651,3,42.891,-78.814,Theft
77949,79654,3,42.875,-78.851,Theft
77958,79663,3,42.866,-78.822,Breaking & Entering
77961,79666,3,42.892,-78.812,Homicide
77967,79672,3,42.893,-78.838,Robbery
77968,79673,3,42.897,-78.823,Breaking & Entering
77974,79679,3,42.862,-78.812,Theft
77978,79683,3,42.887,-78.838,Breaking & Entering
77980,79685,3,42.835,-78.823,Theft
77981,79686,3,42.889,-78.836,Breaking & Entering
77986,79691,3,42.856,-78.811,Assault
77988,79693,3,42.848,-78.824,Assault
77995,79700,3,42.892,-78.83,Breaking & Entering
78001,79706,3,42.837,-78.804,Theft
78007,79712,3,42.859,-78.819,Theft
78027,79732,3,42.872,-78.811,Assault
78029,79734,3,42.892,-78.814,Theft
78031,79736,3,42.855,-78.832,Breaking & Entering
78036,79741,3,42.887,-78.807,Theft of Vehicle
78038,79743,3,42.845,-78.816,Theft
78040,79745,3,42.89,-78.812,Theft
78043,79748,3,42.859,-78.842,Theft
78045,79750,3,42.842,-78.813,Assault
78049,79754,3,42.872,-78.843,Theft of Vehicle
78051,79756,3,42.897,-78.819,Breaking & Entering
78057,79762,3,42.896,-78.82,Theft
78059,79764,3,42.872,-78.802,Theft
78081,79786,3,42.896,-78.82,Robbery
78082,79787,3,42.834,-78.824,Breaking & Entering
78093,79798,3,42.896,-78.82,Robbery
78095,79800,3,42.893,-78.818,Theft
78099,79805,3,42.856,-78.811,Theft of Vehicle
78111,79817,3,42.852,-78.815,Assault
78118,79824,3,42.856,-78.825,Other Sexual Offense
78120,79826,3,42.848,-78.812,Theft
78123,79829,3,42.868,-78.849,Theft
78124,79830,3,42.87,-78.808,Theft of Vehicle
78131,79837,3,42.835,-78.824,Assault
78140,79846,3,42.891,-78.803,Assault
78142,79848,3,42.845,-78.824,Theft
78158,79864,3,42.851,-78.823,Theft
78162,79868,3,42.899,-78.832,Robbery
78163,79869,3,42.891,-78.808,Theft
78167,79873,3,42.888,-78.806,Breaking & Entering
78170,79876,3,42.847,-78.803,Theft of Vehicle
78172,79878,3,42.86,-78.811,Theft
78173,79879,3,42.844,-78.832,Breaking & Entering
78179,79885,3,42.899,-78.818,Breaking & Entering
78181,79887,3,42.832,-78.811,Theft
78188,79894,3,42.89,-78.815,Theft
78195,79901,3,42.872,-78.804,Breaking & Entering
78198,79904,3,42.897,-78.817,Breaking & Entering
78203,79909,3,42.872,-78.811,Theft
78204,79910,3,42.845,-78.812,Theft
78211,79917,3,42.896,-78.822,Theft of Vehicle
78219,79925,3,42.89,-78.802,Theft
78223,79929,3,42.887,-78.811,Theft
78225,79931,3,42.843,-78.815,Breaking & Entering
78231,79937,3,42.893,-78.841,Theft
78232,79938,3,42.852,-78.809,Theft
78238,79944,3,42.854,-78.834,Other Sexual Offense
78246,79952,3,42.891,-78.837,Theft of Vehicle
78252,79958,3,42.889,-78.804,Assault
78256,79962,3,42.895,-78.817,Assault
78258,79964,3,42.856,-78.827,Theft
78260,79966,3,42.869,-78.8,Theft
78264,79970,3,42.85,-78.803,Assault
78265,79971,3,42.876,-78.804,Assault
78267,79973,3,42.895,-78.825,Breaking & Entering
78277,79983,3,42.885,-78.84,Theft
78280,79986,3,42.872,-78.805,Theft
78282,79988,3,42.87,-78.817,Theft
78288,79994,3,42.855,-78.836,Theft
78289,79995,3,42.897,-78.809,Breaking & Entering
78290,79996,3,42.874,-78.802,Breaking & Entering
78298,80004,3,42.857,-78.812,Theft
78309,80015,3,42.894,-78.835,Theft
78314,80020,3,42.867,-78.85,Assault
78316,80022,3,42.892,-78.832,Theft of Vehicle
78319,80025,3,42.845,-78.824,Theft
78321,80027,3,42.846,-78.823,Theft
78323,80029,3,42.839,-78.814,Assault
78335,80042,3,42.898,-78.815,Assault
78342,80049,3,42.843,-78.814,Breaking & Entering
78351,80059,3,42.872,-78.805,Theft of Vehicle
78355,80063,3,42.878,-78.834,Breaking & Entering
78356,80064,3,42.858,-78.831,Theft
78358,80066,3,42.881,-78.803,Theft
78359,80067,3,42.89,-78.811,Assault
78361,80069,3,42.89,-78.808,Theft of Vehicle
78370,80078,3,42.851,-78.828,Breaking & Entering
78375,80083,3,42.873,-78.843,Assault
78390,80098,3,42.856,-78.836,Theft
78405,80113,3,42.893,-78.839,Theft
78412,80120,3,42.897,-78.814,Assault
78425,80133,3,42.843,-78.821,Assault
78426,80134,3,42.885,-78.84,Theft
78429,80137,3,42.895,-78.827,Assault
78438,80146,3,42.852,-78.834,Theft
78442,80150,3,42.892,-78.837,Breaking & Entering
78446,80154,3,42.877,-78.834,Robbery
78454,80163,3,42.889,-78.808,Theft
78456,80165,3,42.893,-78.836,Theft of Vehicle
78460,80169,3,42.878,-78.836,Theft
78466,80175,3,42.895,-78.829,Assault
78477,80186,3,42.882,-78.84,Theft
78480,80189,3,42.876,-78.827,Theft
78486,80195,3,42.852,-78.804,Theft
78497,80206,3,42.85,-78.831,Assault
78514,80223,3,42.853,-78.801,Theft
78519,80228,3,42.898,-78.807,Theft
78520,80229,3,42.857,-78.809,Assault
78523,80232,3,42.896,-78.82,Theft
78524,80233,3,42.899,-78.819,Robbery
78531,80240,3,42.858,-78.831,Theft
78545,80254,3,42.885,-78.84,Breaking & Entering
78565,80274,3,42.896,-78.821,Robbery
78572,80281,3,42.845,-78.828,Theft
78574,80283,3,42.848,-78.824,Theft
78575,80284,3,42.894,-78.805,Breaking & Entering
78580,80289,3,42.856,-78.82,Theft
78582,80291,3,42.87,-78.81,Assault
78584,80293,3,42.875,-78.825,Theft
78587,80296,3,42.866,-78.85,Theft of Vehicle
78588,80297,3,42.889,-78.835,Theft
78600,80309,3,42.858,-78.831,Theft
78610,80319,3,42.892,-78.844,Theft
78617,80326,3,42.832,-78.815,Theft
78622,80331,3,42.891,-78.841,Breaking & Entering
78624,80333,3,42.849,-78.811,Theft
78636,80345,3,42.844,-78.828,Assault
78637,80346,3,42.896,-78.82,Theft
78652,80361,3,42.844,-78.815,Theft
78659,80368,3,42.886,-78.839,Assault
78665,80374,3,42.89,-78.803,Sexual Assault
78670,80379,3,42.858,-78.823,Theft
78672,80381,3,42.893,-78.827,Breaking & Entering
78673,80382,3,42.899,-78.838,Theft
78676,80385,3,42.833,-78.808,Theft
78679,80388,3,42.858,-78.81,Theft
78685,80394,3,42.869,-78.831,Assault
78686,80395,3,42.856,-78.835,Assault
78692,80401,3,42.872,-78.806,Assault
78697,80406,3,42.862,-78.814,Theft
78721,80430,3,42.868,-78.808,Breaking & Entering
78731,80440,3,42.893,-78.827,Homicide
78732,80441,3,42.858,-78.82,Breaking & Entering
78734,80443,3,42.853,-78.807,Theft
78735,80444,3,42.855,-78.828,Theft
78740,80449,3,42.868,-78.839,Breaking & Entering
78762,80472,3,42.869,-78.806,Theft
78765,80475,3,42.867,-78.846,Assault
78769,80479,3,42.843,-78.824,Assault
78770,80480,3,42.891,-78.83,Other Sexual Offense
78797,80507,3,42.898,-78.807,Theft
78804,80514,3,42.852,-78.823,Theft
78805,80515,3,42.851,-78.831,Breaking & Entering
78813,80523,3,42.897,-78.819,Breaking & Entering
78816,80526,3,42.863,-78.815,Theft
78841,80552,3,42.856,-78.827,Breaking & Entering
78846,80557,3,42.894,-78.835,Assault
78853,80564,3,42.869,-78.847,Theft of Vehicle
78857,80568,3,42.845,-78.822,Theft
78861,80573,3,42.88,-78.839,Breaking & Entering
78862,80574,3,42.892,-78.825,Breaking & Entering
78864,80576,3,42.869,-78.81,Theft
78865,80577,3,42.896,-78.836,Theft
78868,80580,3,42.897,-78.82,Assault
78872,80584,3,42.872,-78.82,Theft
78878,80590,3,42.872,-78.853,Theft
78881,80593,3,42.887,-78.801,Assault
78883,80595,3,42.859,-78.825,Breaking & Entering
78891,80603,3,42.872,-78.844,Breaking & Entering
78897,80609,3,42.892,-78.806,Assault
78900,80612,3,42.846,-78.814,Theft
78905,80617,3,42.898,-78.831,Breaking & Entering
78909,80621,3,42.892,-78.804,Assault
78910,80622,3,42.853,-78.818,Breaking & Entering
78912,80624,3,42.854,-78.811,Breaking & Entering
78914,80626,3,42.872,-78.82,Robbery
78918,80630,3,42.886,-78.8,Breaking & Entering
78921,80633,3,42.854,-78.802,Theft of Vehicle
78926,80638,3,42.886,-78.805,Assault
78930,80642,3,42.89,-78.806,Theft
78933,80645,3,42.896,-78.817,Theft of Vehicle
78935,80647,3,42.857,-78.827,Assault
78939,80651,3,42.838,-78.818,Theft
78943,80655,3,42.858,-78.831,Theft
78960,80672,3,42.869,-78.846,Theft
78967,80679,3,42.871,-78.835,Assault
78968,80680,3,42.874,-78.827,Assault
78972,80684,3,42.861,-78.814,Theft of Vehicle
78980,80693,3,42.869,-78.838,Assault
78982,80695,3,42.894,-78.834,Breaking & Entering
78984,80697,3,42.896,-78.821,Theft
78998,80711,3,42.85,-78.811,Theft of Vehicle
79002,80715,3,42.857,-78.812,Assault
79003,80716,3,42.891,-78.837,Robbery
79005,80718,3,42.858,-78.81,Assault
79010,80724,3,42.842,-78.822,Assault
79018,80732,3,42.891,-78.837,Breaking & Entering
79065,80782,3,42.87,-78.808,Breaking & Entering
79074,80792,3,42.889,-78.808,Theft
79090,80808,3,42.893,-78.837,Theft
79094,80812,3,42.875,-78.826,Theft
79097,80815,3,42.878,-78.816,Assault
79118,80836,3,42.889,-78.834,Breaking & Entering
79129,80847,3,42.873,-78.81,Breaking & Entering
79133,80851,3,42.886,-78.807,Breaking & Entering
79142,80860,3,42.892,-78.838,Theft of Vehicle
79147,80865,3,42.849,-78.817,Theft of Vehicle
79148,80866,3,42.881,-78.836,Assault
79152,80870,3,42.855,-78.827,Breaking & Entering
79153,80871,3,42.879,-78.836,Assault
79156,80874,3,42.857,-78.82,Breaking & Entering
79162,80880,3,42.856,-78.809,Theft
79167,80885,3,42.896,-78.824,Theft
79170,80888,3,42.89,-78.803,Breaking & Entering
79182,80900,3,42.838,-78.826,Breaking & Entering
79192,80910,3,42.891,-78.808,Assault
79193,80911,3,42.893,-78.841,Theft
79197,80915,3,42.887,-78.809,Breaking & Entering
79198,80916,3,42.899,-78.831,Assault
79199,80917,3,42.893,-78.839,Theft
79204,80923,3,42.849,-78.823,Breaking & Entering
79206,80925,3,42.878,-78.849,Robbery
79217,80936,3,42.857,-78.813,Robbery
79218,80937,3,42.874,-78.805,Assault
79220,80939,3,42.857,-78.826,Assault
79225,80944,3,42.89,-78.802,Breaking & Entering
79228,80947,3,42.894,-78.809,Assault
79229,80948,3,42.871,-78.812,Theft of Vehicle
79248,80967,3,42.844,-78.82,Theft
79250,80969,3,42.847,-78.824,Theft
79254,80973,3,42.838,-78.81,Assault
79264,80983,3,42.847,-78.833,Theft
79265,80984,3,42.854,-78.809,Assault
79268,80987,3,42.857,-78.812,Theft
79280,80999,3,42.834,-78.809,Breaking & Entering
79286,81005,3,42.841,-78.824,Theft
79289,81008,3,42.854,-78.807,Theft
79294,81013,3,42.872,-78.822,Breaking & Entering
79295,81014,3,42.832,-78.815,Theft
79301,81020,3,42.851,-78.825,Theft
79304,81023,3,42.88,-78.831,Assault
79305,81024,3,42.836,-78.809,Theft
79312,81031,3,42.855,-78.835,Assault
79324,81044,3,42.847,-78.811,Theft
79325,81045,3,42.897,-78.833,Assault
79332,81052,3,42.86,-78.825,Theft
79333,81053,3,42.856,-78.808,Assault
79335,81055,3,42.871,-78.837,Assault
79347,81067,3,42.897,-78.823,Breaking & Entering
79350,81070,3,42.88,-78.839,Breaking & Entering
79353,81073,3,42.889,-78.838,Breaking & Entering
79358,81078,3,42.896,-78.832,Homicide
79359,81079,3,42.896,-78.824,Theft
79361,81081,3,42.848,-78.819,Theft
79371,81091,3,42.896,-78.814,Theft of Vehicle
79375,81095,3,42.888,-78.815,Breaking & Entering
79377,81097,3,42.898,-78.8,Theft
79378,81098,3,42.894,-78.83,Theft
79379,81099,3,42.874,-78.81,Theft
79390,81110,3,42.879,-78.84,Theft of Vehicle
79408,81128,3,42.896,-78.816,Breaking & Entering
79418,81138,3,42.886,-78.813,Theft
79433,81153,3,42.872,-78.811,Theft
79434,81154,3,42.898,-78.822,Assault
79439,81159,3,42.867,-78.85,Theft
79447,81167,3,42.857,-78.828,Assault
79448,81168,3,42.889,-78.812,Assault
79461,81181,3,42.87,-78.81,Breaking & Entering
79464,81184,3,42.885,-78.839,Theft
79467,81187,3,42.896,-78.824,Theft
79470,81190,3,42.841,-78.825,Assault
79479,81199,3,42.869,-78.846,Theft
79484,81204,3,42.873,-78.803,Theft
79485,81205,3,42.867,-78.802,Assault
79488,81208,3,42.892,-78.803,Breaking & Entering
79493,81213,3,42.844,-78.829,Theft of Vehicle
79495,81215,3,42.895,-78.825,Breaking & Entering
79505,81225,3,42.879,-78.849,Breaking & Entering
79506,81226,3,42.841,-78.806,Theft
79512,81232,3,42.85,-78.812,Assault
79515,81235,3,42.871,-78.804,Theft
79521,81241,3,42.852,-78.832,Theft
79522,81242,3,42.857,-78.812,Theft
79530,81250,3,42.858,-78.813,Theft
79534,81254,3,42.856,-78.832,Assault
79537,81257,3,42.896,-78.817,Assault
79539,81259,3,42.898,-78.836,Theft
79553,81273,3,42.879,-78.835,Breaking & Entering
79557,81277,3,42.858,-78.831,Theft
79564,81284,3,42.879,-78.833,Breaking & Entering
79569,81289,3,42.851,-78.806,Theft
79575,81295,3,42.855,-78.805,Assault
79579,81299,3,42.897,-78.838,Theft
79584,81304,3,42.841,-78.812,Assault
79586,81306,3,42.875,-78.83,Breaking & Entering
79589,81309,3,42.895,-78.819,Robbery
79598,81318,3,42.859,-78.815,Theft
79600,81320,3,42.856,-78.832,Assault
79609,81329,3,42.874,-78.817,Assault
79610,81330,3,42.881,-78.8,Theft
79614,81334,3,42.895,-78.836,Assault
79618,81338,3,42.861,-78.817,Breaking & Entering
79630,81350,3,42.898,-78.807,Theft
79634,81354,3,42.898,-78.807,Theft
79635,81355,3,42.865,-78.825,Theft
79637,81357,3,42.836,-78.824,Theft
79638,81358,3,42.858,-78.831,Theft
79644,81364,3,42.853,-78.819,Theft
79647,81367,3,42.899,-78.837,Theft of Vehicle
79652,81372,3,42.891,-78.814,Breaking & Entering
79654,81374,3,42.873,-78.809,Assault
79657,81377,3,42.848,-78.824,Theft
79664,81385,3,42.887,-78.837,Theft
79665,81386,3,42.85,-78.802,Assault
79667,81388,3,42.897,-78.823,Sexual Assault
79674,81395,3,42.853,-78.804,Breaking & Entering
79675,81396,3,42.857,-78.816,Theft
79676,81397,3,42.858,-78.831,Theft
79687,81408,3,42.897,-78.816,Theft
79710,81432,3,42.877,-78.85,Breaking & Entering
79712,81434,3,42.873,-78.826,Theft of Vehicle
79714,81436,3,42.899,-78.823,Sexual Assault
79715,81437,3,42.886,-78.844,Theft
79716,81438,3,42.838,-78.833,Theft
79734,81456,3,42.858,-78.826,Assault
79735,81457,3,42.871,-78.805,Theft of Vehicle
79740,81462,3,42.856,-78.808,Assault
79747,81469,3,42.869,-78.853,Robbery
79753,81475,3,42.849,-78.802,Theft
79758,81481,3,42.853,-78.834,Theft
79787,81510,3,42.895,-78.839,Theft
79790,81513,3,42.888,-78.802,Breaking & Entering
79793,81516,3,42.847,-78.832,Assault
79798,81521,3,42.896,-78.815,Theft
79806,81529,3,42.874,-78.827,Theft
79809,81533,3,42.893,-78.837,Theft
79823,81547,3,42.879,-78.845,Theft
79827,81551,3,42.851,-78.806,Robbery
79829,81553,3,42.842,-78.822,Theft
79832,81556,3,42.842,-78.821,Theft of Vehicle
79834,81558,3,42.856,-78.806,Theft
79837,81561,3,42.896,-78.808,Breaking & Entering
79840,81564,3,42.879,-78.832,Breaking & Entering
79844,81568,3,42.88,-78.841,Breaking & Entering
79849,81573,3,42.896,-78.824,Theft
79853,81577,3,42.898,-78.801,Theft
79856,81581,3,42.857,-78.815,Theft
79861,81587,3,42.872,-78.819,Assault
79867,81593,3,42.859,-78.816,Breaking & Entering
79869,81595,3,42.851,-78.806,Assault
79872,81598,3,42.854,-78.812,Theft
79876,81602,3,42.836,-78.822,Assault
79881,81607,3,42.878,-78.849,Theft
79885,81611,3,42.859,-78.813,Theft
79893,81619,3,42.893,-78.837,Theft of Vehicle
79904,81630,3,42.88,-78.834,Assault
79909,81635,3,42.857,-78.814,Theft of Vehicle
79929,81655,3,42.872,-78.805,Theft
79938,81664,3,42.863,-78.802,Theft
79960,81686,3,42.897,-78.816,Robbery
79963,81690,3,42.848,-78.823,Assault
79966,81693,3,42.886,-78.845,Breaking & Entering
79967,81694,3,42.894,-78.809,Breaking & Entering
79971,81698,3,42.888,-78.84,Breaking & Entering
79973,81700,3,42.859,-78.814,Theft
79975,81702,3,42.875,-78.803,Breaking & Entering
79977,81704,3,42.855,-78.809,Theft
79978,81705,3,42.896,-78.823,Theft
79982,81709,3,42.893,-78.837,Theft
79986,81713,3,42.845,-78.801,Theft
79991,81718,3,42.888,-78.841,Theft
79996,81723,3,42.884,-78.839,Theft
80006,81734,3,42.887,-78.841,Theft
80008,81736,3,42.874,-78.809,Assault
80009,81737,3,42.89,-78.802,Theft
80019,81748,3,42.896,-78.818,Homicide
80020,81749,3,42.897,-78.819,Assault
80021,81750,3,42.857,-78.826,Theft
80022,81751,3,42.896,-78.824,Theft of Vehicle
80027,81756,3,42.892,-78.839,Theft
80032,81761,3,42.86,-78.822,Theft
80033,81762,3,42.875,-78.807,Breaking & Entering
80043,81772,3,42.859,-78.826,Theft
80047,81776,3,42.856,-78.817,Theft
80055,81784,3,42.878,-78.847,Breaking & Entering
80056,81786,3,42.857,-78.808,Theft
80094,81824,3,42.898,-78.817,Assault
80100,81830,3,42.891,-78.837,Theft
80102,81832,3,42.842,-78.807,Theft
80115,81845,3,42.881,-78.834,Theft of Vehicle
80119,81849,3,42.849,-78.82,Theft
80127,81857,3,42.855,-78.825,Theft
80128,81858,3,42.856,-78.829,Breaking & Entering
80133,81863,3,42.892,-78.83,Assault
80134,81864,3,42.892,-78.802,Theft
80137,81867,3,42.853,-78.806,Theft
80139,81869,3,42.838,-78.824,Breaking & Entering
80143,81873,3,42.854,-78.804,Theft
80144,81874,3,42.887,-78.847,Breaking & Entering
80145,81875,3,42.858,-78.831,Theft
80151,81881,3,42.891,-78.814,Assault
80154,81884,3,42.85,-78.811,Assault
80157,81887,3,42.873,-78.842,Theft of Vehicle
80162,81892,3,42.88,-78.804,Theft
80174,81904,3,42.86,-78.813,Theft
80176,81906,3,42.87,-78.803,Assault
80177,81907,3,42.895,-78.827,Theft
80186,81916,3,42.874,-78.805,Breaking & Entering
80189,81919,3,42.899,-78.818,Theft
80194,81924,3,42.892,-78.805,Assault
80203,81933,3,42.85,-78.818,Theft
80215,81945,3,42.86,-78.825,Breaking & Entering
80225,81955,3,42.856,-78.824,Assault
80232,81962,3,42.854,-78.82,Assault
80238,81968,3,42.86,-78.825,Theft of Vehicle
80239,81969,3,42.85,-78.803,Breaking & Entering
80240,81970,3,42.893,-78.839,Theft
80241,81971,3,42.854,-78.83,Assault
80247,81977,3,42.851,-78.803,Breaking & Entering
80257,81987,3,42.85,-78.826,Theft
80261,81991,3,42.895,-78.839,Theft
80264,81994,3,42.881,-78.839,Assault
80270,82000,3,42.868,-78.807,Other Sexual Offense
80275,82005,3,42.848,-78.832,Robbery
80276,82006,3,42.878,-78.837,Robbery
80279,82009,3,42.898,-78.8,Theft of Vehicle
80283,82013,3,42.854,-78.835,Breaking & Entering
80295,82026,3,42.898,-78.833,Assault
80298,82029,3,42.84,-78.821,Theft
80299,82030,3,42.837,-78.826,Robbery
80300,82031,3,42.897,-78.836,Robbery
80308,82039,3,42.889,-78.808,Assault
80312,82043,3,42.891,-78.832,Breaking & Entering
80321,82052,3,42.877,-78.847,Theft
80322,82053,3,42.87,-78.826,Breaking & Entering
80330,82061,3,42.867,-78.802,Theft
80334,82065,3,42.848,-78.829,Theft
80341,82072,3,42.852,-78.817,Theft
80350,82081,3,42.858,-78.831,Assault
80355,82086,3,42.869,-78.851,Assault
80360,82091,3,42.891,-78.831,Assault
80363,82094,3,42.899,-78.818,Theft
80366,82097,3,42.852,-78.823,Theft
80370,82101,3,42.889,-78.816,Theft of Vehicle
80375,82106,3,42.886,-78.813,Breaking & Entering
80379,82110,3,42.896,-78.82,Theft of Vehicle
80380,82111,3,42.861,-78.818,Theft
80384,82115,3,42.848,-78.824,Theft
80386,82117,3,42.856,-78.824,Theft
80388,82119,3,42.861,-78.817,Assault
80393,82124,3,42.891,-78.83,Assault
80394,82125,3,42.833,-78.82,Assault
80401,82132,3,42.869,-78.831,Theft of Vehicle
80403,82134,3,42.889,-78.812,Theft
80426,82157,3,42.883,-78.807,Theft
80427,82158,3,42.898,-78.832,Breaking & Entering
80430,82161,3,42.848,-78.824,Theft
80431,82162,3,42.851,-78.801,Other Sexual Offense
80436,82167,3,42.85,-78.832,Theft
80450,82181,3,42.894,-78.835,Theft
80451,82182,3,42.851,-78.864,Theft
80462,82193,3,42.896,-78.836,Assault
80467,82198,3,42.885,-78.804,Breaking & Entering
80468,82199,3,42.842,-78.827,Breaking & Entering
80471,82202,3,42.855,-78.814,Assault
80476,82208,3,42.856,-78.807,Theft
80477,82209,3,42.89,-78.802,Theft
80482,82214,3,42.889,-78.808,Assault
80483,82215,3,42.878,-78.801,Theft
80494,82226,3,42.896,-78.817,Theft of Vehicle
80505,82237,3,42.875,-78.846,Theft
80518,82250,3,42.898,-78.836,Breaking & Entering
80522,82254,3,42.895,-78.819,Assault
80523,82255,3,42.833,-78.82,Assault
80527,82260,3,42.895,-78.827,Assault
80529,82263,3,42.844,-78.828,Theft
80531,82265,3,42.858,-78.831,Theft
80535,82269,3,42.853,-78.823,Assault
80539,82273,3,42.883,-78.83,Theft
80540,82274,3,42.879,-78.845,Breaking & Entering
80551,82286,3,42.853,-78.826,Theft
80552,82287,3,42.855,-78.806,Theft
80560,82295,3,42.86,-78.817,Breaking & Entering
80569,82304,3,42.892,-78.81,Assault
80572,82308,3,42.886,-78.812,Theft
80576,82312,3,42.836,-78.824,Assault
80578,82314,3,42.851,-78.801,Theft
80585,82321,3,42.892,-78.802,Breaking & Entering
80588,82324,3,42.884,-78.839,Assault
80594,82330,3,42.848,-78.824,Other Sexual Offense
80599,82335,3,42.878,-78.83,Theft
80603,82339,3,42.887,-78.816,Breaking & Entering
80611,82347,3,42.858,-78.814,Breaking & Entering
80612,82348,3,42.855,-78.816,Theft
80613,82349,3,42.899,-78.819,Theft
80618,82354,3,42.894,-78.837,Theft
80627,82363,3,42.89,-78.814,Assault
80632,82369,3,42.896,-78.832,Theft
80634,82371,3,42.857,-78.824,Theft
80643,82380,3,42.892,-78.828,Breaking & Entering
80652,82389,3,42.873,-78.801,Theft
80653,82390,3,42.895,-78.842,Robbery
80658,82395,3,42.849,-78.823,Theft
80663,82400,3,42.872,-78.843,Breaking & Entering
80677,82415,3,42.869,-78.809,Theft
80684,82422,3,42.858,-78.831,Theft
80687,82426,3,42.838,-78.83,Theft of Vehicle
80690,82429,3,42.869,-78.828,Assault
80693,82432,3,42.854,-78.809,Theft
80699,82438,3,42.847,-78.816,Theft
80700,82439,3,42.885,-78.814,Theft
80702,82441,3,42.896,-78.833,Breaking & Entering
80704,82443,3,42.898,-78.823,Assault
80722,82461,3,42.851,-78.813,Theft
80728,82469,3,42.889,-78.808,Theft
80730,82471,3,42.888,-78.809,Theft of Vehicle
80734,82475,3,42.895,-78.826,Breaking & Entering
80735,82476,3,42.877,-78.851,Assault
80747,82488,3,42.855,-78.81,Breaking & Entering
80750,82491,3,42.877,-78.833,Assault
80756,82497,3,42.848,-78.824,Theft
80766,82507,3,42.851,-78.806,Theft
80774,82516,3,42.867,-78.823,Theft
80778,82520,3,42.893,-78.823,Theft of Vehicle
80782,82524,3,42.86,-78.825,Theft
80788,82530,3,42.868,-78.808,Breaking & Entering
80796,82538,3,42.855,-78.821,Theft
80797,82539,3,42.87,-78.815,Assault
80800,82542,3,42.856,-78.828,Breaking & Entering
80809,82551,3,42.833,-78.824,Robbery
80818,82560,3,42.893,-78.827,Breaking & Entering
80819,82561,3,42.867,-78.809,Breaking & Entering
80830,82572,3,42.848,-78.812,Assault
80836,82578,3,42.888,-78.836,Assault
80841,82583,3,42.856,-78.836,Theft
80842,82584,3,42.898,-78.839,Robbery
80848,82590,3,42.843,-78.823,Assault
80851,82593,3,42.892,-78.806,Assault
80853,82595,3,42.892,-78.825,Sexual Assault
80863,82605,3,42.881,-78.842,Breaking & Entering
80875,82617,3,42.898,-78.835,Theft
80878,82620,3,42.883,-78.839,Theft
80879,82621,3,42.842,-78.827,Theft
80881,82623,3,42.833,-78.824,Theft of Vehicle
80886,82628,3,42.886,-78.84,Breaking & Entering
80887,82629,3,42.874,-78.826,Assault
80890,82632,3,42.898,-78.839,Robbery
80900,82642,3,42.867,-78.823,Assault
80915,82657,3,42.833,-78.805,Theft
80916,82658,3,42.884,-78.839,Theft of Vehicle
80925,82667,3,42.862,-78.811,Assault
80931,82674,3,42.872,-78.812,Theft
80933,82676,3,42.892,-78.84,Assault
80938,82681,3,42.897,-78.836,Theft
80950,82693,3,42.898,-78.831,Assault
80951,82694,3,42.89,-78.803,Breaking & Entering
80958,82701,3,42.86,-78.814,Theft
80969,82712,3,42.848,-78.832,Theft
80972,82715,3,42.885,-78.802,Breaking & Entering
80973,82716,3,42.884,-78.833,Theft
80988,82731,3,42.898,-78.823,Theft
80992,82735,3,42.855,-78.809,Robbery
81002,82745,3,42.898,-78.802,Breaking & Entering
81005,82748,3,42.851,-78.827,Theft
81007,82750,3,42.883,-78.835,Theft
81008,82751,3,42.854,-78.828,Breaking & Entering
81010,82753,3,42.886,-78.8,Breaking & Entering
81012,82755,3,42.896,-78.835,Robbery
81023,82766,3,42.878,-78.801,Theft
81024,82767,3,42.898,-78.819,Breaking & Entering
81025,82768,3,42.894,-78.841,Assault
81028,82771,3,42.881,-78.833,Assault
81029,82772,3,42.849,-78.813,Theft
81041,82784,3,42.872,-78.833,Assault
81047,82790,3,42.895,-78.83,Theft
81055,82798,3,42.853,-78.824,Theft
81060,82803,3,42.847,-78.824,Theft
81061,82804,3,42.858,-78.83,Theft
81062,82805,3,42.838,-78.809,Breaking & Entering
81066,82809,3,42.894,-78.803,Assault
81070,82813,3,42.892,-78.832,Assault
81073,82816,3,42.837,-78.812,Breaking & Entering
81075,82818,3,42.878,-78.833,Theft
81086,82829,3,42.879,-78.833,Assault
81091,82834,3,42.894,-78.834,Assault
81099,82842,3,42.891,-78.826,Assault
81106,82849,3,42.848,-78.828,Theft
81110,82853,3,42.895,-78.807,Assault
81111,82854,3,42.872,-78.821,Breaking & Entering
81113,82856,3,42.841,-78.824,Theft
81114,82857,3,42.87,-78.844,Breaking & Entering
81128,82871,3,42.842,-78.822,Assault
81147,82891,3,42.834,-78.824,Breaking & Entering
81161,82905,3,42.849,-78.815,Theft
81166,82910,3,42.877,-78.812,Theft
81169,82913,3,42.892,-78.804,Theft
81175,82919,3,42.856,-78.81,Assault
81184,82928,3,42.89,-78.815,Assault
81189,82933,3,42.886,-78.842,Assault
81190,82934,3,42.892,-78.828,Breaking & Entering
81192,82937,3,42.875,-78.809,Theft
81193,82938,3,42.894,-78.834,Theft
81199,82944,3,42.857,-78.824,Theft
81201,82947,3,42.888,-78.809,Breaking & Entering
81203,82949,3,42.895,-78.807,Assault
81211,82957,3,42.896,-78.819,Assault
81224,82970,3,42.848,-78.824,Breaking & Entering
81228,82974,3,42.896,-78.82,Theft
81230,82976,3,42.872,-78.821,Theft
81238,82985,3,42.86,-78.814,Breaking & Entering
81239,82986,3,42.894,-78.822,Breaking & Entering
81244,82992,3,42.868,-78.81,Theft
81249,82997,3,42.898,-78.816,Theft
81252,83000,3,42.873,-78.813,Theft
81254,83002,3,42.835,-78.804,Breaking & Entering
81260,83008,3,42.87,-78.831,Assault
81268,83017,3,42.858,-78.811,Breaking & Entering
81272,83021,3,42.87,-78.811,Assault
81279,83028,3,42.895,-78.836,Assault
81284,83033,3,42.872,-78.801,Theft
81288,83037,3,42.897,-78.815,Theft of Vehicle
81295,83045,3,42.845,-78.819,Breaking & Entering
81297,83047,3,42.895,-78.84,Theft
81302,83052,3,42.872,-78.831,Theft
81315,83065,3,42.847,-78.833,Theft
81323,83073,3,42.882,-78.84,Theft
81328,83079,3,42.896,-78.838,Breaking & Entering
81330,83081,3,42.854,-78.808,Robbery
81335,83086,3,42.897,-78.832,Assault
81338,83089,3,42.897,-78.819,Assault
81350,83101,3,42.833,-78.806,Theft
81351,83102,3,42.891,-78.834,Theft
81356,83107,3,42.882,-78.84,Theft
81358,83109,3,42.895,-78.807,Theft
81362,83113,3,42.892,-78.823,Theft
81368,83119,3,42.897,-78.84,Theft of Vehicle
81381,83132,3,42.857,-78.826,Theft
81386,83137,3,42.899,-78.817,Theft
81394,83146,3,42.843,-78.813,Breaking & Entering
81410,83163,3,42.895,-78.842,Breaking & Entering
81413,83166,3,42.876,-78.828,Breaking & Entering
81420,83173,3,42.858,-78.831,Theft
81422,83175,3,42.855,-78.806,Assault
81423,83176,3,42.86,-78.825,Theft
81426,83179,3,42.877,-78.814,Theft
81427,83180,3,42.86,-78.815,Theft
81428,83181,3,42.863,-78.821,Assault
81432,83185,3,42.848,-78.824,Theft
81440,83193,3,42.898,-78.807,Theft
81449,83202,3,42.868,-78.802,Theft
81450,83203,3,42.887,-78.802,Theft of Vehicle
81451,83204,3,42.87,-78.832,Assault
81473,83226,3,42.848,-78.812,Assault
81484,83237,3,42.85,-78.803,Assault
81507,83260,3,42.895,-78.838,Assault
81516,83269,3,42.871,-78.834,Breaking & Entering
81520,83273,3,42.896,-78.817,Theft
81523,83276,3,42.897,-78.814,Theft
81524,83277,3,42.896,-78.815,Assault
81525,83278,3,42.848,-78.813,Theft
81537,83290,3,42.887,-78.84,Assault
81547,83301,3,42.877,-78.803,Robbery
81555,83309,3,42.848,-78.824,Theft
81561,83315,3,42.852,-78.817,Breaking & Entering
81575,83329,3,42.855,-78.81,Assault
81576,83330,3,42.887,-78.84,Breaking & Entering
81577,83331,3,42.847,-78.817,Theft
81589,83343,3,42.899,-78.834,Robbery
81601,83355,3,42.896,-78.805,Breaking & Entering
81603,83357,3,42.896,-78.838,Assault
81605,83359,3,42.87,-78.847,Theft
81608,83362,3,42.855,-78.833,Assault
81609,83363,3,42.897,-78.84,Breaking & Entering
81615,83370,3,42.878,-78.801,Theft
81639,83394,3,42.858,-78.831,Theft
81647,83402,3,42.896,-78.818,Theft
81648,83403,3,42.898,-78.835,Theft
81650,83405,3,42.881,-78.801,Robbery
81658,83413,3,42.843,-78.824,Robbery
81662,83418,3,42.853,-78.832,Breaking & Entering
81668,83424,3,42.884,-78.82,Theft
81671,83427,3,42.879,-78.832,Theft of Vehicle
81672,83428,3,42.885,-78.838,Sexual Assault
81674,83431,3,42.879,-78.836,Theft of Vehicle
81687,83444,3,42.885,-78.839,Assault
81690,83447,3,42.85,-78.803,Assault
81691,83448,3,42.887,-78.816,Assault
81697,83454,3,42.837,-78.83,Theft
81698,83455,3,42.898,-78.839,Robbery
81704,83461,3,42.896,-78.823,Breaking & Entering
81708,83465,3,42.869,-78.832,Assault
81718,83475,3,42.889,-78.814,Theft of Vehicle
81721,83478,3,42.864,-78.823,Theft
81724,83481,3,42.848,-78.812,Theft
81738,83495,3,42.855,-78.829,Theft
81740,83497,3,42.897,-78.805,Assault
81748,83505,3,42.894,-78.829,Theft
81749,83506,3,42.897,-78.835,Assault
81767,83524,3,42.854,-78.82,Assault
81774,83532,3,42.852,-78.814,Theft of Vehicle
81779,83537,3,42.895,-78.841,Robbery
81784,83542,3,42.859,-78.858,Breaking & Entering
81787,83545,3,42.857,-78.812,Theft
81788,83546,3,42.886,-78.817,Breaking & Entering
81789,83547,3,42.856,-78.809,Assault
81790,83548,3,42.853,-78.821,Theft
81792,83550,3,42.896,-78.824,Theft
81799,83557,3,42.855,-78.834,Assault
81800,83558,3,42.872,-78.811,Robbery
81802,83560,3,42.89,-78.845,Assault
81815,83573,3,42.871,-78.833,Theft
81818,83576,3,42.847,-78.801,Assault
81824,83582,3,42.845,-78.824,Theft
81825,83583,3,42.896,-78.841,Breaking & Entering
81827,83585,3,42.851,-78.81,Theft
81833,83591,3,42.86,-78.815,Theft
81842,83600,3,42.852,-78.809,Theft
81843,83601,3,42.897,-78.826,Breaking & Entering
81850,83608,3,42.895,-78.827,Assault
81851,83609,3,42.848,-78.823,Assault
81852,83610,3,42.898,-78.807,Theft
81855,83613,3,42.842,-78.816,Assault
81862,83620,3,42.899,-78.817,Theft of Vehicle
81863,83621,3,42.881,-78.833,Theft
81865,83623,3,42.848,-78.827,Assault
81867,83625,3,42.848,-78.812,Other Sexual Offense
81869,83627,3,42.838,-78.808,Robbery
81870,83628,3,42.891,-78.807,Theft
81874,83632,3,42.893,-78.82,Breaking & Entering
81877,83635,3,42.869,-78.83,Assault
81878,83636,3,42.853,-78.824,Breaking & Entering
81879,83637,3,42.861,-78.802,Assault
81881,83639,3,42.879,-78.848,Assault
81887,83645,3,42.893,-78.839,Assault
81889,83647,3,42.833,-78.815,Theft
81891,83649,3,42.895,-78.824,Theft
81896,83654,3,42.897,-78.819,Theft of Vehicle
81902,83660,3,42.896,-78.825,Assault
81905,83663,3,42.857,-78.815,Assault
81915,83673,3,42.897,-78.814,Assault
81916,83674,3,42.858,-78.825,Theft
81919,83677,3,42.891,-78.825,Breaking & Entering
81920,83678,3,42.878,-78.801,Theft
81938,83696,3,42.845,-78.824,Theft
81939,83697,3,42.848,-78.824,Theft
81941,83699,3,42.893,-78.842,Theft
81944,83702,3,42.885,-78.841,Assault
81946,83704,3,42.854,-78.829,Breaking & Entering
81948,83706,3,42.848,-78.824,Theft
81957,83716,3,42.895,-78.839,Theft
81961,83720,3,42.894,-78.822,Robbery
81967,83726,3,42.883,-78.829,Breaking & Entering
81970,83729,3,42.89,-78.814,Robbery
81971,83730,3,42.875,-78.805,Assault
81976,83735,3,42.892,-78.833,Breaking & Entering
81977,83736,3,42.872,-78.806,Robbery
81980,83739,3,42.89,-78.833,Assault
81991,83750,3,42.893,-78.807,Theft
81992,83751,3,42.858,-78.831,Theft
81998,83757,3,42.84,-78.827,Theft
82005,83764,3,42.844,-78.808,Theft
82009,83768,3,42.895,-78.83,Breaking & Entering
82010,83769,3,42.836,-78.831,Theft of Vehicle
82013,83772,3,42.893,-78.834,Assault
82015,83774,3,42.856,-78.813,Assault
82018,83777,3,42.838,-78.833,Theft
82022,83781,3,42.872,-78.816,Assault
82026,83785,3,42.877,-78.824,Assault
82027,83786,3,42.887,-78.802,Assault
82033,83792,3,42.878,-78.814,Theft
82052,83811,3,42.867,-78.805,Theft
82055,83814,3,42.871,-78.809,Theft
82061,83820,3,42.877,-78.842,Theft of Vehicle
82065,83824,3,42.876,-78.828,Assault
82068,83827,3,42.899,-78.818,Theft
82070,83829,3,42.893,-78.837,Theft
82072,83831,3,42.87,-78.803,Theft
82075,83834,3,42.845,-78.824,Theft
82079,83838,3,42.898,-78.815,Assault
82086,83845,3,42.857,-78.807,Sexual Offense
82089,83848,3,42.847,-78.813,Theft
82106,83865,3,42.88,-78.835,Breaking & Entering
82108,83867,3,42.894,-78.835,Theft
82123,83883,3,42.897,-78.806,Theft
82139,83899,3,42.891,-78.814,Theft
82140,83900,3,42.897,-78.817,Robbery
82143,83903,3,42.86,-78.813,Theft
82150,83910,3,42.86,-78.806,Theft
82155,83915,3,42.858,-78.831,Theft
82158,83918,3,42.848,-78.824,Assault
82160,83920,3,42.89,-78.808,Assault
82163,83923,3,42.852,-78.82,Theft of Vehicle
82167,83927,3,42.854,-78.832,Assault
82169,83929,3,42.842,-78.824,Assault
82184,83944,3,42.87,-78.847,Assault
82185,83945,3,42.861,-78.816,Other Sexual Offense
82188,83948,3,42.892,-78.838,Theft
82196,83956,3,42.893,-78.821,Theft
82199,83959,3,42.896,-78.82,Breaking & Entering
82202,83962,3,42.887,-78.836,Theft of Vehicle
82205,83965,3,42.894,-78.809,Breaking & Entering
82211,83971,3,42.849,-78.833,Theft
82214,83974,3,42.854,-78.8,Assault
82221,83981,3,42.895,-78.804,Breaking & Entering
82222,83982,3,42.872,-78.853,Theft
82225,83985,3,42.849,-78.817,Theft
82230,83990,3,42.885,-78.814,Breaking & Entering
82235,83995,3,42.892,-78.829,Theft
82253,84013,3,42.885,-78.806,Theft
82270,84030,3,42.888,-78.806,Theft
82277,84037,3,42.892,-78.825,Breaking & Entering
82280,84040,3,42.838,-78.823,Theft
82289,84049,3,42.898,-78.801,Robbery
82308,84070,3,42.888,-78.843,Theft of Vehicle
82317,84079,3,42.89,-78.807,Assault
82320,84082,3,42.888,-78.841,Theft
82334,84096,3,42.847,-78.838,Breaking & Entering
82339,84101,3,42.848,-78.823,Assault
82340,84102,3,42.85,-78.815,Theft
82349,84111,3,42.846,-78.821,Theft
82351,84113,3,42.897,-78.819,Breaking & Entering
82363,84125,3,42.847,-78.814,Robbery
82368,84130,3,42.844,-78.828,Assault
82371,84133,3,42.895,-78.819,Theft of Vehicle
82378,84140,3,42.87,-78.826,Theft of Vehicle
82385,84148,3,42.857,-78.827,Theft
82395,84158,3,42.894,-78.837,Theft
82397,84160,3,42.857,-78.805,Theft
82400,84163,3,42.865,-78.849,Robbery
82406,84169,3,42.892,-78.824,Theft
82407,84170,3,42.872,-78.806,Assault
82418,84181,3,42.871,-78.837,Breaking & Entering
82423,84186,3,42.843,-78.823,Theft of Vehicle
82444,84207,3,42.894,-78.837,Theft
82453,84216,3,42.879,-78.834,Theft of Vehicle
82458,84221,3,42.89,-78.81,Robbery
82470,84234,3,42.893,-78.839,Assault
82471,84235,3,42.852,-78.802,Theft
82472,84236,3,42.857,-78.827,Theft
82474,84238,3,42.886,-78.839,Breaking & Entering
82493,84257,3,42.878,-78.814,Assault
82504,84268,3,42.897,-78.807,Theft
82511,84275,3,42.899,-78.836,Assault
82514,84278,3,42.897,-78.835,Assault
82518,84282,3,42.885,-78.805,Theft
82520,84284,3,42.856,-78.83,Theft
82522,84286,3,42.848,-78.808,Assault
82525,84290,3,42.894,-78.834,Theft of Vehicle
82530,84295,3,42.844,-78.824,Theft
82538,84303,3,42.894,-78.83,Theft
82542,84307,3,42.854,-78.802,Theft
82543,84308,3,42.887,-78.802,Assault
82549,84314,3,42.891,-78.841,Robbery
82561,84326,3,42.849,-78.818,Assault
82562,84327,3,42.844,-78.824,Assault
82565,84330,3,42.885,-78.814,Theft
82569,84334,3,42.843,-78.824,Robbery
82580,84346,3,42.884,-78.831,Theft
82597,84363,3,42.833,-78.82,Theft
82598,84364,3,42.89,-78.805,Assault
82606,84372,3,42.853,-78.816,Breaking & Entering
82613,84379,3,42.841,-78.809,Theft of Vehicle
82630,84396,3,42.893,-78.827,Assault
82632,84398,3,42.899,-78.835,Theft of Vehicle
82635,84401,3,42.894,-78.831,Theft
82638,84404,3,42.848,-78.824,Breaking & Entering
82641,84407,3,42.879,-78.834,Theft of Vehicle
82650,84416,3,42.888,-78.84,Breaking & Entering
82655,84421,3,42.838,-78.808,Theft
82667,84434,3,42.889,-78.812,Assault
82675,84442,3,42.889,-78.814,Theft
82676,84444,3,42.85,-78.819,Theft of Vehicle
82679,84447,3,42.853,-78.81,Theft of Vehicle
82687,84455,3,42.844,-78.826,Theft
82692,84460,3,42.872,-78.808,Assault
82702,84470,3,42.858,-78.814,Theft
82706,84474,3,42.896,-78.815,Assault
82707,84475,3,42.858,-78.83,Assault
82710,84478,3,42.87,-78.85,Breaking & Entering
82711,84479,3,42.872,-78.818,Theft
82739,84507,3,42.894,-78.826,Robbery
82740,84508,3,42.861,-78.818,Assault
82741,84509,3,42.893,-78.837,Robbery
82752,84520,3,42.84,-78.824,Theft of Vehicle
82753,84521,3,42.853,-78.824,Other Sexual Offense
82756,84524,3,42.841,-78.824,Theft
82757,84525,3,42.851,-78.829,Assault
82762,84530,3,42.89,-78.807,Assault
82777,84545,3,42.857,-78.821,Assault
82782,84550,3,42.837,-78.823,Theft
82818,84586,3,42.853,-78.811,Breaking & Entering
82819,84587,3,42.844,-78.829,Assault
82821,84589,3,42.881,-78.836,Breaking & Entering
82827,84595,3,42.887,-78.805,Theft
82831,84599,3,42.832,-78.815,Assault
82833,84601,3,42.897,-78.818,Assault
82840,84608,3,42.847,-78.831,Breaking & Entering
82844,84612,3,42.847,-78.815,Other Sexual Offense
82847,84615,3,42.872,-78.805,Theft
82857,84625,3,42.896,-78.84,Theft
82858,84626,3,42.896,-78.824,Robbery
82859,84627,3,42.865,-78.806,Theft
82862,84630,3,42.897,-78.836,Assault
82863,84631,3,42.846,-78.823,Theft
82872,84641,3,42.88,-78.839,Assault
82881,84651,3,42.855,-78.816,Theft
82884,84655,3,42.895,-78.829,Theft
82885,84656,3,42.896,-78.836,Assault
82894,84665,3,42.85,-78.804,Robbery
82897,84668,3,42.894,-78.827,Assault
82898,84669,3,42.848,-78.824,Breaking & Entering
82904,84675,3,42.854,-78.808,Theft
82916,84687,3,42.859,-78.826,Theft
82927,84698,3,42.898,-78.841,Theft
82933,84704,3,42.854,-78.809,Assault
82934,84705,3,42.858,-78.831,Assault
82936,84707,3,42.894,-78.832,Breaking & Entering
82942,84713,3,42.897,-78.825,Assault
82944,84715,3,42.856,-78.833,Assault
82957,84728,3,42.857,-78.807,Theft
82958,84729,3,42.889,-78.836,Breaking & Entering
82965,84736,3,42.871,-78.849,Theft
82967,84738,3,42.896,-78.815,Theft of Vehicle
82973,84744,3,42.887,-78.836,Breaking & Entering
82995,84766,3,42.878,-78.83,Assault
82997,84768,3,42.844,-78.829,Theft
83011,84782,3,42.859,-78.805,Assault
83013,84784,3,42.855,-78.811,Assault
83015,84786,3,42.878,-78.806,Theft
83021,84792,3,42.872,-78.809,Theft
83023,84794,3,42.872,-78.813,Theft
83024,84795,3,42.896,-78.827,Breaking & Entering
83047,84818,3,42.853,-78.82,Theft
83053,84824,3,42.871,-78.815,Theft of Vehicle
83055,84826,3,42.872,-78.842,Theft of Vehicle
83056,84827,3,42.856,-78.825,Breaking & Entering
83057,84828,3,42.858,-78.831,Theft
83058,84829,3,42.878,-78.842,Breaking & Entering
83061,84832,3,42.891,-78.832,Theft
83066,84837,3,42.891,-78.814,Theft
83075,84846,3,42.858,-78.823,Breaking & Entering
83088,84859,3,42.876,-78.816,Assault
83090,84861,3,42.848,-78.817,Theft
83100,84871,3,42.857,-78.812,Theft
83107,84878,3,42.865,-78.825,Robbery
83114,84885,3,42.858,-78.83,Theft
83116,84887,3,42.892,-78.814,Assault
83117,84888,3,42.851,-78.813,Theft
83119,84890,3,42.849,-78.814,Breaking & Entering
83126,84897,3,42.893,-78.827,Theft
83127,84898,3,42.897,-78.826,Assault
83128,84899,3,42.894,-78.839,Breaking & Entering
83132,84903,3,42.885,-78.848,Assault
83155,84926,3,42.867,-78.826,Theft
83156,84927,3,42.897,-78.814,Theft
83168,84940,3,42.875,-78.843,Assault
83169,84941,3,42.888,-78.838,Breaking & Entering
83174,84946,3,42.898,-78.831,Theft
83176,84948,3,42.87,-78.809,Theft
83178,84950,3,42.858,-78.83,Robbery
83180,84952,3,42.889,-78.813,Robbery
83181,84953,3,42.852,-78.827,Theft of Vehicle
83188,84960,3,42.88,-78.835,Breaking & Entering
83192,84964,3,42.881,-78.836,Breaking & Entering
83197,84969,3,42.858,-78.831,Theft
83201,84973,3,42.847,-78.824,Theft
83205,84978,3,42.899,-78.818,Theft
83210,84983,3,42.895,-78.826,Breaking & Entering
83215,84988,3,42.861,-78.801,Theft of Vehicle
83220,84993,3,42.857,-78.829,Theft
83221,84994,3,42.872,-78.81,Assault
83225,84998,3,42.857,-78.826,Assault
83233,85006,3,42.86,-78.808,Robbery
83237,85010,3,42.854,-78.828,Assault
83240,85013,3,42.894,-78.805,Breaking & Entering
83243,85016,3,42.86,-78.807,Assault
83262,85035,3,42.838,-78.804,Theft
83263,85036,3,42.886,-78.842,Theft of Vehicle
83270,85043,3,42.89,-78.833,Breaking & Entering
83274,85047,3,42.898,-78.807,Theft
83275,85048,3,42.898,-78.807,Theft
83279,85052,3,42.846,-78.814,Theft
83281,85054,3,42.852,-78.829,Assault
83286,85059,3,42.892,-78.81,Breaking & Entering
83287,85060,3,42.843,-78.832,Theft
83290,85063,3,42.853,-78.801,Other Sexual Offense
83295,85068,3,42.832,-78.805,Theft of Vehicle
83299,85072,3,42.884,-78.846,Breaking & Entering
83302,85075,3,42.892,-78.839,Theft of Vehicle
83304,85077,3,42.848,-78.812,Theft
83313,85086,3,42.873,-78.81,Theft of Vehicle
83315,85088,3,42.856,-78.813,Breaking & Entering
83316,85089,3,42.84,-78.801,Breaking & Entering
83317,85090,3,42.847,-78.81,Assault
83333,85106,3,42.876,-78.85,Theft
83340,85114,3,42.881,-78.844,Theft
83351,85125,3,42.898,-78.807,Theft
83358,85132,3,42.863,-78.819,Theft of Vehicle
83367,85141,3,42.89,-78.837,Breaking & Entering
83375,85149,3,42.894,-78.83,Assault
83378,85152,3,42.858,-78.814,Other Sexual Offense
83381,85155,3,42.888,-78.839,Sexual Assault
83387,85161,3,42.897,-78.83,Theft
83392,85166,3,42.851,-78.832,Assault
83398,85172,3,42.869,-78.836,Breaking & Entering
83402,85176,3,42.897,-78.816,Breaking & Entering
83409,85184,3,42.851,-78.822,Assault
83428,85204,3,42.846,-78.821,Breaking & Entering
83429,85205,3,42.852,-78.832,Assault
83432,85208,3,42.853,-78.824,Breaking & Entering
83440,85216,3,42.86,-78.811,Theft
83458,85234,3,42.855,-78.821,Breaking & Entering
83473,85249,3,42.858,-78.813,Theft
83492,85269,3,42.866,-78.823,Assault
83497,85274,3,42.889,-78.814,Theft
83510,85287,3,42.848,-78.812,Assault
83511,85288,3,42.893,-78.832,Theft
83516,85293,3,42.891,-78.83,Breaking & Entering
83518,85295,3,42.897,-78.822,Breaking & Entering
83519,85296,3,42.895,-78.829,Assault
83521,85298,3,42.842,-78.815,Assault
83526,85303,3,42.893,-78.833,Theft
83540,85317,3,42.895,-78.841,Breaking & Entering
83543,85320,3,42.854,-78.837,Assault
83547,85324,3,42.852,-78.825,Assault
83549,85326,3,42.88,-78.841,Breaking & Entering
83551,85328,3,42.882,-78.849,Assault
83553,85330,3,42.89,-78.802,Theft
83556,85333,3,42.842,-78.831,Theft
83557,85334,3,42.852,-78.819,Assault
83564,85341,3,42.893,-78.837,Theft
83567,85344,3,42.89,-78.845,Robbery
83568,85345,3,42.872,-78.81,Breaking & Entering
83592,85369,3,42.862,-78.813,Breaking & Entering
83595,85372,3,42.844,-78.832,Assault
83613,85390,3,42.884,-78.841,Assault
83616,85393,3,42.847,-78.832,Theft
83643,85421,3,42.865,-78.824,Breaking & Entering
83645,85423,3,42.89,-78.836,Theft
83653,85431,3,42.839,-78.802,Theft of Vehicle
83657,85435,3,42.89,-78.806,Breaking & Entering
83658,85436,3,42.851,-78.81,Breaking & Entering
83668,85446,3,42.853,-78.823,Assault
83671,85449,3,42.851,-78.806,Theft
83679,85457,3,42.843,-78.824,Theft
83683,85461,3,42.862,-78.818,Theft
83701,85479,3,42.897,-78.823,Breaking & Entering
83722,85501,3,42.838,-78.803,Theft
83727,85506,3,42.84,-78.827,Theft
83731,85510,3,42.899,-78.832,Breaking & Entering
83743,85522,3,42.89,-78.811,Breaking & Entering
83750,85529,3,42.874,-78.804,Breaking & Entering
83752,85531,3,42.873,-78.813,Breaking & Entering
83756,85535,3,42.87,-78.846,Theft
83773,85552,3,42.879,-78.842,Theft
83788,85567,3,42.891,-78.83,Robbery
83789,85568,3,42.855,-78.824,Theft
83791,85570,3,42.834,-78.807,Theft
83796,85575,3,42.847,-78.825,Breaking & Entering
83800,85579,3,42.899,-78.816,Theft
83802,85581,3,42.894,-78.821,Breaking & Entering
83810,85589,3,42.872,-78.842,Theft of Vehicle
83811,85590,3,42.859,-78.834,Theft
83816,85595,3,42.855,-78.813,Theft of Vehicle
83820,85599,3,42.852,-78.825,Assault
83822,85601,3,42.886,-78.843,Theft of Vehicle
83825,85604,3,42.877,-78.841,Theft
83826,85605,3,42.833,-78.806,Theft
83828,85607,3,42.89,-78.802,Other Sexual Offense
83835,85614,3,42.891,-78.803,Robbery
83839,85618,3,42.845,-78.824,Theft
83851,85630,3,42.888,-78.813,Assault
83852,85631,3,42.89,-78.808,Assault
83853,85632,3,42.836,-78.824,Theft
83856,85635,3,42.841,-78.805,Breaking & Entering
83861,85640,3,42.898,-78.824,Theft
83870,85649,3,42.856,-78.81,Theft
83871,85650,3,42.85,-78.815,Robbery
83874,85653,3,42.86,-78.814,Breaking & Entering
83875,85654,3,42.854,-78.808,Theft of Vehicle
83880,85659,3,42.87,-78.807,Breaking & Entering
83882,85661,3,42.886,-78.84,Assault
83886,85665,3,42.897,-78.83,Theft
83889,85668,3,42.896,-78.821,Assault
83891,85670,3,42.89,-78.842,Assault
83903,85683,3,42.866,-78.825,Theft
83910,85690,3,42.894,-78.836,Robbery
83911,85691,3,42.88,-78.801,Assault
83912,85692,3,42.857,-78.824,Theft
83913,85693,3,42.882,-78.836,Theft
83915,85695,3,42.868,-78.806,Breaking & Entering
83927,85707,3,42.874,-78.817,Robbery
83931,85711,3,42.895,-78.829,Theft
83937,85717,3,42.886,-78.839,Theft
83940,85720,3,42.883,-78.836,Theft
83951,85731,3,42.858,-78.822,Theft
83959,85739,3,42.853,-78.803,Assault
83961,85741,3,42.854,-78.805,Assault
83976,85756,3,42.852,-78.828,Theft
83977,85757,3,42.846,-78.802,Assault
83980,85760,3,42.869,-78.832,Assault
83989,85769,3,42.861,-78.817,Theft of Vehicle
83991,85771,3,42.861,-78.817,Breaking & Entering
84003,85783,3,42.895,-78.806,Breaking & Entering
84004,85784,3,42.865,-78.822,Theft
84008,85788,3,42.851,-78.802,Breaking & Entering
84031,85813,3,42.852,-78.805,Theft
84036,85818,3,42.842,-78.812,Theft
84041,85823,3,42.883,-78.844,Breaking & Entering
84048,85830,3,42.872,-78.809,Breaking & Entering
84054,85837,3,42.89,-78.804,Theft
84064,85847,3,42.894,-78.835,Theft of Vehicle
84076,85859,3,42.897,-78.825,Breaking & Entering
84082,85865,3,42.895,-78.829,Assault
84088,85871,3,42.854,-78.817,Theft
84090,85873,3,42.895,-78.833,Theft
84098,85881,3,42.854,-78.828,Theft
84103,85886,3,42.888,-78.841,Theft
84107,85890,3,42.896,-78.817,Theft
84108,85891,3,42.858,-78.814,Breaking & Entering
84110,85893,3,42.848,-78.824,Breaking & Entering
84127,85910,3,42.851,-78.821,Theft
84135,85918,3,42.895,-78.825,Assault
84137,85920,3,42.838,-78.804,Breaking & Entering
84138,85921,3,42.897,-78.838,Assault
84143,85926,3,42.896,-78.814,Breaking & Entering
84144,85927,3,42.855,-78.824,Theft of Vehicle
84157,85940,3,42.854,-78.826,Theft
84173,85957,3,42.851,-78.828,Theft
84179,85963,3,42.885,-78.84,Theft
84196,85982,3,42.872,-78.803,Theft
84197,85983,3,42.892,-78.809,Breaking & Entering
84200,85986,3,42.887,-78.807,Theft
84201,85987,3,42.889,-78.838,Assault
84202,85988,3,42.859,-78.834,Theft of Vehicle
84204,85990,3,42.853,-78.827,Breaking & Entering
84210,85996,3,42.844,-78.832,Assault
84215,86001,3,42.844,-78.823,Theft
84216,86002,3,42.868,-78.846,Theft
84232,86019,3,42.89,-78.835,Breaking & Entering
84235,86022,3,42.851,-78.828,Breaking & Entering
84262,86049,3,42.896,-78.837,Assault
84263,86050,3,42.852,-78.828,Breaking & Entering
84266,86053,3,42.893,-78.841,Robbery
84270,86057,3,42.858,-78.831,Theft
84274,86061,3,42.871,-78.834,Assault
84275,86062,3,42.87,-78.808,Breaking & Entering
84276,86063,3,42.889,-78.812,Assault
84277,86064,3,42.851,-78.822,Theft
84280,86067,3,42.854,-78.811,Theft
84288,86075,3,42.854,-78.828,Theft
84293,86080,3,42.897,-78.826,Breaking & Entering
84305,86092,3,42.869,-78.808,Robbery
84313,86100,3,42.891,-78.835,Assault
84315,86102,3,42.886,-78.802,Theft
84316,86103,3,42.886,-78.805,Assault
84317,86104,3,42.89,-78.808,Theft
84318,86105,3,42.897,-78.825,Assault
84326,86113,3,42.869,-78.828,Breaking & Entering
84330,86117,3,42.895,-78.825,Assault
84333,86120,3,42.892,-78.805,Assault
84336,86123,3,42.847,-78.823,Theft
84343,86130,3,42.857,-78.815,Theft
84349,86136,3,42.89,-78.8,Breaking & Entering
84358,86145,3,42.873,-78.82,Robbery
84360,86147,3,42.898,-78.807,Theft
84365,86152,3,42.855,-78.81,Theft
84368,86155,3,42.892,-78.825,Theft
84373,86160,3,42.833,-78.803,Theft
84385,86172,3,42.893,-78.839,Assault
84387,86174,3,42.86,-78.825,Theft
84389,86176,3,42.899,-78.81,Theft
84398,86185,3,42.865,-78.802,Breaking & Entering
84400,86187,3,42.893,-78.823,Breaking & Entering
84402,86189,3,42.885,-78.823,Theft
84408,86195,3,42.861,-78.807,Theft
84419,86206,3,42.87,-78.836,Assault
84422,86209,3,42.89,-78.808,Theft
84423,86210,3,42.878,-78.802,Theft
84427,86214,3,42.89,-78.813,Breaking & Entering
84431,86218,3,42.853,-78.803,Theft of Vehicle
84435,86222,3,42.85,-78.815,Theft
84442,86229,3,42.867,-78.85,Breaking & Entering
84444,86231,3,42.87,-78.834,Assault
84453,86240,3,42.892,-78.833,Sexual Assault
84466,86253,3,42.896,-78.825,Theft
84467,86254,3,42.897,-78.819,Assault
84469,86256,3,42.892,-78.807,Theft
84477,86264,3,42.892,-78.834,Assault
84487,86274,3,42.852,-78.805,Theft
84502,86289,3,42.869,-78.81,Robbery
84504,86291,3,42.884,-78.828,Theft
84505,86292,3,42.858,-78.831,Theft
84516,86303,3,42.846,-78.801,Assault
84520,86307,3,42.842,-78.822,Assault
84527,86314,3,42.896,-78.811,Theft
84536,86323,3,42.899,-78.832,Theft of Vehicle
84537,86324,3,42.895,-78.82,Breaking & Entering
84538,86325,3,42.893,-78.806,Theft
84539,86326,3,42.871,-78.802,Theft
84553,86340,3,42.882,-78.841,Theft
84559,86346,3,42.892,-78.841,Theft of Vehicle
84561,86348,3,42.842,-78.808,Theft of Vehicle
84577,86364,3,42.876,-78.852,Theft
84580,86367,3,42.853,-78.828,Breaking & Entering
84583,86370,3,42.892,-78.805,Breaking & Entering
84600,86389,3,42.868,-78.809,Assault
84609,86398,3,42.851,-78.802,Assault
84616,86405,3,42.896,-78.836,Theft
84630,86419,3,42.885,-78.839,Assault
84651,86440,3,42.879,-78.842,Assault
84653,86442,3,42.893,-78.837,Breaking & Entering
84654,86443,3,42.886,-78.805,Assault
84662,86452,3,42.873,-78.82,Theft
84677,86467,3,42.848,-78.824,Theft
84678,86468,3,42.86,-78.839,Theft
84679,86469,3,42.894,-78.807,Assault
84681,86471,3,42.897,-78.82,Assault
84685,86475,3,42.892,-78.827,Assault
84690,86480,3,42.897,-78.817,Theft
84699,86489,3,42.837,-78.824,Assault
84701,86491,3,42.895,-78.824,Breaking & Entering
84716,86506,3,42.874,-78.81,Theft
84717,86507,3,42.886,-78.839,Breaking & Entering
84725,86515,3,42.871,-78.844,Theft
84727,86517,3,42.859,-78.815,Breaking & Entering
84733,86523,3,42.873,-78.814,Assault
84742,86532,3,42.893,-78.841,Theft
84750,86541,3,42.876,-78.83,Theft
84751,86542,3,42.853,-78.824,Theft of Vehicle
84752,86543,3,42.87,-78.837,Theft
84755,86546,3,42.845,-78.815,Theft
84757,86548,3,42.897,-78.814,Assault
84758,86549,3,42.888,-78.816,Breaking & Entering
84773,86565,3,42.86,-78.815,Theft
84778,86570,3,42.897,-78.819,Assault
84779,86571,3,42.845,-78.819,Theft
84784,86576,3,42.875,-78.806,Breaking & Entering
84785,86577,3,42.885,-78.804,Breaking & Entering
84809,86603,3,42.833,-78.81,Other Sexual Offense
84814,86608,3,42.848,-78.824,Theft
84820,86614,3,42.837,-78.826,Theft
84822,86616,3,42.858,-78.831,Theft
84827,86621,3,42.859,-78.825,Theft
84830,86624,3,42.89,-78.802,Assault
84833,86627,3,42.899,-78.818,Assault
84837,86631,3,42.844,-78.823,Theft
84839,86633,3,42.896,-78.839,Theft
84840,86634,3,42.85,-78.818,Theft
84841,86635,3,42.839,-78.824,Theft
84853,86647,3,42.855,-78.809,Theft
84865,86659,3,42.888,-78.837,Assault
84872,86666,3,42.847,-78.824,Theft
84878,86673,3,42.845,-78.825,Assault
84880,86675,3,42.852,-78.832,Theft
84882,86677,3,42.896,-78.824,Robbery
84892,86687,3,42.897,-78.804,Theft
84894,86689,3,42.872,-78.811,Theft
84897,86693,3,42.877,-78.827,Theft
84910,86706,3,42.858,-78.831,Theft
84919,86715,3,42.894,-78.823,Theft of Vehicle
84947,86743,3,42.854,-78.833,Breaking & Entering
84951,86747,3,42.895,-78.806,Breaking & Entering
84952,86748,3,42.868,-78.856,Breaking & Entering
84955,86751,3,42.895,-78.825,Assault
84959,86755,3,42.889,-78.811,Theft
84961,86757,3,42.849,-78.822,Theft
84965,86761,3,42.889,-78.808,Theft
84966,86762,3,42.868,-78.803,Theft
84976,86772,3,42.868,-78.85,Theft
84980,86776,3,42.847,-78.825,Theft
84981,86777,3,42.834,-78.824,Theft
84990,86786,3,42.896,-78.816,Theft
84994,86790,3,42.876,-78.828,Theft
84998,86794,3,42.856,-78.818,Breaking & Entering
85015,86811,3,42.838,-78.819,Theft
85021,86817,3,42.89,-78.835,Breaking & Entering
85024,86820,3,42.892,-78.83,Theft
85027,86823,3,42.859,-78.812,Breaking & Entering
85037,86833,3,42.871,-78.816,Theft
85058,86854,3,42.851,-78.817,Theft
85074,86870,3,42.853,-78.829,Theft
85077,86873,3,42.898,-78.84,Assault
85088,86884,3,42.885,-78.81,Theft
85096,86892,3,42.895,-78.806,Breaking & Entering
85103,86899,3,42.857,-78.829,Assault
85108,86905,3,42.893,-78.821,Breaking & Entering
85114,86911,3,42.87,-78.85,Theft
85119,86916,3,42.869,-78.85,Theft of Vehicle
85129,86926,3,42.895,-78.83,Theft
85133,86930,3,42.876,-78.827,Breaking & Entering
85156,86953,3,42.834,-78.816,Theft
85157,86954,3,42.838,-78.808,Theft
85160,86958,3,42.89,-78.805,Assault
85162,86960,3,42.842,-78.827,Theft
85164,86962,3,42.873,-78.825,Theft
85165,86963,3,42.895,-78.807,Theft
85169,86967,3,42.868,-78.851,Assault
85171,86969,3,42.879,-78.837,Theft
85174,86972,3,42.84,-78.808,Assault
85179,86977,3,42.883,-78.844,Assault
85189,86987,3,42.871,-78.839,Theft
85193,86991,3,42.888,-78.804,Assault
85210,87008,3,42.887,-78.813,Theft
85217,87015,3,42.893,-78.832,Breaking & Entering
85218,87016,3,42.888,-78.809,Assault
85220,87018,3,42.858,-78.82,Breaking & Entering
85222,87020,3,42.86,-78.811,Theft
85225,87023,3,42.841,-78.824,Theft
85227,87025,3,42.87,-78.816,Assault
85231,87029,3,42.892,-78.805,Assault
85247,87045,3,42.879,-78.801,Theft
85256,87054,3,42.872,-78.845,Theft
85257,87055,3,42.854,-78.83,Assault
85262,87060,3,42.853,-78.821,Theft
85268,87066,3,42.871,-78.835,Assault
85273,87071,3,42.894,-78.843,Theft
85278,87077,3,42.847,-78.802,Theft
85282,87081,3,42.888,-78.805,Theft
85286,87085,3,42.852,-78.803,Assault
85298,87097,3,42.897,-78.823,Theft
85304,87103,3,42.872,-78.832,Theft
85305,87104,3,42.854,-78.808,Theft
85310,87109,3,42.889,-78.84,Theft
85312,87111,3,42.872,-78.82,Theft
85317,87116,3,42.894,-78.835,Breaking & Entering
85324,87123,3,42.835,-78.811,Theft
85331,87130,3,42.851,-78.827,Assault
85344,87143,3,42.894,-78.836,Breaking & Entering
85354,87154,3,42.854,-78.818,Theft of Vehicle
85363,87163,3,42.857,-78.812,Theft
85366,87166,3,42.898,-78.806,Breaking & Entering
85370,87170,3,42.855,-78.809,Theft
85374,87174,3,42.854,-78.808,Theft
85377,87177,3,42.872,-78.812,Assault
85378,87178,3,42.853,-78.808,Breaking & Entering
85384,87184,3,42.879,-78.842,Theft
85397,87197,3,42.893,-78.836,Theft
85401,87201,3,42.891,-78.803,Assault
85407,87207,3,42.847,-78.816,Theft
85409,87209,3,42.889,-78.843,Robbery
85410,87210,3,42.841,-78.813,Breaking & Entering
85411,87211,3,42.871,-78.833,Theft of Vehicle
85419,87219,3,42.871,-78.811,Breaking & Entering
85430,87230,3,42.857,-78.833,Breaking & Entering
85434,87234,3,42.866,-78.823,Breaking & Entering
85440,87240,3,42.869,-78.846,Breaking & Entering
85457,87257,3,42.895,-78.828,Assault
85461,87261,3,42.896,-78.817,Breaking & Entering
85472,87272,3,42.898,-78.806,Breaking & Entering
85473,87273,3,42.891,-78.826,Breaking & Entering
85476,87276,3,42.847,-78.832,Robbery
85495,87296,3,42.879,-78.802,Theft
85502,87303,3,42.898,-78.837,Assault
85510,87311,3,42.843,-78.82,Theft
85529,87331,3,42.895,-78.822,Breaking & Entering
85532,87334,3,42.893,-78.837,Theft
85534,87336,3,42.839,-78.816,Assault
85540,87342,3,42.898,-78.807,Theft
85552,87354,3,42.859,-78.814,Theft of Vehicle
85554,87357,3,42.856,-78.808,Theft
85555,87358,3,42.882,-78.849,Theft
85569,87372,3,42.871,-78.807,Theft
85572,87375,3,42.851,-78.828,Theft
85582,87386,3,42.855,-78.816,Theft
85588,87392,3,42.841,-78.824,Theft
85595,87399,3,42.857,-78.823,Assault
85609,87413,3,42.838,-78.812,Theft
85616,87420,3,42.854,-78.82,Theft
85618,87422,3,42.851,-78.806,Breaking & Entering
85619,87423,3,42.873,-78.841,Theft
85639,87443,3,42.843,-78.822,Breaking & Entering
85647,87451,3,42.857,-78.813,Theft
85654,87458,3,42.895,-78.804,Assault
85655,87459,3,42.867,-78.808,Assault
85656,87460,3,42.88,-78.841,Theft
85659,87463,3,42.887,-78.814,Assault
85664,87468,3,42.854,-78.809,Theft
85666,87471,3,42.893,-78.823,Breaking & Entering
85668,87473,3,42.895,-78.827,Assault
85687,87492,3,42.853,-78.81,Breaking & Entering
85689,87494,3,42.894,-78.82,Theft
85691,87496,3,42.849,-78.821,Assault
85697,87502,3,42.853,-78.809,Theft
85704,87509,3,42.871,-78.811,Theft
85722,87527,3,42.886,-78.809,Theft
85751,87558,3,42.866,-78.85,Theft
85754,87561,3,42.843,-78.824,Theft
85759,87567,3,42.869,-78.831,Theft of Vehicle
85762,87570,3,42.894,-78.837,Robbery
85768,87576,3,42.89,-78.81,Theft
85770,87578,3,42.896,-78.824,Theft
85780,87588,3,42.893,-78.807,Assault
85785,87593,3,42.89,-78.808,Theft
85788,87596,3,42.872,-78.853,Theft of Vehicle
85794,87602,3,42.895,-78.805,Breaking & Entering
85795,87603,3,42.858,-78.814,Breaking & Entering
85799,87607,3,42.854,-78.815,Breaking & Entering
85802,87611,3,42.895,-78.84,Assault
85806,87615,3,42.852,-78.827,Theft
85813,87622,3,42.846,-78.813,Theft
85815,87624,3,42.87,-78.834,Assault
85823,87632,3,42.853,-78.83,Other Sexual Offense
85824,87633,3,42.893,-78.803,Assault
85826,87635,3,42.879,-78.84,Assault
85830,87639,3,42.896,-78.824,Assault
85838,87647,3,42.856,-78.826,Assault
85842,87651,3,42.895,-78.822,Breaking & Entering
85848,87658,3,42.833,-78.824,Theft
85850,87660,3,42.878,-78.801,Robbery
85866,87676,3,42.848,-78.812,Assault
85868,87678,3,42.879,-78.802,Theft
85872,87682,3,42.872,-78.804,Assault
85874,87684,3,42.89,-78.8,Assault
85885,87695,3,42.894,-78.821,Theft
85888,87698,3,42.877,-78.814,Theft
85894,87704,3,42.837,-78.807,Theft
85901,87711,3,42.868,-78.806,Theft
85902,87712,3,42.858,-78.82,Breaking & Entering
85903,87713,3,42.86,-78.808,Robbery
85921,87731,3,42.894,-78.835,Theft
85928,87738,3,42.87,-78.809,Theft of Vehicle
85932,87742,3,42.879,-78.835,Robbery
85952,87762,3,42.861,-78.816,Breaking & Entering
85958,87768,3,42.846,-78.82,Theft
85968,87778,3,42.886,-78.808,Theft
85969,87779,3,42.893,-78.828,Theft
85977,87787,3,42.889,-78.804,Assault
85979,87789,3,42.895,-78.83,Theft
85981,87791,3,42.855,-78.817,Breaking & Entering
85984,87794,3,42.859,-78.814,Theft of Vehicle
85989,87799,3,42.851,-78.81,Robbery
86000,87810,3,42.884,-78.839,Theft
86002,87812,3,42.853,-78.827,Theft
86006,87816,3,42.851,-78.829,Sexual Assault
86007,87817,3,42.889,-78.8,Theft
86021,87831,3,42.862,-78.814,Theft
86023,87833,3,42.848,-78.824,Theft
86026,87836,3,42.835,-78.817,Theft
86030,87840,3,42.848,-78.824,Assault
86036,87846,3,42.872,-78.809,Theft of Vehicle
86038,87848,3,42.853,-78.834,Theft
86039,87849,3,42.879,-78.842,Theft
86041,87851,3,42.854,-78.812,Other Sexual Offense
86045,87855,3,42.897,-78.818,Theft
86052,87862,3,42.866,-78.821,Theft
86059,87869,3,42.883,-78.831,Breaking & Entering
86061,87871,3,42.869,-78.811,Assault
86062,87872,3,42.893,-78.839,Theft
86063,87873,3,42.898,-78.807,Breaking & Entering
86069,87879,3,42.89,-78.837,Breaking & Entering
86072,87882,3,42.885,-78.814,Theft of Vehicle
86075,87885,3,42.892,-78.814,Theft of Vehicle
86078,87888,3,42.857,-78.805,Theft
86082,87892,3,42.84,-78.822,Theft
86085,87895,3,42.896,-78.831,Breaking & Entering
86088,87898,3,42.868,-78.805,Robbery
86089,87899,3,42.857,-78.812,Theft
86094,87904,3,42.886,-78.842,Theft
86121,87932,3,42.892,-78.806,Assault
86139,87950,3,42.858,-78.817,Theft
86141,87952,3,42.89,-78.811,Assault
86147,87958,3,42.894,-78.83,Robbery
86151,87962,3,42.843,-78.824,Breaking & Entering
86152,87963,3,42.869,-78.833,Theft
86161,87972,3,42.857,-78.81,Theft of Vehicle
86180,87991,3,42.894,-78.843,Breaking & Entering
86187,87998,3,42.837,-78.809,Theft
86189,88000,3,42.89,-78.806,Breaking & Entering
86195,88006,3,42.895,-78.841,Assault
86197,88008,3,42.868,-78.837,Assault
86198,88009,3,42.848,-78.832,Theft
86201,88012,3,42.895,-78.836,Assault
86204,88015,3,42.877,-78.814,Theft of Vehicle
86207,88018,3,42.88,-78.839,Theft
86212,88023,3,42.893,-78.84,Sexual Assault
86213,88024,3,42.857,-78.812,Assault
86233,88044,3,42.866,-78.824,Theft
86240,88051,3,42.898,-78.807,Theft
86245,88056,3,42.873,-78.806,Theft
86250,88061,3,42.889,-78.808,Theft
86254,88065,3,42.885,-78.808,Theft
86260,88071,3,42.899,-78.81,Theft
86272,88083,3,42.853,-78.803,Breaking & Entering
86273,88084,3,42.889,-78.817,Breaking & Entering
86281,88092,3,42.838,-78.811,Assault
86283,88094,3,42.873,-78.812,Assault
86286,88097,3,42.898,-78.801,Breaking & Entering
86289,88100,3,42.857,-78.812,Theft
86290,88101,3,42.879,-78.842,Theft
86293,88104,3,42.855,-78.825,Assault
86295,88106,3,42.899,-78.82,Sexual Assault
86300,88111,3,42.833,-78.818,Breaking & Entering
86306,88117,3,42.857,-78.816,Breaking & Entering
86321,88133,3,42.891,-78.825,Breaking & Entering
86339,88152,3,42.844,-78.827,Theft of Vehicle
86346,88159,3,42.896,-78.82,Breaking & Entering
86348,88161,3,42.896,-78.838,Assault
86353,88166,3,42.885,-78.815,Theft
86358,88171,3,42.898,-78.84,Breaking & Entering
86369,88182,3,42.868,-78.836,Breaking & Entering
86384,88197,3,42.856,-78.834,Theft
86386,88199,3,42.895,-78.82,Theft
86392,88206,3,42.872,-78.844,Breaking & Entering
86401,88215,3,42.874,-78.803,Theft
86410,88224,3,42.863,-78.811,Theft
86413,88227,3,42.857,-78.825,Assault
86416,88230,3,42.897,-78.819,Assault
86428,88242,3,42.87,-78.835,Assault
86435,88249,3,42.853,-78.816,Assault
86436,88250,3,42.875,-78.808,Theft of Vehicle
86446,88260,3,42.88,-78.802,Theft
86456,88270,3,42.861,-78.817,Robbery
86458,88272,3,42.848,-78.812,Theft
86461,88275,3,42.855,-78.833,Theft
86463,88277,3,42.895,-78.823,Breaking & Entering
86464,88278,3,42.894,-78.805,Theft
86468,88282,3,42.869,-78.852,Theft of Vehicle
86475,88289,3,42.859,-78.816,Assault
86484,88298,3,42.841,-78.824,Theft
86486,88300,3,42.858,-78.813,Theft
86491,88305,3,42.851,-78.824,Theft
86496,88310,3,42.896,-78.82,Theft
86500,88314,3,42.855,-78.812,Theft
86501,88315,3,42.884,-78.835,Assault
86505,88319,3,42.882,-78.847,Theft
86507,88321,3,42.85,-78.804,Theft
86514,88328,3,42.892,-78.806,Theft
86519,88333,3,42.897,-78.816,Breaking & Entering
86522,88336,3,42.855,-78.832,Theft
86530,88344,3,42.874,-78.827,Theft
86533,88347,3,42.85,-78.803,Assault
86534,88348,3,42.871,-78.815,Breaking & Entering
86536,88350,3,42.835,-78.811,Theft
86540,88354,3,42.837,-78.809,Theft of Vehicle
86554,88368,3,42.839,-78.808,Assault
86555,88369,3,42.888,-78.811,Theft
86564,88378,3,42.88,-78.84,Breaking & Entering
86567,88381,3,42.885,-78.81,Theft of Vehicle
86573,88387,3,42.897,-78.82,Theft of Vehicle
86583,88397,3,42.898,-78.807,Theft
86588,88402,3,42.875,-78.804,Assault
86591,88405,3,42.844,-78.826,Assault
86599,88413,3,42.887,-78.815,Breaking & Entering
86601,88415,3,42.87,-78.836,Robbery
86603,88417,3,42.85,-78.813,Theft
86610,88424,3,42.896,-78.805,Theft
86624,88439,3,42.897,-78.816,Theft
86627,88442,3,42.885,-78.842,Assault
86634,88449,3,42.885,-78.81,Theft
86640,88455,3,42.853,-78.807,Theft
86644,88459,3,42.89,-78.8,Theft
86649,88464,3,42.895,-78.839,Breaking & Entering
86654,88469,3,42.879,-78.841,Theft
86665,88480,3,42.895,-78.825,Theft
86675,88490,3,42.862,-78.815,Breaking & Entering
86682,88497,3,42.873,-78.829,Theft
86684,88499,3,42.869,-78.831,Breaking & Entering
86695,88510,3,42.869,-78.847,Theft
86702,88517,3,42.859,-78.812,Breaking & Entering
86707,88522,3,42.843,-78.818,Theft
86725,88541,3,42.898,-78.807,Theft
86729,88545,3,42.848,-78.812,Assault
86734,88550,3,42.896,-78.838,Breaking & Entering
86743,88559,3,42.846,-78.823,Theft
86746,88562,3,42.848,-78.824,Assault
86752,88568,3,42.858,-78.813,Assault
86754,88570,3,42.889,-78.807,Assault
86760,88576,3,42.898,-78.84,Assault
86768,88584,3,42.881,-78.84,Assault
86769,88585,3,42.835,-78.805,Breaking & Entering
86773,88589,3,42.845,-78.818,Breaking & Entering
86778,88594,3,42.866,-78.858,Breaking & Entering
86780,88596,3,42.886,-78.802,Theft
86786,88602,3,42.878,-78.834,Theft
86794,88610,3,42.859,-78.814,Theft
86797,88613,3,42.862,-78.813,Assault
86799,88615,3,42.85,-78.83,Theft
86802,88618,3,42.882,-78.832,Breaking & Entering
86803,88619,3,42.875,-78.831,Robbery
86805,88621,3,42.871,-78.837,Assault
86809,88626,3,42.898,-78.819,Theft
86819,88636,3,42.897,-78.819,Breaking & Entering
86824,88641,3,42.886,-78.805,Assault
86827,88644,3,42.89,-78.806,Assault
86838,88655,3,42.855,-78.806,Assault
86839,88656,3,42.893,-78.826,Robbery
86842,88659,3,42.857,-78.821,Breaking & Entering
86846,88663,3,42.896,-78.815,Theft
86850,88667,3,42.847,-78.827,Assault
86863,88680,3,42.886,-78.803,Theft
86874,88691,3,42.89,-78.834,Assault
86894,88712,3,42.835,-78.824,Assault
86896,88714,3,42.849,-78.816,Breaking & Entering
86902,88720,3,42.886,-78.81,Assault
86903,88721,3,42.857,-78.812,Theft
86912,88730,3,42.87,-78.833,Breaking & Entering
86916,88734,3,42.89,-78.802,Theft
86919,88737,3,42.851,-78.832,Theft
86928,88747,3,42.844,-78.826,Breaking & Entering
86932,88751,3,42.881,-78.801,Theft
86933,88752,3,42.857,-78.809,Theft
86941,88760,3,42.843,-78.826,Breaking & Entering
86943,88762,3,42.847,-78.812,Theft
86945,88764,3,42.893,-78.839,Assault
86946,88766,3,42.848,-78.815,Breaking & Entering
86950,88770,3,42.893,-78.826,Breaking & Entering
86955,88775,3,42.841,-78.824,Theft
86956,88776,3,42.874,-78.831,Breaking & Entering
86963,88783,3,42.896,-78.836,Breaking & Entering
86983,88803,3,42.892,-78.834,Theft
87000,88820,3,42.846,-78.813,Theft
87002,88822,3,42.875,-78.832,Breaking & Entering
87007,88828,3,42.896,-78.821,Assault
87009,88830,3,42.856,-78.828,Theft
87013,88834,3,42.882,-78.841,Breaking & Entering
87014,88835,3,42.884,-78.845,Theft
87019,88840,3,42.873,-78.802,Theft
87020,88841,3,42.89,-78.803,Assault
87021,88842,3,42.892,-78.832,Theft
87024,88845,3,42.848,-78.824,Assault
87029,88850,3,42.868,-78.809,Theft
87031,88852,3,42.88,-78.842,Assault
87032,88853,3,42.894,-78.821,Assault
87033,88854,3,42.896,-78.842,Theft
87034,88855,3,42.888,-78.807,Assault
87035,88856,3,42.896,-78.82,Theft
87039,88860,3,42.87,-78.81,Theft of Vehicle
87047,88868,3,42.85,-78.805,Assault
87048,88869,3,42.883,-78.849,Theft of Vehicle
87053,88874,3,42.847,-78.803,Theft
87054,88875,3,42.889,-78.811,Theft
87067,88888,3,42.851,-78.809,Assault
87094,88915,3,42.857,-78.811,Assault
87098,88919,3,42.865,-78.824,Assault
87101,88922,3,42.872,-78.803,Theft
87107,88929,3,42.881,-78.805,Theft
87112,88934,3,42.881,-78.836,Breaking & Entering
87113,88935,3,42.848,-78.824,Assault
87118,88940,3,42.842,-78.824,Theft
87120,88942,3,42.889,-78.815,Theft
87124,88946,3,42.871,-78.835,Breaking & Entering
87131,88953,3,42.892,-78.834,Theft
87138,88960,3,42.858,-78.831,Theft
87142,88965,3,42.898,-78.835,Theft
87148,88971,3,42.845,-78.824,Theft
87149,88972,3,42.854,-78.806,Theft
87150,88973,3,42.872,-78.821,Breaking & Entering
87155,88978,3,42.897,-78.819,Theft of Vehicle
87160,88983,3,42.872,-78.818,Theft
87163,88986,3,42.871,-78.849,Assault
87192,89016,3,42.838,-78.803,Theft of Vehicle
87197,89021,3,42.899,-78.84,Other Sexual Offense
87201,89025,3,42.898,-78.817,Assault
87207,89031,3,42.841,-78.824,Theft
87217,89042,3,42.848,-78.824,Theft
87235,89060,3,42.838,-78.812,Theft
87242,89067,3,42.886,-78.805,Theft
87243,89068,3,42.877,-78.829,Breaking & Entering
87244,89069,3,42.846,-78.802,Breaking & Entering
87254,89079,3,42.853,-78.828,Other Sexual Offense
87260,89085,3,42.858,-78.804,Assault
87265,89090,3,42.882,-78.8,Theft
87275,89100,3,42.848,-78.824,Theft
87279,89104,3,42.86,-78.814,Breaking & Entering
87282,89107,3,42.843,-78.824,Theft of Vehicle
87285,89110,3,42.837,-78.826,Theft
87290,89115,3,42.888,-78.814,Theft
87297,89122,3,42.889,-78.839,Theft
87299,89124,3,42.871,-78.834,Theft
87304,89129,3,42.898,-78.807,Robbery
87306,89131,3,42.886,-78.846,Assault
87314,89139,3,42.883,-78.835,Breaking & Entering
87319,89146,3,42.89,-78.802,Assault
87322,89149,3,42.871,-78.852,Assault
87331,89158,3,42.848,-78.832,Theft
87344,89171,3,42.845,-78.824,Theft
87355,89182,3,42.846,-78.834,Theft of Vehicle
87357,89184,3,42.833,-78.821,Breaking & Entering
87358,89185,3,42.873,-78.813,Theft of Vehicle
87361,89188,3,42.854,-78.834,Assault
87365,89193,3,42.852,-78.834,Theft
87369,89197,3,42.885,-78.814,Theft
87387,89216,3,42.894,-78.821,Breaking & Entering
87399,89228,3,42.857,-78.83,Theft
87402,89231,3,42.851,-78.812,Theft
87403,89232,3,42.892,-78.842,Robbery
87406,89235,3,42.891,-78.808,Theft
87409,89238,3,42.848,-78.812,Theft of Vehicle
87411,89240,3,42.887,-78.808,Theft of Vehicle
87412,89241,3,42.856,-78.824,Robbery
87414,89243,3,42.847,-78.826,Theft of Vehicle
87420,89249,3,42.875,-78.843,Theft
87426,89255,3,42.834,-78.807,Assault
87429,89258,3,42.879,-78.837,Breaking & Entering
87435,89264,3,42.898,-78.839,Theft
87442,89271,3,42.898,-78.819,Theft
87451,89280,3,42.898,-78.822,Theft of Vehicle
87466,89295,3,42.867,-78.851,Breaking & Entering
87477,89306,3,42.897,-78.814,Theft
87480,89309,3,42.854,-78.805,Breaking & Entering
87487,89316,3,42.895,-78.828,Theft of Vehicle
87497,89326,3,42.838,-78.808,Theft
87498,89327,3,42.87,-78.831,Assault
87513,89342,3,42.89,-78.812,Theft
87518,89347,3,42.858,-78.827,Assault
87520,89349,3,42.888,-78.809,Assault
87522,89351,3,42.86,-78.815,Theft
87526,89355,3,42.838,-78.808,Theft
87533,89362,3,42.842,-78.828,Theft
87547,89376,3,42.895,-78.819,Theft
87549,89378,3,42.89,-78.834,Robbery
87552,89381,3,42.895,-78.822,Theft
87555,89384,3,42.873,-78.841,Robbery
87559,89388,3,42.872,-78.844,Theft
87566,89395,3,42.845,-78.812,Theft
87567,89396,3,42.852,-78.827,Breaking & Entering
87569,89398,3,42.868,-78.837,Sexual Offense
87570,89399,3,42.899,-78.817,Robbery
87571,89400,3,42.843,-78.825,Assault
87585,89415,3,42.878,-78.848,Assault
87594,89424,3,42.894,-78.835,Theft
87598,89428,3,42.836,-78.803,Theft
87604,89434,3,42.88,-78.834,Theft
87611,89441,3,42.874,-78.817,Assault
87615,89445,3,42.895,-78.822,Assault
87620,89450,3,42.851,-78.828,Theft
87624,89454,3,42.834,-78.824,Theft
87627,89457,3,42.841,-78.824,Theft of Vehicle
87630,89460,3,42.885,-78.814,Theft
87639,89469,3,42.884,-78.839,Robbery
87651,89481,3,42.89,-78.807,Theft
87656,89486,3,42.894,-78.816,Theft
87658,89488,3,42.85,-78.82,Assault
87662,89492,3,42.898,-78.815,Theft
87663,89493,3,42.857,-78.812,Theft
87664,89494,3,42.898,-78.807,Theft
87670,89500,3,42.88,-78.85,Breaking & Entering
87680,89510,3,42.869,-78.849,Theft
87694,89524,3,42.853,-78.832,Assault
87697,89527,3,42.851,-78.825,Theft
87699,89529,3,42.89,-78.802,Theft
87702,89532,3,42.892,-78.805,Assault
87706,89536,3,42.889,-78.815,Breaking & Entering
87711,89541,3,42.887,-78.803,Breaking & Entering
87714,89544,3,42.884,-78.846,Theft
87722,89553,3,42.891,-78.83,Breaking & Entering
87727,89558,3,42.896,-78.82,Sexual Assault
87740,89571,3,42.877,-78.833,Breaking & Entering
87746,89577,3,42.894,-78.828,Robbery
87755,89586,3,42.845,-78.824,Robbery
87774,89605,3,42.897,-78.838,Theft
87782,89613,3,42.868,-78.849,Breaking & Entering
87783,89614,3,42.894,-78.803,Theft
87786,89617,3,42.889,-78.808,Theft
87788,89619,3,42.894,-78.835,Assault
87789,89620,3,42.881,-78.836,Breaking & Entering
87794,89625,3,42.841,-78.824,Theft
87800,89631,3,42.894,-78.824,Breaking & Entering
87804,89635,3,42.897,-78.812,Theft
87814,89645,3,42.89,-78.812,Assault
87823,89654,3,42.891,-78.813,Theft
87830,89661,3,42.853,-78.826,Assault
87838,89669,3,42.848,-78.812,Theft of Vehicle
87867,89698,3,42.856,-78.808,Assault
87870,89701,3,42.873,-78.804,Theft
87872,89703,3,42.898,-78.82,Theft of Vehicle
87878,89709,3,42.855,-78.836,Theft
87887,89718,3,42.854,-78.805,Theft
87888,89719,3,42.885,-78.804,Theft
87893,89724,3,42.848,-78.819,Theft
87896,89727,3,42.89,-78.833,Theft
87897,89728,3,42.878,-78.84,Theft
87900,89731,3,42.89,-78.805,Theft
87907,89738,3,42.897,-78.836,Theft
87935,89767,3,42.863,-78.812,Theft
87937,89769,3,42.892,-78.844,Theft
87940,89772,3,42.85,-78.824,Theft
87941,89773,3,42.896,-78.827,Assault
87951,89783,3,42.842,-78.824,Assault
87954,89786,3,42.895,-78.829,Assault
87962,89796,3,42.845,-78.824,Robbery
87967,89801,3,42.855,-78.808,Breaking & Entering
87970,89804,3,42.896,-78.82,Theft of Vehicle
87976,89810,3,42.855,-78.807,Breaking & Entering
87979,89813,3,42.851,-78.801,Theft
87981,89815,3,42.845,-78.825,Theft
87986,89820,3,42.898,-78.816,Breaking & Entering
87995,89829,3,42.858,-78.827,Theft
88017,89852,3,42.851,-78.814,Assault
88020,89855,3,42.844,-78.824,Breaking & Entering
88027,89862,3,42.849,-78.802,Breaking & Entering
88043,89878,3,42.859,-78.834,Assault
88046,89881,3,42.887,-78.8,Assault
88050,89885,3,42.895,-78.827,Assault
88055,89890,3,42.897,-78.832,Theft of Vehicle
88058,89893,3,42.851,-78.824,Theft of Vehicle
88064,89899,3,42.894,-78.803,Breaking & Entering
88066,89901,3,42.892,-78.832,Breaking & Entering
88067,89902,3,42.888,-78.807,Assault
88074,89909,3,42.839,-78.813,Assault
88077,89912,3,42.896,-78.817,Assault
88092,89927,3,42.873,-78.841,Breaking & Entering
88106,89941,3,42.853,-78.821,Theft
88116,89951,3,42.862,-78.813,Theft
88118,89953,3,42.87,-78.85,Theft
88125,89960,3,42.893,-78.814,Breaking & Entering
88126,89961,3,42.894,-78.804,Theft of Vehicle
88130,89965,3,42.86,-78.813,Breaking & Entering
88138,89973,3,42.858,-78.831,Theft
88141,89976,3,42.854,-78.827,Assault
88142,89977,3,42.885,-78.824,Assault
88155,89990,3,42.843,-78.819,Theft
88156,89991,3,42.874,-78.852,Theft
88160,89995,3,42.88,-78.814,Theft
88164,89999,3,42.872,-78.834,Theft
88165,90000,3,42.866,-78.822,Breaking & Entering
88166,90001,3,42.849,-78.823,Breaking & Entering
88168,90003,3,42.895,-78.818,Theft
88170,90005,3,42.888,-78.808,Theft
88178,90014,3,42.857,-78.831,Theft
88190,90026,3,42.848,-78.824,Robbery
88191,90027,3,42.877,-78.816,Breaking & Entering
88200,90038,3,42.89,-78.807,Theft
88208,90046,3,42.87,-78.805,Theft
88214,90052,3,42.854,-78.812,Robbery
88215,90053,3,42.85,-78.803,Assault
88220,90058,3,42.863,-78.85,Assault
88224,90062,3,42.891,-78.803,Breaking & Entering
88226,90064,3,42.834,-78.827,Theft
88228,90066,3,42.892,-78.805,Assault
88237,90075,3,42.856,-78.825,Assault
88241,90079,3,42.896,-78.823,Breaking & Entering
88247,90085,3,42.85,-78.803,Sexual Assault
88255,90093,3,42.877,-78.827,Theft
88263,90101,3,42.885,-78.804,Breaking & Entering
88269,90107,3,42.897,-78.805,Theft of Vehicle
88271,90109,3,42.848,-78.812,Assault
88275,90113,3,42.855,-78.808,Theft
88277,90115,3,42.86,-78.825,Theft
88286,90125,3,42.861,-78.807,Theft
88291,90130,3,42.87,-78.828,Robbery
88292,90131,3,42.871,-78.836,Theft
88301,90140,3,42.895,-78.83,Theft
88306,90145,3,42.873,-78.801,Theft
88308,90147,3,42.877,-78.845,Breaking & Entering
88312,90151,3,42.888,-78.8,Theft
88331,90171,3,42.85,-78.824,Assault
88338,90178,3,42.853,-78.829,Theft
88342,90182,3,42.856,-78.825,Assault
88369,90209,3,42.893,-78.832,Theft
88380,90220,3,42.846,-78.827,Breaking & Entering
88381,90221,3,42.892,-78.842,Theft
88382,90222,3,42.851,-78.806,Theft
88383,90223,3,42.872,-78.808,Assault
88384,90224,3,42.845,-78.824,Theft
88391,90231,3,42.897,-78.838,Theft
88393,90233,3,42.899,-78.836,Assault
88394,90234,3,42.889,-78.843,Theft
88395,90235,3,42.856,-78.811,Theft of Vehicle
88398,90238,3,42.834,-78.815,Theft of Vehicle
88402,90242,3,42.87,-78.808,Theft
88405,90245,3,42.869,-78.835,Breaking & Entering
88407,90247,3,42.868,-78.81,Breaking & Entering
88408,90248,3,42.89,-78.844,Theft
88420,90260,3,42.888,-78.808,Theft of Vehicle
88427,90267,3,42.887,-78.803,Assault
88428,90268,3,42.855,-78.828,Breaking & Entering
88431,90271,3,42.895,-78.806,Assault
88435,90275,3,42.853,-78.828,Breaking & Entering
88438,90278,3,42.87,-78.834,Theft
88441,90281,3,42.84,-78.807,Breaking & Entering
88447,90287,3,42.894,-78.826,Assault
88453,90293,3,42.855,-78.806,Breaking & Entering
88455,90295,3,42.843,-78.82,Breaking & Entering
88462,90302,3,42.859,-78.809,Theft
88463,90303,3,42.896,-78.824,Theft
88465,90305,3,42.856,-78.836,Theft
88466,90306,3,42.897,-78.834,Theft of Vehicle
88467,90307,3,42.89,-78.805,Breaking & Entering
88474,90314,3,42.869,-78.832,Theft
88491,90331,3,42.861,-78.81,Assault
88492,90332,3,42.846,-78.818,Robbery
88495,90335,3,42.889,-78.812,Theft
88504,90344,3,42.857,-78.829,Theft
88514,90355,3,42.845,-78.824,Theft
88516,90357,3,42.891,-78.835,Breaking & Entering
88518,90359,3,42.858,-78.831,Theft
88520,90361,3,42.873,-78.806,Theft of Vehicle
88529,90370,3,42.887,-78.808,Breaking & Entering
88535,90376,3,42.85,-78.804,Breaking & Entering
88537,90378,3,42.833,-78.824,Theft
88542,90383,3,42.872,-78.802,Assault
88552,90393,3,42.868,-78.801,Theft
88569,90410,3,42.894,-78.83,Robbery
88579,90420,3,42.86,-78.825,Theft
88589,90430,3,42.842,-78.829,Theft
88600,90441,3,42.896,-78.826,Other Sexual Offense
88619,90460,3,42.897,-78.84,Robbery
88620,90461,3,42.854,-78.808,Theft
88621,90462,3,42.841,-78.809,Theft
88624,90465,3,42.898,-78.807,Theft
88637,90478,3,42.882,-78.841,Theft
88647,90489,3,42.867,-78.847,Assault
88648,90490,3,42.896,-78.833,Assault
88653,90495,3,42.892,-78.814,Robbery
88659,90502,3,42.886,-78.842,Assault
88661,90504,3,42.89,-78.845,Theft of Vehicle
88662,90505,3,42.861,-78.802,Theft
88666,90509,3,42.891,-78.826,Breaking & Entering
88668,90511,3,42.895,-78.805,Assault
88677,90520,3,42.883,-78.804,Theft
88679,90523,3,42.897,-78.803,Breaking & Entering
88683,90527,3,42.885,-78.81,Theft
88689,90533,3,42.896,-78.817,Theft of Vehicle
88691,90535,3,42.896,-78.825,Theft
88692,90536,3,42.87,-78.806,Robbery
88699,90543,3,42.894,-78.827,Breaking & Entering
88705,90549,3,42.838,-78.828,Theft
88712,90556,3,42.857,-78.824,Theft
88715,90559,3,42.899,-78.816,Breaking & Entering
88722,90566,3,42.892,-78.836,Theft
88723,90567,3,42.853,-78.802,Assault
88726,90570,3,42.887,-78.808,Breaking & Entering
88739,90583,3,42.896,-78.832,Assault
88763,90607,3,42.845,-78.824,Breaking & Entering
88767,90611,3,42.844,-78.824,Assault
88773,90618,3,42.857,-78.813,Theft
88795,90640,3,42.895,-78.832,Theft
88796,90641,3,42.863,-78.811,Theft
88799,90644,3,42.889,-78.837,Breaking & Entering
88802,90647,3,42.896,-78.804,Theft
88824,90670,3,42.851,-78.815,Theft
88832,90678,3,42.863,-78.821,Breaking & Entering
88849,90695,3,42.857,-78.812,Theft
88851,90697,3,42.844,-78.831,Theft of Vehicle
88853,90699,3,42.872,-78.809,Assault
88863,90710,3,42.876,-78.846,Breaking & Entering
88866,90713,3,42.895,-78.829,Theft
88874,90721,3,42.878,-78.834,Theft
88878,90725,3,42.894,-78.805,Breaking & Entering
88884,90731,3,42.852,-78.803,Breaking & Entering
88886,90733,3,42.848,-78.824,Other Sexual Offense
88891,90738,3,42.873,-78.819,Theft
88899,90747,3,42.862,-78.819,Assault
88902,90750,3,42.845,-78.818,Theft
88907,90755,3,42.867,-78.806,Theft
88918,90766,3,42.896,-78.805,Breaking & Entering
88924,90773,3,42.869,-78.847,Theft
88929,90778,3,42.832,-78.806,Theft
88943,90792,3,42.847,-78.819,Breaking & Entering
88946,90795,3,42.855,-78.806,Theft
88952,90801,3,42.881,-78.801,Theft
88955,90804,3,42.896,-78.814,Breaking & Entering
88960,90809,3,42.877,-78.827,Assault
88969,90818,3,42.85,-78.803,Assault
88976,90825,3,42.893,-78.837,Breaking & Entering
88981,90830,3,42.838,-78.821,Theft
88983,90832,3,42.843,-78.827,Assault
88995,90845,3,42.855,-78.826,Theft
88996,90846,3,42.849,-78.816,Theft
89000,90850,3,42.848,-78.828,Theft
89009,90859,3,42.842,-78.822,Theft
89027,90877,3,42.889,-78.81,Theft
89044,90894,3,42.869,-78.811,Breaking & Entering
89045,90895,3,42.838,-78.808,Assault
89063,90914,3,42.873,-78.813,Theft of Vehicle
89066,90917,3,42.899,-78.831,Assault
89070,90921,3,42.856,-78.807,Sexual Assault
89072,90923,3,42.897,-78.82,Robbery
89074,90926,3,42.896,-78.82,Assault
89076,90928,3,42.894,-78.827,Breaking & Entering
89079,90931,3,42.891,-78.804,Theft
89083,90935,3,42.869,-78.834,Sexual Assault
89096,90948,3,42.841,-78.824,Theft
89100,90952,3,42.852,-78.802,Breaking & Entering
89110,90963,3,42.889,-78.807,Theft of Vehicle
89112,90965,3,42.857,-78.812,Theft
89118,90971,3,42.894,-78.819,Assault
89120,90973,3,42.892,-78.832,Assault
89123,90976,3,42.845,-78.825,Theft
89125,90978,3,42.853,-78.802,Robbery
89128,90981,3,42.855,-78.833,Theft
89129,90982,3,42.86,-78.825,Robbery
89133,90986,3,42.892,-78.83,Theft
89134,90987,3,42.889,-78.808,Theft
89137,90990,3,42.854,-78.825,Breaking & Entering
89139,90992,3,42.855,-78.808,Theft
89148,91001,3,42.859,-78.814,Assault
89152,91005,3,42.895,-78.83,Theft
89159,91012,3,42.891,-78.83,Theft
89166,91019,3,42.861,-78.812,Theft
89170,91023,3,42.883,-78.83,Theft
89171,91024,3,42.855,-78.819,Assault
89174,91027,3,42.887,-78.802,Assault
89182,91035,3,42.875,-78.851,Theft
89194,91047,3,42.895,-78.829,Robbery
89195,91048,3,42.87,-78.836,Theft
89197,91050,3,42.897,-78.813,Sexual Assault
89204,91057,3,42.896,-78.818,Assault
89206,91059,3,42.895,-78.83,Assault
89210,91063,3,42.896,-78.819,Assault
89215,91068,3,42.84,-78.826,Theft
89234,91087,3,42.871,-78.811,Theft
89242,91095,3,42.888,-78.835,Assault
89247,91100,3,42.898,-78.822,Theft
89248,91101,3,42.892,-78.844,Assault
89253,91107,3,42.884,-78.824,Theft
89255,91109,3,42.887,-78.801,Assault
89257,91111,3,42.896,-78.82,Theft
89260,91114,3,42.853,-78.814,Theft
89263,91117,3,42.851,-78.82,Theft
89278,91133,3,42.856,-78.806,Assault
89281,91136,3,42.868,-78.804,Assault
89295,91150,3,42.874,-78.804,Breaking & Entering
89311,91166,3,42.893,-78.839,Sexual Assault
89317,91172,3,42.843,-78.82,Theft
89319,91174,3,42.898,-78.839,Theft
89320,91175,3,42.855,-78.824,Assault
89331,91186,3,42.837,-78.819,Assault
89334,91189,3,42.894,-78.837,Breaking & Entering
89336,91191,3,42.89,-78.807,Robbery
89342,91197,3,42.858,-78.831,Theft
89346,91201,3,42.847,-78.814,Theft
89352,91207,3,42.892,-78.838,Theft
89353,91208,3,42.896,-78.817,Theft
89363,91219,3,42.873,-78.81,Theft
89370,91226,3,42.893,-78.835,Theft
89372,91228,3,42.89,-78.833,Breaking & Entering
89373,91229,3,42.854,-78.805,Theft of Vehicle
89375,91231,3,42.846,-78.823,Breaking & Entering
89377,91233,3,42.853,-78.807,Theft of Vehicle
89388,91244,3,42.874,-78.805,Theft of Vehicle
89398,91254,3,42.833,-78.824,Theft
89407,91263,3,42.896,-78.835,Homicide
89411,91267,3,42.869,-78.83,Assault
89420,91276,3,42.873,-78.807,Breaking & Entering
89425,91281,3,42.884,-78.833,Assault
89431,91287,3,42.869,-78.846,Breaking & Entering
89441,91297,3,42.848,-78.828,Breaking & Entering
89443,91299,3,42.863,-78.814,Theft
89447,91303,3,42.896,-78.813,Breaking & Entering
89455,91311,3,42.872,-78.809,Assault
89456,91312,3,42.872,-78.806,Breaking & Entering
89465,91321,3,42.863,-78.818,Theft
89466,91322,3,42.895,-78.823,Assault
89473,91329,3,42.853,-78.805,Theft
89487,91343,3,42.875,-78.808,Assault
89491,91347,3,42.873,-78.851,Theft
89492,91348,3,42.857,-78.821,Breaking & Entering
89511,91367,3,42.888,-78.815,Assault
89514,91370,3,42.882,-78.848,Breaking & Entering
89523,91380,3,42.852,-78.832,Theft of Vehicle
89525,91382,3,42.851,-78.822,Theft
89528,91385,3,42.871,-78.849,Theft
89543,91400,3,42.894,-78.833,Assault
89553,91410,3,42.87,-78.806,Theft of Vehicle
89554,91411,3,42.887,-78.843,Assault
89558,91416,3,42.896,-78.816,Assault
89562,91420,3,42.853,-78.803,Theft
89564,91422,3,42.866,-78.801,Theft
89573,91431,3,42.872,-78.802,Assault
89582,91440,3,42.853,-78.821,Theft
89583,91441,3,42.898,-78.832,Theft
89588,91446,3,42.892,-78.835,Assault
89590,91448,3,42.838,-78.819,Theft
89593,91451,3,42.844,-78.827,Theft
89596,91454,3,42.894,-78.821,Breaking & Entering
89609,91467,3,42.861,-78.812,Breaking & Entering
89610,91468,3,42.877,-78.843,Breaking & Entering
89612,91470,3,42.873,-78.808,Breaking & Entering
89614,91472,3,42.898,-78.817,Breaking & Entering
89625,91483,3,42.878,-78.833,Breaking & Entering
89628,91486,3,42.854,-78.82,Assault
89632,91490,3,42.887,-78.84,Theft of Vehicle
89636,91495,3,42.888,-78.838,Theft
89642,91501,3,42.886,-78.84,Assault
89656,91515,3,42.888,-78.816,Theft
89663,91522,3,42.848,-78.824,Sexual Assault
89669,91528,3,42.858,-78.81,Other Sexual Offense
89671,91531,3,42.854,-78.809,Breaking & Entering
89678,91538,3,42.857,-78.812,Theft
89682,91542,3,42.895,-78.822,Assault
89685,91545,3,42.878,-78.846,Breaking & Entering
89687,91547,3,42.854,-78.808,Theft
89689,91549,3,42.887,-78.813,Theft
89694,91554,3,42.856,-78.833,Breaking & Entering
89698,91558,3,42.861,-78.82,Theft
89706,91566,3,42.851,-78.802,Breaking & Entering
89708,91568,3,42.879,-78.836,Robbery
89711,91571,3,42.838,-78.81,Theft
89713,91573,3,42.887,-78.841,Breaking & Entering
89714,91574,3,42.893,-78.839,Theft
89715,91575,3,42.875,-78.826,Assault
89738,91598,3,42.886,-78.82,Theft
89742,91602,3,42.855,-78.828,Breaking & Entering
89743,91603,3,42.858,-78.815,Theft
89744,91604,3,42.872,-78.807,Breaking & Entering
89748,91608,3,42.838,-78.818,Breaking & Entering
89749,91609,3,42.858,-78.814,Theft
89754,91614,3,42.894,-78.831,Theft
89757,91617,3,42.844,-78.828,Assault
89795,91655,3,42.892,-78.826,Theft
89800,91660,3,42.848,-78.824,Assault
89808,91668,3,42.873,-78.804,Theft of Vehicle
89811,91671,3,42.866,-78.822,Breaking & Entering
89814,91674,3,42.885,-78.811,Theft
89815,91675,3,42.892,-78.831,Assault
89819,91679,3,42.839,-78.824,Theft
89823,91683,3,42.896,-78.822,Robbery
89832,91692,3,42.889,-78.812,Theft
89834,91694,3,42.839,-78.824,Theft
89848,91708,3,42.848,-78.824,Theft
89849,91709,3,42.885,-78.804,Breaking & Entering
89851,91711,3,42.868,-78.807,Breaking & Entering
89855,91716,3,42.871,-78.806,Theft of Vehicle
89870,91731,3,42.844,-78.812,Theft
89873,91734,3,42.856,-78.832,Assault
89874,91735,3,42.86,-78.812,Theft
89888,91749,3,42.885,-78.839,Assault
89894,91755,3,42.885,-78.843,Other Sexual Offense
89898,91759,3,42.857,-78.82,Breaking & Entering
89902,91763,3,42.852,-78.827,Assault
89905,91766,3,42.898,-78.819,Theft of Vehicle
89909,91770,3,42.855,-78.819,Breaking & Entering
89911,91772,3,42.89,-78.805,Assault
89922,91783,3,42.843,-78.813,Theft
89934,91795,3,42.875,-78.803,Theft
89935,91796,3,42.884,-78.829,Theft
89950,91811,3,42.876,-78.825,Assault
89951,91812,3,42.871,-78.831,Assault
89952,91813,3,42.853,-78.804,Theft of Vehicle
89962,91823,3,42.86,-78.805,Assault
89963,91824,3,42.854,-78.816,Theft of Vehicle
89967,91828,3,42.891,-78.843,Theft
89973,91834,3,42.871,-78.852,Theft
89977,91838,3,42.88,-78.84,Theft
89980,91841,3,42.891,-78.812,Assault
89984,91845,3,42.872,-78.806,Theft
89993,91854,3,42.887,-78.805,Theft
90014,91875,3,42.896,-78.815,Theft
90017,91878,3,42.89,-78.807,Assault
90023,91884,3,42.841,-78.812,Theft
90026,91887,3,42.89,-78.812,Assault
90029,91890,3,42.845,-78.823,Breaking & Entering
90045,91907,3,42.896,-78.841,Breaking & Entering
90046,91908,3,42.866,-78.848,Assault
90047,91909,3,42.897,-78.823,Assault
90049,91911,3,42.855,-78.809,Assault
90054,91916,3,42.852,-78.807,Theft
90064,91926,3,42.887,-78.81,Theft
90066,91928,3,42.848,-78.824,Assault
90070,91932,3,42.896,-78.814,Assault
90080,91942,3,42.869,-78.807,Theft
90082,91944,3,42.893,-78.806,Theft
90085,91947,3,42.835,-78.801,Robbery
90095,91957,3,42.897,-78.804,Breaking & Entering
90103,91965,3,42.851,-78.801,Assault
90104,91966,3,42.849,-78.812,Assault
90106,91968,3,42.891,-78.812,Theft
90116,91978,3,42.833,-78.806,Theft
90122,91984,3,42.854,-78.808,Theft
90127,91989,3,42.895,-78.83,Breaking & Entering
90128,91990,3,42.899,-78.819,Assault
90132,91994,3,42.84,-78.807,Theft
90133,91995,3,42.873,-78.805,Assault
90145,92007,3,42.863,-78.821,Theft
90152,92014,3,42.851,-78.803,Assault
90159,92021,3,42.889,-78.812,Assault
90169,92031,3,42.85,-78.804,Theft
90188,92050,3,42.833,-78.805,Theft of Vehicle
90193,92055,3,42.891,-78.834,Breaking & Entering
90200,92062,3,42.869,-78.831,Assault
90205,92067,3,42.894,-78.839,Theft
90215,92077,3,42.836,-78.824,Theft
90219,92081,3,42.872,-78.832,Assault
90222,92084,3,42.893,-78.83,Theft
90225,92087,3,42.886,-78.815,Theft
90226,92088,3,42.896,-78.836,Assault
90229,92091,3,42.844,-78.826,Assault
90234,92096,3,42.89,-78.814,Assault
90235,92097,3,42.894,-78.834,Theft
90239,92101,3,42.855,-78.807,Assault
90240,92102,3,42.851,-78.823,Breaking & Entering
90241,92104,3,42.874,-78.801,Theft
90244,92107,3,42.898,-78.836,Assault
90246,92109,3,42.894,-78.836,Assault
90247,92110,3,42.873,-78.806,Theft
90254,92117,3,42.888,-78.809,Assault
90258,92121,3,42.879,-78.842,Theft
90265,92129,3,42.894,-78.822,Assault
90278,92142,3,42.896,-78.822,Theft
90281,92145,3,42.87,-78.832,Theft
90291,92155,3,42.868,-78.807,Breaking & Entering
90294,92158,3,42.883,-78.837,Theft
90301,92166,3,42.893,-78.836,Breaking & Entering
90308,92173,3,42.897,-78.815,Assault
90309,92174,3,42.861,-78.839,Theft
90313,92178,3,42.885,-78.81,Theft of Vehicle
90319,92184,3,42.899,-78.816,Breaking & Entering
90323,92188,3,42.845,-78.812,Theft
90325,92190,3,42.888,-78.838,Breaking & Entering
90327,92192,3,42.869,-78.831,Assault
90328,92193,3,42.892,-78.833,Breaking & Entering
90334,92199,3,42.87,-78.843,Theft
90339,92204,3,42.88,-78.839,Assault
90348,92213,3,42.891,-78.83,Breaking & Entering
90358,92223,3,42.891,-78.84,Theft
90380,92247,3,42.867,-78.824,Theft of Vehicle
90391,92258,3,42.84,-78.808,Assault
90393,92260,3,42.848,-78.812,Assault
90415,92282,3,42.856,-78.824,Theft
90417,92284,3,42.899,-78.819,Theft
90425,92292,3,42.897,-78.806,Theft
90431,92298,3,42.898,-78.831,Breaking & Entering
90432,92299,3,42.891,-78.844,Breaking & Entering
90444,92311,3,42.887,-78.814,Assault
90458,92325,3,42.88,-78.839,Theft
90466,92333,3,42.861,-78.817,Breaking & Entering
90468,92335,3,42.871,-78.815,Theft of Vehicle
90469,92336,3,42.894,-78.838,Theft
90471,92338,3,42.848,-78.824,Theft
90473,92340,3,42.89,-78.807,Assault
90485,92352,3,42.894,-78.824,Theft of Vehicle
90489,92356,3,42.868,-78.837,Theft
90492,92359,3,42.894,-78.835,Theft of Vehicle
90493,92360,3,42.888,-78.816,Theft
90499,92366,3,42.837,-78.824,Breaking & Entering
90502,92369,3,42.834,-78.824,Theft
90504,92371,3,42.861,-78.81,Assault
90506,92373,3,42.853,-78.803,Theft
90513,92380,3,42.896,-78.827,Breaking & Entering
90516,92383,3,42.858,-78.806,Breaking & Entering
90521,92388,3,42.877,-78.845,Theft
90529,92396,3,42.892,-78.809,Theft
90541,92408,3,42.857,-78.806,Assault
90546,92413,3,42.869,-78.807,Assault
90557,92424,3,42.851,-78.826,Theft
90560,92427,3,42.893,-78.841,Theft
90569,92436,3,42.895,-78.83,Theft
90571,92438,3,42.892,-78.837,Breaking & Entering
90577,92444,3,42.874,-78.802,Assault
90582,92449,3,42.87,-78.803,Theft
90583,92450,3,42.871,-78.833,Breaking & Entering
90586,92453,3,42.833,-78.824,Theft
90591,92458,3,42.897,-78.817,Breaking & Entering
90597,92464,3,42.845,-78.823,Breaking & Entering
90608,92475,3,42.895,-78.836,Theft
90611,92479,3,42.891,-78.814,Breaking & Entering
90614,92482,3,42.892,-78.844,Assault
90631,92499,3,42.852,-78.804,Assault
90633,92502,3,42.837,-78.809,Theft
90635,92504,3,42.87,-78.848,Theft
90636,92505,3,42.859,-78.816,Theft
90641,92510,3,42.839,-78.857,Theft
90644,92513,3,42.833,-78.824,Theft
90658,92527,3,42.841,-78.817,Theft
90660,92529,3,42.834,-78.823,Theft
90668,92537,3,42.899,-78.822,Breaking & Entering
90669,92538,3,42.885,-78.839,Theft of Vehicle
90682,92551,3,42.857,-78.812,Breaking & Entering
90685,92554,3,42.844,-78.826,Theft
90687,92556,3,42.896,-78.8,Assault
90695,92564,3,42.855,-78.814,Breaking & Entering
90702,92571,3,42.844,-78.824,Assault
90703,92572,3,42.879,-78.841,Sexual Offense
90710,92579,3,42.887,-78.815,Theft
90711,92580,3,42.891,-78.843,Assault
90721,92590,3,42.856,-78.831,Assault
90733,92603,3,42.848,-78.823,Breaking & Entering
90737,92607,3,42.87,-78.832,Theft
90741,92611,3,42.886,-78.82,Sexual Assault
90744,92614,3,42.853,-78.822,Assault
90747,92617,3,42.848,-78.82,Theft
90755,92625,3,42.897,-78.815,Theft
90759,92629,3,42.857,-78.825,Robbery
90761,92631,3,42.893,-78.837,Theft
90763,92633,3,42.862,-78.812,Breaking & Entering
90773,92643,3,42.842,-78.83,Assault
90774,92644,3,42.896,-78.836,Breaking & Entering
90782,92653,3,42.852,-78.828,Breaking & Entering
90785,92656,3,42.835,-78.832,Theft
90789,92660,3,42.872,-78.81,Theft
90799,92670,3,42.893,-78.839,Robbery
90801,92672,3,42.888,-78.846,Assault
90803,92674,3,42.858,-78.813,Theft
90811,92682,3,42.884,-78.839,Theft of Vehicle
90812,92683,3,42.832,-78.811,Other Sexual Offense
90814,92685,3,42.891,-78.834,Assault
90821,92692,3,42.898,-78.84,Theft of Vehicle
90822,92693,3,42.855,-78.83,Theft
90824,92695,3,42.88,-78.84,Theft of Vehicle
90831,92702,3,42.899,-78.81,Theft
90835,92706,3,42.863,-78.805,Breaking & Entering
90836,92707,3,42.897,-78.835,Theft of Vehicle
90847,92718,3,42.85,-78.803,Assault
90848,92719,3,42.855,-78.825,Theft
90851,92722,3,42.84,-78.823,Theft
90858,92729,3,42.854,-78.807,Breaking & Entering
90864,92735,3,42.869,-78.855,Theft of Vehicle
90865,92736,3,42.897,-78.823,Robbery
90866,92737,3,42.898,-78.807,Theft
90867,92738,3,42.89,-78.802,Breaking & Entering
90872,92743,3,42.892,-78.83,Breaking & Entering
90873,92744,3,42.86,-78.815,Breaking & Entering
90877,92748,3,42.896,-78.836,Assault
90883,92754,3,42.884,-78.839,Theft
90885,92756,3,42.858,-78.832,Assault
90886,92757,3,42.857,-78.802,Theft
90892,92763,3,42.855,-78.822,Theft
90893,92764,3,42.86,-78.811,Assault
90895,92766,3,42.892,-78.808,Breaking & Entering
90900,92771,3,42.872,-78.82,Theft of Vehicle
90904,92775,3,42.894,-78.837,Assault
90909,92780,3,42.845,-78.824,Theft
90911,92782,3,42.89,-78.832,Theft
90912,92783,3,42.861,-78.821,Assault
90916,92787,3,42.865,-78.824,Assault
90917,92788,3,42.889,-78.808,Theft
90934,92805,3,42.855,-78.803,Theft
90944,92815,3,42.856,-78.833,Robbery
90949,92820,3,42.887,-78.802,Theft
90950,92821,3,42.888,-78.805,Sexual Offense
90954,92825,3,42.837,-78.824,Theft
90963,92834,3,42.845,-78.832,Theft of Vehicle
90971,92843,3,42.844,-78.824,Robbery
90975,92847,3,42.845,-78.824,Theft
90977,92849,3,42.889,-78.808,Assault
90983,92855,3,42.885,-78.843,Theft
90991,92863,3,42.87,-78.81,Theft
90997,92869,3,42.864,-78.823,Breaking & Entering
91010,92882,3,42.859,-78.815,Breaking & Entering
91013,92885,3,42.858,-78.812,Assault
91019,92891,3,42.897,-78.82,Assault
91021,92893,3,42.893,-78.833,Theft
91030,92902,3,42.885,-78.817,Theft
91033,92905,3,42.845,-78.813,Theft of Vehicle
91034,92906,3,42.89,-78.805,Assault
91041,92913,3,42.852,-78.813,Assault
91044,92916,3,42.894,-78.836,Robbery
91047,92919,3,42.886,-78.803,Assault
91051,92923,3,42.833,-78.813,Theft
91062,92935,3,42.847,-78.83,Assault
91064,92937,3,42.851,-78.811,Other Sexual Offense
91069,92942,3,42.892,-78.825,Breaking & Entering
91070,92943,3,42.878,-78.835,Robbery
91072,92945,3,42.886,-78.811,Theft
91075,92948,3,42.884,-78.835,Robbery
91076,92949,3,42.888,-78.809,Theft
91082,92955,3,42.89,-78.832,Breaking & Entering
91092,92965,3,42.896,-78.817,Assault
91100,92973,3,42.872,-78.808,Theft
91105,92978,3,42.894,-78.824,Assault
91108,92981,3,42.861,-78.82,Theft of Vehicle
91111,92984,3,42.893,-78.823,Theft of Vehicle
91116,92990,3,42.894,-78.84,Theft
91117,92991,3,42.858,-78.809,Other Sexual Offense
91129,93003,3,42.881,-78.841,Breaking & Entering
91130,93004,3,42.845,-78.823,Theft
91134,93008,3,42.899,-78.816,Robbery
91140,93014,3,42.889,-78.813,Assault
91144,93018,3,42.879,-78.835,Theft
91146,93020,3,42.842,-78.824,Theft
91152,93027,3,42.89,-78.805,Assault
91154,93029,3,42.85,-78.815,Theft
91159,93034,3,42.877,-78.849,Theft
91163,93038,3,42.885,-78.814,Robbery
91167,93042,3,42.854,-78.808,Theft
91182,93057,3,42.87,-78.827,Theft
91189,93064,3,42.858,-78.831,Theft
91199,93074,3,42.848,-78.824,Assault
91201,93076,3,42.839,-78.824,Theft
91202,93077,3,42.856,-78.823,Assault
91204,93079,3,42.879,-78.833,Breaking & Entering
91216,93092,3,42.857,-78.829,Theft
91218,93094,3,42.894,-78.82,Breaking & Entering
91241,93118,3,42.889,-78.811,Theft
91247,93124,3,42.89,-78.809,Theft
91250,93127,3,42.899,-78.819,Assault
91251,93128,3,42.86,-78.817,Breaking & Entering
91252,93129,3,42.892,-78.828,Breaking & Entering
91254,93131,3,42.841,-78.809,Theft
91259,93136,3,42.87,-78.802,Theft of Vehicle
91267,93144,3,42.837,-78.826,Theft
91286,93163,3,42.899,-78.831,Breaking & Entering
91292,93170,3,42.858,-78.823,Theft
91295,93173,3,42.869,-78.829,Theft
91307,93185,3,42.87,-78.833,Assault
91312,93190,3,42.855,-78.807,Theft
91319,93197,3,42.835,-78.816,Theft
91320,93198,3,42.895,-78.806,Assault
91323,93201,3,42.895,-78.827,Assault
91328,93206,3,42.851,-78.825,Theft
91333,93211,3,42.874,-78.807,Assault
91335,93213,3,42.842,-78.822,Robbery
91336,93214,3,42.851,-78.829,Theft of Vehicle
91337,93215,3,42.894,-78.834,Theft
91347,93225,3,42.89,-78.832,Theft
91349,93227,3,42.893,-78.83,Breaking & Entering
91352,93230,3,42.872,-78.815,Assault
91360,93238,3,42.867,-78.803,Theft
91361,93239,3,42.895,-78.836,Assault
91364,93242,3,42.848,-78.824,Assault
91370,93248,3,42.896,-78.826,Assault
91380,93258,3,42.88,-78.842,Other Sexual Offense
91384,93262,3,42.898,-78.82,Breaking & Entering
91386,93264,3,42.837,-78.825,Breaking & Entering
91396,93274,3,42.897,-78.82,Theft
91403,93282,3,42.855,-78.809,Theft
91405,93284,3,42.884,-78.845,Breaking & Entering
91407,93286,3,42.856,-78.82,Assault
91408,93287,3,42.897,-78.805,Breaking & Entering
91417,93296,3,42.849,-78.818,Theft
91429,93308,3,42.852,-78.807,Breaking & Entering
91444,93323,3,42.855,-78.809,Assault
91445,93324,3,42.851,-78.824,Theft
91451,93330,3,42.855,-78.832,Assault
91454,93333,3,42.894,-78.819,Theft
91462,93342,3,42.897,-78.815,Robbery
91469,93349,3,42.892,-78.84,Theft
91474,93354,3,42.851,-78.802,Assault
91487,93368,3,42.893,-78.809,Assault
91488,93369,3,42.89,-78.801,Breaking & Entering
91500,93381,3,42.892,-78.84,Assault
91502,93383,3,42.863,-78.819,Theft
91505,93386,3,42.896,-78.816,Theft
91507,93388,3,42.844,-78.825,Breaking & Entering
91509,93390,3,42.862,-78.819,Theft
91514,93395,3,42.896,-78.819,Assault
91517,93398,3,42.898,-78.807,Robbery
91518,93399,3,42.86,-78.818,Theft
91533,93414,3,42.858,-78.83,Theft
91558,93439,3,42.857,-78.829,Theft
91569,93450,3,42.866,-78.805,Breaking & Entering
91572,93453,3,42.896,-78.84,Theft
91577,93458,3,42.89,-78.811,Theft
91578,93459,3,42.855,-78.824,Assault
91580,93461,3,42.88,-78.835,Theft
91581,93462,3,42.853,-78.811,Theft
91585,93466,3,42.86,-78.825,Assault
91589,93470,3,42.876,-78.852,Breaking & Entering
91590,93471,3,42.852,-78.816,Theft
91599,93481,3,42.895,-78.805,Theft
91600,93482,3,42.837,-78.821,Theft
91602,93484,3,42.898,-78.801,Breaking & Entering
91608,93490,3,42.853,-78.824,Sexual Assault
91610,93492,3,42.896,-78.809,Assault
91612,93494,3,42.858,-78.811,Theft
91613,93495,3,42.841,-78.824,Theft
91623,93505,3,42.872,-78.842,Breaking & Entering
91627,93509,3,42.857,-78.828,Assault
91641,93523,3,42.899,-78.822,Breaking & Entering
91645,93527,3,42.846,-78.82,Theft
91646,93528,3,42.875,-78.805,Assault
91653,93535,3,42.856,-78.809,Robbery
91661,93544,3,42.857,-78.824,Theft
91666,93549,3,42.894,-78.826,Robbery
91667,93550,3,42.887,-78.8,Breaking & Entering
91676,93559,3,42.893,-78.823,Breaking & Entering
91684,93567,3,42.895,-78.83,Assault
91685,93568,3,42.898,-78.807,Theft
91694,93577,3,42.894,-78.833,Robbery
91700,93583,3,42.896,-78.824,Theft of Vehicle
91701,93584,3,42.894,-78.806,Breaking & Entering
91706,93589,3,42.896,-78.8,Theft
91732,93615,3,42.894,-78.809,Assault
91739,93622,3,42.858,-78.813,Theft
91746,93629,3,42.897,-78.838,Theft of Vehicle
91751,93634,3,42.889,-78.81,Assault
91755,93638,3,42.855,-78.833,Assault
91773,93656,3,42.888,-78.837,Breaking & Entering
91776,93659,3,42.89,-78.811,Theft
91788,93671,3,42.835,-78.816,Theft
91794,93677,3,42.872,-78.802,Breaking & Entering
91800,93683,3,42.895,-78.824,Assault
91804,93688,3,42.853,-78.837,Theft
91807,93691,3,42.895,-78.839,Breaking & Entering
91808,93692,3,42.885,-78.84,Assault
91809,93693,3,42.853,-78.821,Theft
91821,93705,3,42.877,-78.827,Theft of Vehicle
91826,93710,3,42.85,-78.815,Theft
91835,93720,3,42.872,-78.811,Theft
91845,93730,3,42.897,-78.819,Assault
91850,93735,3,42.837,-78.825,Breaking & Entering
91853,93738,3,42.844,-78.816,Theft
91854,93739,3,42.853,-78.805,Theft
91859,93744,3,42.835,-78.814,Robbery
91861,93746,3,42.892,-78.807,Assault
91862,93747,3,42.895,-78.805,Assault
91868,93753,3,42.882,-78.84,Theft
91872,93757,3,42.874,-78.828,Breaking & Entering
91878,93763,3,42.895,-78.818,Theft
91879,93764,3,42.898,-78.806,Breaking & Entering
91880,93765,3,42.878,-78.801,Assault
91881,93766,3,42.898,-78.814,Breaking & Entering
91887,93772,3,42.894,-78.824,Assault
91889,93774,3,42.85,-78.812,Breaking & Entering
91903,93789,3,42.897,-78.816,Assault
91914,93800,3,42.895,-78.842,Theft of Vehicle
91921,93807,3,42.844,-78.815,Theft
91942,93828,3,42.896,-78.821,Robbery
91948,93834,3,42.863,-78.825,Theft
91950,93836,3,42.89,-78.839,Theft
91952,93838,3,42.878,-78.813,Breaking & Entering
91958,93844,3,42.878,-78.834,Breaking & Entering
91965,93851,3,42.855,-78.827,Theft
91972,93858,3,42.859,-78.809,Theft
91973,93859,3,42.841,-78.811,Theft
91975,93861,3,42.873,-78.814,Assault
91976,93862,3,42.848,-78.813,Theft
91979,93865,3,42.889,-78.808,Theft
91982,93868,3,42.872,-78.8,Breaking & Entering
91983,93869,3,42.846,-78.829,Theft
91987,93873,3,42.893,-78.834,Breaking & Entering
91989,93875,3,42.857,-78.812,Theft
91994,93880,3,42.849,-78.817,Assault
91997,93883,3,42.86,-78.814,Assault
91999,93885,3,42.854,-78.826,Theft
92010,93896,3,42.895,-78.822,Theft
92012,93898,3,42.844,-78.828,Robbery
92028,93914,3,42.858,-78.83,Theft
92031,93917,3,42.875,-78.808,Theft
92032,93918,3,42.862,-78.818,Theft
92036,93922,3,42.869,-78.802,Assault
92039,93925,3,42.858,-78.808,Breaking & Entering
92040,93926,3,42.851,-78.805,Theft
92041,93927,3,42.838,-78.824,Theft of Vehicle
92060,93946,3,42.896,-78.817,Robbery
92065,93951,3,42.852,-78.805,Robbery
92069,93955,3,42.885,-78.844,Theft
92073,93959,3,42.89,-78.807,Breaking & Entering
92077,93964,3,42.893,-78.841,Theft
92083,93970,3,42.885,-78.84,Robbery
92084,93971,3,42.878,-78.845,Breaking & Entering
92090,93977,3,42.847,-78.832,Breaking & Entering
92094,93981,3,42.892,-78.838,Theft of Vehicle
92096,93983,3,42.858,-78.831,Theft
92103,93990,3,42.892,-78.831,Assault
92125,94012,3,42.897,-78.818,Theft
92138,94026,3,42.887,-78.805,Assault
92145,94033,3,42.836,-78.822,Theft of Vehicle
92149,94037,3,42.868,-78.838,Theft of Vehicle
92154,94042,3,42.867,-78.847,Assault
92155,94043,3,42.896,-78.836,Theft
92164,94052,3,42.845,-78.809,Assault
92168,94056,3,42.844,-78.812,Theft
92178,94066,3,42.898,-78.823,Theft
92194,94082,3,42.897,-78.836,Assault
92199,94087,3,42.898,-78.819,Breaking & Entering
92202,94090,3,42.869,-78.817,Theft
92208,94096,3,42.895,-78.83,Theft
92209,94097,3,42.834,-78.824,Theft
92214,94102,3,42.848,-78.824,Theft
92217,94105,3,42.845,-78.819,Breaking & Entering
92218,94106,3,42.891,-78.833,Sexual Assault
92224,94112,3,42.857,-78.812,Theft
92226,94114,3,42.854,-78.833,Assault
92228,94116,3,42.891,-78.824,Assault
92232,94120,3,42.891,-78.833,Theft
92238,94126,3,42.87,-78.833,Assault
92244,94132,3,42.897,-78.814,Assault
92245,94133,3,42.891,-78.826,Breaking & Entering
92250,94138,3,42.891,-78.815,Assault
92251,94139,3,42.839,-78.858,Breaking & Entering
92252,94140,3,42.837,-78.83,Breaking & Entering
92253,94141,3,42.856,-78.811,Assault
92256,94144,3,42.89,-78.84,Assault
92260,94148,3,42.897,-78.816,Assault
92263,94151,3,42.869,-78.849,Breaking & Entering
92266,94154,3,42.853,-78.826,Assault
92268,94156,3,42.855,-78.811,Assault
92273,94161,3,42.872,-78.809,Theft
92286,94174,3,42.856,-78.829,Breaking & Entering
92287,94175,3,42.852,-78.805,Assault
92289,94177,3,42.86,-78.816,Theft
92290,94178,3,42.881,-78.835,Breaking & Entering
92300,94188,3,42.897,-78.819,Assault
92308,94196,3,42.855,-78.828,Theft of Vehicle
92312,94200,3,42.844,-78.827,Theft
92315,94203,3,42.848,-78.824,Assault
92329,94217,3,42.894,-78.833,Assault
92337,94225,3,42.885,-78.814,Sexual Assault
92341,94229,3,42.896,-78.82,Breaking & Entering
92342,94230,3,42.892,-78.808,Theft
92348,94236,3,42.893,-78.808,Theft
92353,94241,3,42.844,-78.812,Theft
92356,94244,3,42.894,-78.821,Assault
92359,94247,3,42.841,-78.824,Theft
92362,94250,3,42.858,-78.81,Robbery
92363,94251,3,42.86,-78.815,Theft
92379,94267,3,42.898,-78.835,Breaking & Entering
92380,94268,3,42.831,-78.824,Theft
92382,94270,3,42.896,-78.824,Theft
92387,94275,3,42.855,-78.808,Breaking & Entering
92393,94282,3,42.842,-78.823,Assault
92394,94283,3,42.848,-78.824,Theft
92395,94284,3,42.849,-78.829,Theft of Vehicle
92420,94309,3,42.894,-78.804,Assault
92428,94318,3,42.851,-78.81,Theft
92429,94319,3,42.896,-78.82,Theft
92430,94320,3,42.842,-78.823,Theft
92438,94328,3,42.854,-78.826,Assault
92443,94333,3,42.872,-78.82,Assault
92450,94340,3,42.886,-78.844,Theft
92451,94341,3,42.897,-78.835,Theft
92459,94349,3,42.89,-78.834,Theft
92461,94351,3,42.844,-78.824,Assault
92462,94352,3,42.848,-78.812,Theft
92463,94353,3,42.873,-78.85,Theft
92472,94362,3,42.886,-78.839,Theft
92481,94371,3,42.87,-78.831,Theft
92483,94373,3,42.857,-78.813,Theft
92497,94389,3,42.89,-78.808,Assault
92504,94396,3,42.872,-78.826,Theft
92509,94401,3,42.841,-78.822,Theft
92512,94404,3,42.896,-78.817,Theft of Vehicle
92515,94407,3,42.857,-78.824,Theft
92519,94411,3,42.88,-78.839,Theft
92521,94413,3,42.895,-78.804,Theft
92529,94421,3,42.85,-78.801,Assault
92538,94430,3,42.846,-78.823,Breaking & Entering
92540,94432,3,42.872,-78.811,Robbery
92542,94434,3,42.898,-78.82,Assault
92543,94435,3,42.89,-78.814,Assault
92546,94438,3,42.88,-78.845,Theft
92551,94443,3,42.848,-78.824,Assault
92554,94446,3,42.893,-78.821,Assault
92569,94461,3,42.896,-78.838,Theft of Vehicle
92579,94471,3,42.832,-78.811,Other Sexual Offense
92581,94473,3,42.868,-78.825,Theft
92585,94477,3,42.892,-78.831,Breaking & Entering
92587,94479,3,42.854,-78.829,Breaking & Entering
92618,94511,3,42.899,-78.838,Robbery
92619,94512,3,42.885,-78.804,Theft
92622,94515,3,42.897,-78.838,Theft of Vehicle
92624,94517,3,42.87,-78.851,Breaking & Entering
92634,94527,3,42.859,-78.808,Theft
92635,94528,3,42.842,-78.829,Breaking & Entering
92636,94529,3,42.888,-78.815,Theft
92643,94537,3,42.851,-78.802,Breaking & Entering
92646,94540,3,42.854,-78.808,Assault
92652,94546,3,42.848,-78.824,Assault
92657,94551,3,42.873,-78.844,Breaking & Entering
92658,94552,3,42.893,-78.827,Homicide
92660,94554,3,42.859,-78.811,Theft
92669,94563,3,42.898,-78.835,Assault
92672,94566,3,42.899,-78.816,Breaking & Entering
92676,94570,3,42.841,-78.825,Theft
92685,94580,3,42.883,-78.84,Breaking & Entering
92690,94585,3,42.84,-78.823,Theft of Vehicle
92694,94589,3,42.895,-78.831,Theft
92702,94597,3,42.873,-78.819,Assault
92709,94604,3,42.87,-78.85,Breaking & Entering
92711,94606,3,42.855,-78.833,Breaking & Entering
92720,94615,3,42.855,-78.81,Theft
92723,94618,3,42.852,-78.832,Sexual Assault
92724,94619,3,42.893,-78.837,Theft
92726,94621,3,42.896,-78.818,Theft
92727,94622,3,42.878,-78.814,Assault
92732,94627,3,42.859,-78.823,Theft
92736,94631,3,42.836,-78.826,Assault
92740,94636,3,42.872,-78.802,Assault
92741,94637,3,42.879,-78.832,Theft
92746,94642,3,42.893,-78.841,Assault
92753,94649,3,42.895,-78.822,Breaking & Entering
92760,94656,3,42.891,-78.83,Assault
92765,94661,3,42.898,-78.832,Breaking & Entering
92768,94664,3,42.888,-78.836,Robbery
92769,94665,3,42.888,-78.8,Assault
92771,94667,3,42.885,-78.839,Theft
92776,94672,3,42.897,-78.833,Robbery
92779,94675,3,42.884,-78.829,Theft
92783,94679,3,42.895,-78.828,Sexual Assault
92785,94681,3,42.892,-78.84,Breaking & Entering
92786,94682,3,42.85,-78.818,Theft
92788,94685,3,42.848,-78.819,Theft
92789,94686,3,42.851,-78.802,Breaking & Entering
92790,94688,3,42.897,-78.837,Assault
92800,94698,3,42.874,-78.817,Assault
92810,94709,3,42.848,-78.82,Assault
92812,94711,3,42.891,-78.8,Assault
92817,94716,3,42.851,-78.823,Assault
92821,94720,3,42.893,-78.837,Theft
92835,94734,3,42.858,-78.835,Assault
92836,94735,3,42.86,-78.816,Assault
92841,94740,3,42.881,-78.8,Theft
92847,94746,3,42.854,-78.827,Theft
92851,94750,3,42.894,-78.824,Assault
92856,94755,3,42.887,-78.846,Assault
92860,94760,3,42.871,-78.811,Breaking & Entering
92874,94774,3,42.885,-78.802,Theft
92881,94781,3,42.849,-78.823,Breaking & Entering
92883,94783,3,42.892,-78.812,Theft
92888,94788,3,42.89,-78.808,Assault
92890,94790,3,42.879,-78.841,Assault
92892,94792,3,42.88,-78.843,Breaking & Entering
92894,94795,3,42.843,-78.824,Assault
92902,94803,3,42.893,-78.821,Assault
92904,94805,3,42.844,-78.828,Theft
92906,94807,3,42.855,-78.806,Breaking & Entering
92913,94814,3,42.891,-78.814,Breaking & Entering
92919,94820,3,42.849,-78.817,Theft
92923,94824,3,42.882,-78.8,Breaking & Entering
92931,94832,3,42.861,-78.801,Theft
92934,94835,3,42.877,-78.81,Theft
92935,94836,3,42.856,-78.81,Assault
92939,94840,3,42.891,-78.841,Assault
92941,94842,3,42.893,-78.824,Assault
92942,94843,3,42.877,-78.846,Theft of Vehicle
92953,94854,3,42.842,-78.823,Breaking & Entering
92970,94871,3,42.899,-78.837,Breaking & Entering
92973,94874,3,42.894,-78.805,Theft of Vehicle
92977,94878,3,42.856,-78.834,Theft
92982,94883,3,42.86,-78.825,Assault
92994,94895,3,42.878,-78.801,Theft
93004,94905,3,42.841,-78.824,Theft
93009,94910,3,42.895,-78.824,Assault
93010,94911,3,42.842,-78.83,Theft of Vehicle
93012,94913,3,42.896,-78.833,Theft
93015,94916,3,42.842,-78.823,Theft
93019,94920,3,42.889,-78.808,Theft
93022,94923,3,42.898,-78.836,Theft
93024,94925,3,42.843,-78.826,Theft
93028,94929,3,42.896,-78.819,Assault
93032,94933,3,42.85,-78.825,Theft
93038,94939,3,42.889,-78.838,Breaking & Entering
93044,94945,3,42.886,-78.843,Assault
93046,94947,3,42.898,-78.819,Theft of Vehicle
93047,94948,3,42.855,-78.808,Assault
93051,94952,3,42.883,-78.835,Theft
93052,94953,3,42.843,-78.82,Breaking & Entering
93064,94965,3,42.879,-78.842,Assault
93065,94966,3,42.867,-78.823,Robbery
93071,94973,3,42.892,-78.836,Theft
93123,95026,3,42.891,-78.814,Assault
93125,95028,3,42.855,-78.811,Assault
93126,95029,3,42.844,-78.824,Theft of Vehicle
93133,95036,3,42.885,-78.847,Assault
93140,95043,3,42.895,-78.835,Theft
93145,95048,3,42.842,-78.827,Theft
93146,95049,3,42.897,-78.838,Breaking & Entering
93151,95055,3,42.894,-78.824,Theft
93156,95060,3,42.87,-78.832,Theft
93163,95067,3,42.872,-78.844,Theft
93168,95072,3,42.851,-78.819,Breaking & Entering
93171,95075,3,42.843,-78.824,Theft
93174,95078,3,42.896,-78.824,Assault
93177,95081,3,42.872,-78.82,Theft
93181,95086,3,42.875,-78.83,Theft
93186,95092,3,42.855,-78.809,Theft
93188,95094,3,42.844,-78.828,Breaking & Entering
93189,95095,3,42.878,-78.815,Theft of Vehicle
93193,95099,3,42.87,-78.851,Breaking & Entering
93197,95103,3,42.896,-78.823,Breaking & Entering
93209,95115,3,42.893,-78.839,Theft
93213,95119,3,42.885,-78.84,Theft
93228,95134,3,42.898,-78.82,Theft of Vehicle
93229,95135,3,42.85,-78.83,Assault
93231,95137,3,42.886,-78.817,Theft
93244,95150,3,42.888,-78.837,Assault
93260,95166,3,42.854,-78.825,Breaking & Entering
93269,95175,3,42.858,-78.831,Theft
93281,95187,3,42.858,-78.816,Theft
93304,95212,3,42.896,-78.815,Theft
93315,95223,3,42.854,-78.808,Theft
93319,95227,3,42.881,-78.801,Theft
93322,95230,3,42.878,-78.843,Breaking & Entering
93324,95232,3,42.883,-78.801,Breaking & Entering
93362,95271,3,42.855,-78.834,Breaking & Entering
93363,95272,3,42.855,-78.834,Theft
93367,95276,3,42.89,-78.804,Assault
93373,95282,3,42.875,-78.853,Theft of Vehicle
93375,95284,3,42.851,-78.815,Breaking & Entering
93377,95286,3,42.897,-78.814,Theft
93385,95294,3,42.874,-78.802,Theft of Vehicle
93390,95299,3,42.886,-78.802,Breaking & Entering
93391,95300,3,42.85,-78.832,Assault
93392,95301,3,42.843,-78.824,Assault
93397,95306,3,42.853,-78.824,Theft
93399,95308,3,42.891,-78.802,Theft
93407,95316,3,42.89,-78.832,Theft of Vehicle
93412,95321,3,42.854,-78.808,Assault
93413,95322,3,42.879,-78.814,Theft
93417,95326,3,42.891,-78.8,Sexual Assault
93421,95330,3,42.894,-78.809,Theft
93430,95339,3,42.849,-78.822,Breaking & Entering
93446,95355,3,42.892,-78.805,Assault
93448,95357,3,42.89,-78.802,Theft
93462,95371,3,42.895,-78.822,Assault
93468,95377,3,42.837,-78.816,Theft
93472,95381,3,42.891,-78.803,Assault
93473,95382,3,42.847,-78.825,Theft
93474,95383,3,42.863,-78.819,Breaking & Entering
93488,95397,3,42.867,-78.803,Theft
93489,95398,3,42.85,-78.803,Assault
93495,95404,3,42.843,-78.809,Theft of Vehicle
93508,95417,3,42.852,-78.806,Assault
93513,95422,3,42.858,-78.831,Theft
93514,95423,3,42.89,-78.844,Robbery
93516,95425,3,42.869,-78.833,Breaking & Entering
93519,95428,3,42.853,-78.826,Theft
93531,95440,3,42.882,-78.841,Breaking & Entering
93533,95442,3,42.848,-78.832,Breaking & Entering
93535,95444,3,42.898,-78.835,Theft
93542,95452,3,42.892,-78.81,Assault
93545,95455,3,42.894,-78.83,Theft
93564,95474,3,42.852,-78.825,Theft
93569,95480,3,42.89,-78.804,Breaking & Entering
93573,95484,3,42.892,-78.84,Breaking & Entering
93590,95502,3,42.895,-78.807,Assault
93591,95503,3,42.892,-78.811,Theft
93618,95530,3,42.852,-78.825,Breaking & Entering
93624,95536,3,42.852,-78.823,Theft
93627,95539,3,42.855,-78.809,Theft
93632,95544,3,42.898,-78.815,Theft
93659,95572,3,42.844,-78.808,Theft
93663,95576,3,42.889,-78.837,Theft
93665,95578,3,42.873,-78.827,Assault
93667,95580,3,42.883,-78.837,Theft
93669,95582,3,42.88,-78.841,Assault
93676,95589,3,42.895,-78.807,Robbery
93683,95596,3,42.885,-78.843,Assault
93685,95598,3,42.863,-78.821,Assault
93686,95599,3,42.834,-78.811,Theft
93696,95610,3,42.85,-78.804,Theft
93699,95613,3,42.886,-78.84,Theft
93701,95615,3,42.863,-78.809,Assault
93711,95625,3,42.892,-78.844,Breaking & Entering
93723,95638,3,42.893,-78.833,Theft
93734,95649,3,42.85,-78.815,Theft
93739,95654,3,42.875,-78.806,Theft of Vehicle
93741,95656,3,42.896,-78.824,Robbery
93749,95664,3,42.856,-78.811,Assault
93761,95676,3,42.898,-78.807,Theft
93762,95677,3,42.887,-78.8,Assault
93764,95679,3,42.889,-78.838,Robbery
93771,95687,3,42.884,-78.839,Theft of Vehicle
93775,95691,3,42.848,-78.813,Assault
93777,95693,3,42.857,-78.828,Theft of Vehicle
93778,95694,3,42.854,-78.828,Assault
93781,95697,3,42.843,-78.831,Theft
93784,95700,3,42.885,-78.839,Theft
93785,95701,3,42.853,-78.815,Theft
93786,95702,3,42.846,-78.83,Assault
93796,95712,3,42.88,-78.84,Theft
93802,95718,3,42.853,-78.823,Assault
93809,95725,3,42.838,-78.811,Theft of Vehicle
93810,95726,3,42.887,-78.812,Assault
93822,95738,3,42.849,-78.814,Theft
93825,95741,3,42.845,-78.808,Assault
93827,95743,3,42.89,-78.809,Assault
93831,95747,3,42.866,-78.848,Theft
93833,95749,3,42.845,-78.822,Breaking & Entering
93852,95768,3,42.838,-78.807,Theft
93859,95775,3,42.892,-78.83,Breaking & Entering
93864,95780,3,42.899,-78.834,Theft
93869,95785,3,42.892,-78.832,Breaking & Entering
93870,95786,3,42.856,-78.828,Theft
93880,95797,3,42.886,-78.839,Theft
93885,95802,3,42.895,-78.807,Assault
93886,95803,3,42.862,-78.816,Theft
93888,95805,3,42.859,-78.804,Assault
93891,95808,3,42.865,-78.826,Theft
93901,95818,3,42.891,-78.824,Theft
93906,95823,3,42.85,-78.827,Assault
93912,95829,3,42.89,-78.804,Assault
93913,95830,3,42.89,-78.832,Breaking & Entering
93921,95840,3,42.86,-78.815,Assault
93931,95850,3,42.88,-78.834,Breaking & Entering
93936,95855,3,42.848,-78.812,Theft of Vehicle
93941,95860,3,42.865,-78.841,Breaking & Entering
93945,95864,3,42.89,-78.803,Theft
93955,95874,3,42.895,-78.83,Other Sexual Offense
93961,95880,3,42.876,-78.83,Assault
93969,95889,3,42.889,-78.814,Theft
93974,95894,3,42.843,-78.82,Assault
93979,95899,3,42.893,-78.839,Assault
93981,95901,3,42.85,-78.803,Theft
93985,95905,3,42.897,-78.825,Assault
93986,95906,3,42.889,-78.815,Breaking & Entering
93988,95908,3,42.896,-78.82,Robbery
93989,95909,3,42.858,-78.831,Theft
93992,95912,3,42.886,-78.841,Theft of Vehicle
93995,95915,3,42.852,-78.811,Theft
94006,95926,3,42.875,-78.805,Theft
94007,95927,3,42.893,-78.837,Theft
94009,95929,3,42.879,-78.833,Theft of Vehicle
94013,95933,3,42.887,-78.814,Assault
94017,95937,3,42.877,-78.802,Breaking & Entering
94032,95952,3,42.888,-78.811,Breaking & Entering
94033,95953,3,42.837,-78.823,Theft of Vehicle
94046,95966,3,42.898,-78.818,Assault
94048,95968,3,42.872,-78.843,Theft
94050,95970,3,42.895,-78.828,Assault
94059,95979,3,42.898,-78.8,Assault
94062,95982,3,42.859,-78.813,Theft of Vehicle
94071,95992,3,42.856,-78.819,Theft
94078,95999,3,42.856,-78.801,Theft
94080,96001,3,42.833,-78.824,Assault
94096,96019,3,42.832,-78.811,Theft
94099,96022,3,42.855,-78.807,Assault
94102,96025,3,42.899,-78.836,Breaking & Entering
94109,96032,3,42.898,-78.832,Robbery
94111,96034,3,42.897,-78.836,Breaking & Entering
94119,96042,3,42.897,-78.837,Theft
94122,96045,3,42.895,-78.807,Breaking & Entering
94123,96046,3,42.834,-78.843,Theft of Vehicle
94125,96048,3,42.85,-78.826,Theft
94144,96068,3,42.869,-78.853,Assault
94145,96069,3,42.886,-78.81,Breaking & Entering
94151,96075,3,42.896,-78.836,Theft
94156,96081,3,42.892,-78.813,Theft
94165,96090,3,42.857,-78.833,Breaking & Entering
94166,96091,3,42.852,-78.802,Theft of Vehicle
94169,96094,3,42.889,-78.839,Theft
94171,96096,3,42.896,-78.823,Breaking & Entering
94172,96097,3,42.887,-78.802,Assault
94176,96101,3,42.893,-78.82,Theft of Vehicle
94177,96102,3,42.872,-78.82,Theft
94180,96105,3,42.885,-78.839,Robbery
94183,96108,3,42.893,-78.839,Assault
94184,96109,3,42.865,-78.824,Breaking & Entering
94186,96111,3,42.888,-78.804,Theft
94189,96114,3,42.839,-78.823,Breaking & Entering
94192,96117,3,42.878,-78.836,Theft
94199,96124,3,42.876,-78.83,Assault
94200,96125,3,42.887,-78.847,Breaking & Entering
94204,96129,3,42.863,-78.811,Breaking & Entering
94215,96140,3,42.846,-78.802,Theft of Vehicle
94221,96147,3,42.89,-78.815,Assault
94234,96160,3,42.845,-78.824,Theft of Vehicle
94246,96172,3,42.894,-78.802,Theft
94248,96174,3,42.894,-78.822,Breaking & Entering
94254,96181,3,42.892,-78.83,Breaking & Entering
94255,96182,3,42.878,-78.835,Assault
94256,96183,3,42.854,-78.808,Theft
94257,96184,3,42.891,-78.814,Theft
94264,96191,3,42.893,-78.843,Theft
94279,96207,3,42.896,-78.827,Assault
94280,96208,3,42.893,-78.835,Theft
94291,96219,3,42.879,-78.849,Breaking & Entering
94303,96231,3,42.842,-78.825,Breaking & Entering
94304,96232,3,42.899,-78.82,Theft
94306,96234,3,42.855,-78.833,Assault
94307,96235,3,42.891,-78.801,Theft
94312,96240,3,42.899,-78.818,Assault
94323,96251,3,42.856,-78.821,Theft
94325,96253,3,42.854,-78.807,Theft of Vehicle
94326,96254,3,42.872,-78.816,Assault
94330,96258,3,42.859,-78.817,Theft
94333,96261,3,42.898,-78.807,Breaking & Entering
94337,96265,3,42.898,-78.815,Assault
94342,96270,3,42.877,-78.847,Assault
94346,96274,3,42.853,-78.824,Theft
94348,96276,3,42.888,-78.801,Breaking & Entering
94353,96282,3,42.851,-78.803,Breaking & Entering
94355,96284,3,42.89,-78.838,Robbery
94363,96292,3,42.885,-78.847,Breaking & Entering
94364,96293,3,42.884,-78.846,Theft
94365,96294,3,42.835,-78.806,Theft
94374,96303,3,42.849,-78.817,Sexual Offense
94381,96310,3,42.897,-78.825,Breaking & Entering
94387,96316,3,42.896,-78.84,Robbery
94392,96321,3,42.85,-78.827,Theft
94403,96332,3,42.895,-78.818,Assault
94404,96333,3,42.854,-78.809,Assault
94406,96335,3,42.889,-78.808,Assault
94408,96337,3,42.896,-78.82,Theft of Vehicle
94415,96344,3,42.894,-78.838,Breaking & Entering
94424,96353,3,42.849,-78.814,Theft of Vehicle
94428,96357,3,42.881,-78.827,Assault
94434,96363,3,42.887,-78.837,Other Sexual Offense
94437,96366,3,42.848,-78.815,Breaking & Entering
94439,96368,3,42.855,-78.824,Assault
94441,96370,3,42.852,-78.822,Breaking & Entering
94453,96382,3,42.896,-78.818,Robbery
94471,96400,3,42.843,-78.828,Theft
94474,96403,3,42.891,-78.803,Assault
94480,96409,3,42.883,-78.826,Theft
94486,96416,3,42.848,-78.812,Assault
94488,96418,3,42.895,-78.82,Assault
94500,96430,3,42.892,-78.815,Breaking & Entering
94501,96431,3,42.848,-78.813,Theft
94515,96445,3,42.894,-78.819,Theft of Vehicle
94516,96446,3,42.854,-78.83,Theft
94538,96468,3,42.897,-78.818,Breaking & Entering
94540,96470,3,42.857,-78.812,Theft
94542,96472,3,42.87,-78.839,Theft
94546,96476,3,42.895,-78.825,Theft of Vehicle
94549,96480,3,42.895,-78.822,Assault
94550,96481,3,42.854,-78.832,Assault
94555,96486,3,42.885,-78.814,Theft
94561,96492,3,42.89,-78.802,Theft
94581,96514,3,42.89,-78.845,Theft of Vehicle
94587,96520,3,42.855,-78.811,Breaking & Entering
94590,96523,3,42.879,-78.84,Breaking & Entering
94597,96530,3,42.851,-78.802,Theft of Vehicle
94603,96536,3,42.866,-78.805,Assault
94605,96538,3,42.888,-78.838,Theft
94606,96539,3,42.895,-78.827,Robbery
94612,96545,3,42.854,-78.82,Theft of Vehicle
94614,96547,3,42.887,-78.84,Homicide
94620,96553,3,42.86,-78.815,Theft
94622,96555,3,42.866,-78.848,Theft of Vehicle
94623,96556,3,42.893,-78.829,Assault
94624,96557,3,42.87,-78.832,Theft
94636,96571,3,42.879,-78.836,Theft
94637,96572,3,42.89,-78.802,Theft
94642,96577,3,42.867,-78.85,Theft
94645,96580,3,42.883,-78.839,Theft
94649,96584,3,42.834,-78.811,Theft
94654,96589,3,42.868,-78.848,Other Sexual Offense
94664,96599,3,42.87,-78.834,Breaking & Entering
94670,96606,3,42.892,-78.838,Theft
94672,96608,3,42.848,-78.824,Assault
94674,96610,3,42.896,-78.809,Breaking & Entering
94686,96622,3,42.85,-78.803,Assault
94697,96633,3,42.869,-78.829,Theft
94706,96642,3,42.898,-78.831,Assault
94707,96643,3,42.879,-78.837,Breaking & Entering
94708,96644,3,42.889,-78.8,Assault
94711,96647,3,42.883,-78.839,Theft
94738,96674,3,42.874,-78.827,Breaking & Entering
94741,96677,3,42.835,-78.807,Theft
94742,96678,3,42.868,-78.847,Breaking & Entering
94751,96688,3,42.851,-78.816,Assault
94752,96689,3,42.876,-78.828,Breaking & Entering
94759,96696,3,42.896,-78.818,Robbery
94765,96702,3,42.892,-78.807,Theft
94767,96704,3,42.88,-78.849,Theft
94768,96705,3,42.857,-78.828,Theft
94770,96707,3,42.893,-78.831,Assault
94778,96715,3,42.857,-78.808,Breaking & Entering
94781,96718,3,42.845,-78.836,Theft of Vehicle
94789,96726,3,42.88,-78.84,Sexual Assault
94796,96733,3,42.897,-78.805,Breaking & Entering
94800,96737,3,42.856,-78.824,Robbery
94807,96744,3,42.897,-78.82,Other Sexual Offense
94813,96750,3,42.878,-78.849,Breaking & Entering
94815,96752,3,42.833,-78.816,Theft
94816,96753,3,42.838,-78.828,Breaking & Entering
94829,96766,3,42.853,-78.801,Theft
94832,96769,3,42.854,-78.807,Assault
94836,96773,3,42.887,-78.84,Breaking & Entering
94839,96776,3,42.897,-78.814,Theft
94853,96790,3,42.898,-78.832,Breaking & Entering
94857,96794,3,42.877,-78.841,Theft
94858,96795,3,42.854,-78.832,Other Sexual Offense
94861,96798,3,42.871,-78.836,Breaking & Entering
94866,96803,3,42.894,-78.835,Breaking & Entering
94876,96814,3,42.89,-78.815,Breaking & Entering
94881,96819,3,42.882,-78.841,Theft
94887,96825,3,42.854,-78.828,Theft of Vehicle
94889,96827,3,42.898,-78.836,Robbery
94894,96832,3,42.875,-78.826,Assault
94898,96836,3,42.892,-78.834,Theft
94901,96839,3,42.847,-78.838,Breaking & Entering
94903,96841,3,42.846,-78.832,Theft
94905,96843,3,42.858,-78.813,Assault
94913,96851,3,42.866,-78.851,Theft
94917,96855,3,42.893,-78.821,Assault
94942,96880,3,42.898,-78.816,Theft
94947,96885,3,42.896,-78.839,Breaking & Entering
94949,96887,3,42.838,-78.808,Breaking & Entering
94955,96893,3,42.857,-78.812,Theft
94961,96899,3,42.871,-78.808,Breaking & Entering
94964,96902,3,42.841,-78.824,Theft
94970,96908,3,42.874,-78.827,Theft
94973,96911,3,42.893,-78.834,Breaking & Entering
94978,96916,3,42.848,-78.822,Theft
95002,96942,3,42.891,-78.83,Theft
95006,96946,3,42.893,-78.837,Theft
95008,96948,3,42.842,-78.822,Breaking & Entering
95010,96950,3,42.89,-78.81,Breaking & Entering
95012,96952,3,42.893,-78.828,Breaking & Entering
95013,96953,3,42.888,-78.816,Theft
95015,96955,3,42.836,-78.825,Theft
95034,96974,3,42.897,-78.836,Assault
95051,96991,3,42.833,-78.824,Theft
95074,97014,3,42.887,-78.81,Assault
95077,97017,3,42.875,-78.829,Theft
95081,97021,3,42.852,-78.825,Breaking & Entering
95084,97024,3,42.891,-78.825,Breaking & Entering
95085,97025,3,42.86,-78.825,Theft
95088,97028,3,42.846,-78.824,Theft
95102,97042,3,42.884,-78.824,Theft
95113,97053,3,42.865,-78.807,Robbery
95117,97057,3,42.86,-78.806,Theft
95124,97065,3,42.891,-78.831,Assault
95130,97071,3,42.894,-78.837,Theft
95156,97097,3,42.896,-78.81,Breaking & Entering
95165,97106,3,42.894,-78.82,Theft
95166,97107,3,42.868,-78.811,Breaking & Entering
95171,97112,3,42.851,-78.807,Breaking & Entering
95181,97122,3,42.889,-78.835,Assault
95191,97132,3,42.828,-78.83,Theft
95200,97141,3,42.846,-78.827,Theft
95203,97144,3,42.872,-78.804,Breaking & Entering
95226,97167,3,42.847,-78.824,Assault
95230,97171,3,42.889,-78.807,Theft
95238,97179,3,42.858,-78.831,Theft
95244,97185,3,42.856,-78.812,Assault
95248,97189,3,42.891,-78.825,Assault
95257,97198,3,42.838,-78.857,Breaking & Entering
95260,97201,3,42.857,-78.835,Assault
95276,97217,3,42.893,-78.838,Theft
95280,97221,3,42.859,-78.813,Breaking & Entering
95282,97223,3,42.856,-78.812,Assault
95293,97234,3,42.839,-78.824,Robbery
95296,97237,3,42.898,-78.837,Robbery
95297,97238,3,42.855,-78.811,Theft
95298,97240,3,42.857,-78.812,Breaking & Entering
95319,97261,3,42.886,-78.806,Robbery
95320,97262,3,42.87,-78.85,Assault
95328,97270,3,42.896,-78.802,Theft
95329,97271,3,42.892,-78.826,Assault
95331,97273,3,42.897,-78.832,Assault
95340,97282,3,42.86,-78.815,Theft
95341,97283,3,42.857,-78.809,Assault
95343,97285,3,42.848,-78.824,Assault
95346,97288,3,42.857,-78.831,Breaking & Entering
95351,97293,3,42.896,-78.815,Theft
95352,97294,3,42.858,-78.831,Theft
95354,97296,3,42.853,-78.823,Theft
95358,97300,3,42.881,-78.843,Theft
95360,97302,3,42.892,-78.823,Assault
95365,97307,3,42.857,-78.808,Robbery
95368,97310,3,42.872,-78.853,Theft
95371,97313,3,42.848,-78.801,Robbery
95373,97315,3,42.89,-78.835,Robbery
95378,97320,3,42.898,-78.837,Theft
95381,97323,3,42.868,-78.81,Theft
95384,97326,3,42.845,-78.824,Theft
95394,97336,3,42.859,-78.813,Theft of Vehicle
95398,97340,3,42.855,-78.811,Breaking & Entering
95400,97342,3,42.85,-78.832,Theft
95403,97345,3,42.897,-78.821,Theft
95404,97346,3,42.871,-78.802,Assault
95405,97347,3,42.858,-78.81,Breaking & Entering
95410,97352,3,42.848,-78.812,Assault
95415,97357,3,42.853,-78.828,Theft
95424,97366,3,42.886,-78.842,Assault
95427,97369,3,42.896,-78.801,Theft of Vehicle
95434,97376,3,42.877,-78.851,Breaking & Entering
95435,97377,3,42.863,-78.819,Assault
95438,97380,3,42.853,-78.81,Theft
95444,97386,3,42.856,-78.806,Theft
95447,97390,3,42.85,-78.824,Assault
95449,97392,3,42.869,-78.83,Theft
95454,97397,3,42.889,-78.816,Assault
95456,97399,3,42.887,-78.813,Theft of Vehicle
95458,97401,3,42.856,-78.834,Assault
95470,97413,3,42.873,-78.851,Breaking & Entering
95475,97418,3,42.844,-78.828,Assault
95487,97430,3,42.85,-78.801,Theft
95492,97436,3,42.872,-78.802,Assault
95494,97438,3,42.871,-78.802,Theft
95501,97445,3,42.896,-78.826,Homicide
95508,97452,3,42.871,-78.834,Assault
95513,97457,3,42.867,-78.808,Breaking & Entering
95522,97467,3,42.848,-78.812,Theft
95530,97475,3,42.871,-78.823,Robbery
95532,97477,3,42.853,-78.824,Robbery
95539,97484,3,42.881,-78.836,Breaking & Entering
95541,97486,3,42.889,-78.84,Theft
95544,97489,3,42.856,-78.817,Theft
95550,97495,3,42.85,-78.825,Sexual Assault
95557,97502,3,42.886,-78.844,Assault
95564,97509,3,42.832,-78.815,Theft
95574,97519,3,42.897,-78.841,Homicide
95583,97528,3,42.868,-78.85,Breaking & Entering
95587,97532,3,42.897,-78.835,Breaking & Entering
95589,97534,3,42.889,-78.839,Assault
95594,97539,3,42.854,-78.806,Theft
95597,97542,3,42.889,-78.812,Theft of Vehicle
95608,97553,3,42.868,-78.808,Theft
95609,97554,3,42.897,-78.819,Theft
95613,97558,3,42.893,-78.831,Assault
95616,97561,3,42.866,-78.846,Theft of Vehicle
95623,97569,3,42.892,-78.805,Breaking & Entering
95636,97582,3,42.848,-78.816,Theft of Vehicle
95642,97588,3,42.896,-78.824,Assault
95660,97606,3,42.854,-78.811,Other Sexual Offense
95667,97613,3,42.847,-78.824,Theft
95674,97620,3,42.833,-78.824,Breaking & Entering
95692,97638,3,42.846,-78.818,Theft
95705,97651,3,42.85,-78.805,Assault
95711,97657,3,42.856,-78.813,Breaking & Entering
95715,97661,3,42.851,-78.802,Assault
95718,97664,3,42.887,-78.807,Theft of Vehicle
95720,97666,3,42.886,-78.843,Breaking & Entering
95725,97671,3,42.839,-78.824,Theft
95727,97674,3,42.833,-78.823,Assault
95738,97686,3,42.892,-78.83,Assault
95739,97687,3,42.848,-78.832,Breaking & Entering
95742,97690,3,42.857,-78.824,Theft
95744,97692,3,42.896,-78.835,Theft
95748,97696,3,42.854,-78.833,Theft
95750,97698,3,42.872,-78.82,Theft
95755,97703,3,42.884,-78.839,Theft of Vehicle
95760,97708,3,42.896,-78.815,Assault
95772,97720,3,42.887,-78.837,Assault
95779,97727,3,42.893,-78.831,Theft of Vehicle
95785,97733,3,42.872,-78.812,Theft
95790,97738,3,42.894,-78.831,Robbery
95796,97744,3,42.855,-78.808,Assault
95799,97747,3,42.856,-78.819,Assault
95805,97754,3,42.888,-78.814,Theft
95813,97762,3,42.887,-78.837,Breaking & Entering
95816,97765,3,42.892,-78.833,Breaking & Entering
95819,97768,3,42.892,-78.81,Breaking & Entering
95827,97776,3,42.876,-78.852,Theft
95829,97778,3,42.858,-78.821,Breaking & Entering
95832,97781,3,42.897,-78.836,Homicide
95838,97787,3,42.872,-78.826,Breaking & Entering
95840,97789,3,42.88,-78.814,Theft
95858,97808,3,42.875,-78.808,Theft
95870,97820,3,42.888,-78.807,Assault
95879,97829,3,42.832,-78.818,Theft of Vehicle
95892,97843,3,42.852,-78.822,Theft
95904,97855,3,42.869,-78.85,Robbery
95910,97861,3,42.859,-78.825,Theft
95916,97867,3,42.894,-78.803,Breaking & Entering
95917,97868,3,42.868,-78.808,Assault
95923,97874,3,42.896,-78.841,Theft
95928,97879,3,42.866,-78.831,Assault
95930,97881,3,42.893,-78.837,Theft
95938,97889,3,42.854,-78.808,Robbery
95941,97892,3,42.893,-78.84,Assault
95942,97893,3,42.836,-78.824,Robbery
95945,97896,3,42.88,-78.828,Theft
95946,97897,3,42.887,-78.836,Assault
95947,97898,3,42.893,-78.842,Breaking & Entering
95950,97901,3,42.856,-78.809,Assault
95951,97902,3,42.889,-78.836,Theft
95988,97940,3,42.837,-78.811,Breaking & Entering
95990,97942,3,42.861,-78.82,Assault
96009,97961,3,42.87,-78.804,Breaking & Entering
96013,97965,3,42.876,-78.802,Theft
96017,97969,3,42.874,-78.808,Breaking & Entering
96018,97970,3,42.849,-78.829,Theft of Vehicle
96020,97972,3,42.89,-78.836,Breaking & Entering
96028,97980,3,42.853,-78.826,Theft
96030,97982,3,42.896,-78.824,Theft
96038,97990,3,42.896,-78.807,Assault
96070,98022,3,42.862,-78.815,Assault
96072,98024,3,42.893,-78.824,Breaking & Entering
96074,98026,3,42.89,-78.804,Assault
96076,98028,3,42.893,-78.828,Breaking & Entering
96079,98031,3,42.891,-78.81,Theft
96084,98036,3,42.856,-78.824,Theft
96086,98038,3,42.886,-78.805,Breaking & Entering
96091,98043,3,42.898,-78.818,Robbery
96092,98044,3,42.857,-78.824,Theft
96093,98045,3,42.847,-78.825,Theft
96097,98049,3,42.89,-78.808,Assault
96106,98058,3,42.872,-78.805,Theft
96110,98062,3,42.857,-78.811,Theft
96112,98064,3,42.885,-78.815,Theft of Vehicle
96122,98074,3,42.841,-78.82,Breaking & Entering
96125,98077,3,42.851,-78.804,Assault
96134,98086,3,42.886,-78.839,Theft of Vehicle
96152,98104,3,42.858,-78.812,Theft
96159,98111,3,42.899,-78.815,Theft
96175,98127,3,42.871,-78.848,Theft
96176,98128,3,42.877,-78.845,Theft
96185,98137,3,42.847,-78.832,Theft
96186,98138,3,42.859,-78.825,Theft
96189,98141,3,42.855,-78.811,Breaking & Entering
96195,98147,3,42.891,-78.834,Assault
96197,98149,3,42.899,-78.831,Assault
96206,98159,3,42.855,-78.805,Theft
96211,98164,3,42.892,-78.809,Breaking & Entering
96212,98165,3,42.896,-78.83,Assault
96216,98169,3,42.858,-78.825,Theft
96221,98174,3,42.85,-78.824,Theft
96223,98176,3,42.878,-78.848,Theft
96224,98177,3,42.885,-78.811,Breaking & Entering
96227,98180,3,42.895,-78.829,Theft
96235,98188,3,42.893,-78.837,Theft
96236,98189,3,42.877,-78.805,Theft
96254,98209,3,42.895,-78.83,Theft of Vehicle
96269,98225,3,42.853,-78.824,Theft
96270,98226,3,42.882,-78.801,Assault
96274,98230,3,42.853,-78.832,Other Sexual Offense
96283,98239,3,42.897,-78.84,Assault
96290,98246,3,42.893,-78.841,Breaking & Entering
96299,98255,3,42.884,-78.836,Theft
96312,98268,3,42.858,-78.814,Assault
96313,98269,3,42.893,-78.838,Theft of Vehicle
96314,98270,3,42.866,-78.85,Theft
96317,98273,3,42.872,-78.852,Theft of Vehicle
96320,98276,3,42.853,-78.824,Theft
96325,98281,3,42.872,-78.838,Theft of Vehicle
96330,98286,3,42.852,-78.809,Theft of Vehicle
96335,98291,3,42.883,-78.835,Assault
96337,98293,3,42.858,-78.831,Theft
96341,98297,3,42.866,-78.824,Theft
96345,98301,3,42.899,-78.823,Breaking & Entering
96347,98303,3,42.854,-78.809,Assault
96350,98306,3,42.89,-78.838,Breaking & Entering
96358,98314,3,42.851,-78.803,Breaking & Entering
96377,98333,3,42.89,-78.807,Assault
96391,98347,3,42.881,-78.835,Breaking & Entering
96392,98348,3,42.889,-78.808,Robbery
96398,98354,3,42.852,-78.808,Theft of Vehicle
96403,98359,3,42.865,-78.828,Theft
96404,98360,3,42.87,-78.804,Assault
96407,98363,3,42.893,-78.822,Theft of Vehicle
96409,98365,3,42.881,-78.801,Theft
96410,98366,3,42.885,-78.839,Assault
96411,98367,3,42.881,-78.84,Theft
96420,98376,3,42.898,-78.823,Theft
96424,98380,3,42.874,-78.805,Assault
96428,98384,3,42.898,-78.832,Theft
96430,98386,3,42.859,-78.817,Theft
96443,98400,3,42.896,-78.836,Assault
96447,98404,3,42.885,-78.814,Theft
96453,98410,3,42.855,-78.825,Theft
96455,98412,3,42.898,-78.807,Theft
96457,98414,3,42.887,-78.802,Breaking & Entering
96473,98430,3,42.851,-78.825,Theft
96485,98442,3,42.848,-78.824,Other Sexual Offense
96486,98443,3,42.874,-78.804,Theft
96489,98446,3,42.851,-78.828,Assault
96495,98452,3,42.885,-78.838,Sexual Assault
96500,98457,3,42.879,-78.845,Theft
96507,98464,3,42.896,-78.82,Assault
96514,98471,3,42.844,-78.824,Breaking & Entering
96517,98474,3,42.893,-78.839,Robbery
96519,98476,3,42.853,-78.83,Robbery
96524,98481,3,42.837,-78.812,Theft
96528,98485,3,42.898,-78.807,Assault
96530,98487,3,42.897,-78.819,Assault
96531,98488,3,42.84,-78.808,Breaking & Entering
96532,98489,3,42.893,-78.837,Assault
96540,98497,3,42.876,-78.827,Assault
96550,98507,3,42.86,-78.815,Theft
96562,98520,3,42.841,-78.824,Theft of Vehicle
96577,98536,3,42.857,-78.834,Theft
96582,98541,3,42.867,-78.823,Theft
96584,98543,3,42.888,-78.802,Assault
96590,98549,3,42.85,-78.831,Theft
96594,98553,3,42.892,-78.838,Theft
96599,98558,3,42.896,-78.82,Assault
96600,98559,3,42.899,-78.821,Theft of Vehicle
96609,98568,3,42.895,-78.823,Other Sexual Offense
96611,98570,3,42.874,-78.825,Theft
96612,98571,3,42.895,-78.828,Assault
96620,98579,3,42.894,-78.835,Theft
96622,98581,3,42.893,-78.828,Assault
96630,98589,3,42.895,-78.821,Robbery
96635,98594,3,42.89,-78.836,Assault
96641,98600,3,42.893,-78.828,Theft of Vehicle
96645,98604,3,42.899,-78.819,Breaking & Entering
96660,98619,3,42.853,-78.808,Theft
96687,98646,3,42.838,-78.808,Theft
96697,98656,3,42.867,-78.809,Theft
96701,98660,3,42.897,-78.817,Theft
96702,98661,3,42.844,-78.821,Theft
96708,98667,3,42.848,-78.812,Theft
96717,98676,3,42.857,-78.828,Assault
96719,98678,3,42.88,-78.835,Theft of Vehicle
96735,98694,3,42.847,-78.811,Theft
96738,98697,3,42.885,-78.806,Assault
96741,98700,3,42.898,-78.816,Assault
96744,98703,3,42.878,-78.833,Assault
96755,98714,3,42.896,-78.822,Assault
96758,98717,3,42.877,-78.848,Breaking & Entering
96759,98718,3,42.858,-78.831,Theft
96784,98744,3,42.866,-78.848,Theft
96786,98746,3,42.889,-78.812,Other Sexual Offense
96788,98748,3,42.866,-78.822,Assault
96790,98750,3,42.858,-78.831,Theft
96791,98751,3,42.895,-78.806,Theft
96796,98756,3,42.836,-78.822,Theft
96797,98757,3,42.85,-78.827,Breaking & Entering
96801,98761,3,42.886,-78.839,Theft
96806,98766,3,42.885,-78.842,Breaking & Entering
96807,98767,3,42.894,-78.802,Theft
96810,98770,3,42.836,-78.826,Assault
96815,98775,3,42.856,-78.811,Assault
96818,98778,3,42.886,-78.842,Breaking & Entering
96822,98782,3,42.876,-78.852,Breaking & Entering
96829,98789,3,42.896,-78.82,Theft
96833,98793,3,42.898,-78.822,Breaking & Entering
96837,98797,3,42.897,-78.825,Breaking & Entering
96846,98806,3,42.839,-78.805,Theft
96857,98817,3,42.888,-78.838,Theft
96886,98846,3,42.856,-78.809,Assault
96887,98847,3,42.888,-78.808,Assault
96888,98848,3,42.852,-78.822,Theft
96891,98851,3,42.89,-78.837,Sexual Assault
96895,98855,3,42.888,-78.811,Assault
96907,98867,3,42.87,-78.811,Theft
96912,98873,3,42.89,-78.842,Breaking & Entering
96913,98874,3,42.894,-78.823,Theft
96915,98876,3,42.877,-78.827,Assault
96927,98888,3,42.858,-78.813,Robbery
96945,98906,3,42.895,-78.82,Breaking & Entering
96950,98911,3,42.874,-78.805,Theft
96954,98915,3,42.897,-78.823,Breaking & Entering
96960,98921,3,42.896,-78.823,Theft
96962,98923,3,42.889,-78.839,Breaking & Entering
96969,98930,3,42.892,-78.83,Assault
96974,98935,3,42.865,-78.824,Breaking & Entering
96978,98939,3,42.898,-78.807,Theft
96979,98940,3,42.877,-78.827,Theft of Vehicle
96980,98941,3,42.884,-78.833,Theft
96981,98942,3,42.884,-78.831,Theft of Vehicle
96991,98952,3,42.893,-78.841,Robbery
96992,98953,3,42.869,-78.855,Breaking & Entering
96994,98955,3,42.846,-78.826,Breaking & Entering
96996,98957,3,42.876,-78.849,Breaking & Entering
97003,98964,3,42.895,-78.809,Breaking & Entering
97015,98976,3,42.898,-78.807,Theft
97028,98989,3,42.89,-78.814,Robbery
97059,99020,3,42.887,-78.806,Theft
97069,99030,3,42.892,-78.826,Theft
97073,99034,3,42.84,-78.809,Assault
97075,99036,3,42.897,-78.821,Breaking & Entering
97076,99037,3,42.843,-78.824,Breaking & Entering
97080,99041,3,42.882,-78.832,Assault
97082,99043,3,42.879,-78.84,Theft
97084,99045,3,42.891,-78.833,Assault
97085,99046,3,42.855,-78.81,Theft
97086,99048,3,42.849,-78.802,Theft
97087,99049,3,42.889,-78.803,Theft
97088,99050,3,42.87,-78.835,Assault
97092,99054,3,42.852,-78.801,Assault
97096,99058,3,42.865,-78.823,Theft
97098,99060,3,42.897,-78.804,Assault
97107,99069,3,42.856,-78.814,Breaking & Entering
97110,99072,3,42.874,-78.827,Breaking & Entering
97119,99081,3,42.896,-78.824,Theft
97124,99087,3,42.885,-78.84,Theft
97130,99093,3,42.897,-78.809,Breaking & Entering
97131,99094,3,42.891,-78.831,Theft
97136,99099,3,42.892,-78.824,Assault
97137,99100,3,42.858,-78.832,Theft
97138,99101,3,42.899,-78.816,Theft
97142,99105,3,42.879,-78.834,Assault
97143,99106,3,42.864,-78.822,Theft
97147,99110,3,42.852,-78.817,Assault
97151,99114,3,42.891,-78.84,Breaking & Entering
97159,99123,3,42.834,-78.805,Theft
97161,99125,3,42.893,-78.809,Theft of Vehicle
97174,99138,3,42.854,-78.814,Theft
97178,99142,3,42.895,-78.806,Robbery
97179,99143,3,42.849,-78.83,Assault
97181,99145,3,42.89,-78.815,Theft
97182,99146,3,42.852,-78.801,Breaking & Entering
97185,99149,3,42.848,-78.802,Breaking & Entering
97194,99158,3,42.837,-78.809,Assault
97196,99160,3,42.879,-78.835,Theft
97197,99161,3,42.87,-78.834,Theft
97201,99166,3,42.892,-78.844,Robbery
97205,99170,3,42.893,-78.824,Assault
97206,99171,3,42.893,-78.819,Theft of Vehicle
97208,99173,3,42.892,-78.81,Theft
97212,99177,3,42.893,-78.839,Theft
97214,99179,3,42.858,-78.811,Theft
97218,99183,3,42.856,-78.831,Theft
97225,99190,3,42.837,-78.824,Theft of Vehicle
97226,99191,3,42.871,-78.812,Assault
97228,99193,3,42.854,-78.809,Theft
97229,99194,3,42.883,-78.835,Assault
97239,99204,3,42.895,-78.83,Assault
97251,99216,3,42.841,-78.809,Theft
97261,99226,3,42.856,-78.813,Assault
97269,99234,3,42.894,-78.807,Breaking & Entering
97280,99245,3,42.851,-78.803,Theft
97295,99260,3,42.842,-78.829,Theft
97303,99268,3,42.875,-78.81,Assault
97316,99282,3,42.852,-78.823,Theft of Vehicle
97320,99286,3,42.882,-78.83,Theft
97332,99298,3,42.856,-78.818,Assault
97334,99300,3,42.858,-78.831,Theft
97344,99310,3,42.864,-78.825,Theft of Vehicle
97354,99320,3,42.88,-78.839,Theft
97358,99324,3,42.872,-78.825,Theft
97362,99328,3,42.886,-78.842,Assault
97370,99336,3,42.892,-78.808,Assault
97371,99337,3,42.844,-78.824,Assault
97374,99340,3,42.898,-78.815,Assault
97384,99350,3,42.897,-78.814,Assault
97388,99354,3,42.865,-78.826,Theft
97394,99360,3,42.85,-78.803,Theft
97405,99372,3,42.895,-78.806,Breaking & Entering
97406,99373,3,42.892,-78.81,Assault
97407,99374,3,42.892,-78.834,Assault
97419,99386,3,42.856,-78.834,Theft of Vehicle
97429,99396,3,42.849,-78.822,Breaking & Entering
97434,99401,3,42.896,-78.823,Assault
97435,99402,3,42.856,-78.832,Assault
97439,99406,3,42.892,-78.83,Breaking & Entering
97447,99414,3,42.857,-78.832,Theft
97449,99416,3,42.87,-78.833,Assault
97458,99425,3,42.887,-78.805,Assault
97462,99429,3,42.868,-78.808,Assault
97467,99434,3,42.888,-78.804,Theft
97471,99438,3,42.888,-78.837,Theft
97472,99439,3,42.874,-78.843,Theft of Vehicle
97481,99448,3,42.834,-78.824,Theft of Vehicle
97483,99451,3,42.869,-78.81,Theft
97493,99461,3,42.859,-78.808,Breaking & Entering
97500,99468,3,42.895,-78.842,Breaking & Entering
97509,99477,3,42.857,-78.807,Assault
97513,99481,3,42.855,-78.81,Theft
97520,99488,3,42.892,-78.802,Breaking & Entering
97521,99490,3,42.882,-78.842,Theft
97522,99491,3,42.897,-78.839,Breaking & Entering
97529,99498,3,42.858,-78.827,Breaking & Entering
97530,99499,3,42.855,-78.824,Theft
97531,99500,3,42.893,-78.829,Assault
97534,99503,3,42.894,-78.843,Breaking & Entering
97536,99505,3,42.885,-78.838,Theft of Vehicle
97553,99522,3,42.895,-78.827,Assault
97556,99525,3,42.89,-78.832,Assault
97557,99526,3,42.857,-78.812,Theft
97558,99527,3,42.887,-78.837,Assault
97561,99530,3,42.871,-78.844,Theft
97570,99539,3,42.832,-78.832,Robbery
97575,99544,3,42.871,-78.831,Sexual Assault
97580,99549,3,42.898,-78.837,Theft
97593,99562,3,42.895,-78.831,Theft
97605,99575,3,42.856,-78.832,Theft of Vehicle
97609,99579,3,42.894,-78.825,Assault
97614,99584,3,42.88,-78.804,Theft
97617,99587,3,42.875,-78.805,Assault
97622,99592,3,42.847,-78.814,Theft
97623,99593,3,42.877,-78.841,Theft
97625,99595,3,42.896,-78.841,Theft
97629,99599,3,42.888,-78.836,Theft of Vehicle
97632,99602,3,42.853,-78.826,Theft of Vehicle
97637,99607,3,42.893,-78.833,Assault
97648,99619,3,42.898,-78.839,Assault
97651,99622,3,42.856,-78.832,Breaking & Entering
97667,99638,3,42.856,-78.809,Assault
97668,99639,3,42.864,-78.844,Breaking & Entering
97675,99646,3,42.869,-78.849,Theft
97676,99647,3,42.889,-78.811,Theft
97677,99648,3,42.865,-78.824,Breaking & Entering
97690,99662,3,42.895,-78.807,Theft
97703,99675,3,42.855,-78.828,Theft
97705,99677,3,42.894,-78.835,Breaking & Entering
97706,99678,3,42.869,-78.846,Theft
97711,99683,3,42.896,-78.825,Assault
97716,99688,3,42.852,-78.827,Theft of Vehicle
97718,99690,3,42.888,-78.837,Assault
97728,99700,3,42.857,-78.804,Theft
97732,99704,3,42.869,-78.834,Theft
97738,99710,3,42.858,-78.831,Theft
97749,99721,3,42.884,-78.813,Theft
97760,99733,3,42.89,-78.814,Theft of Vehicle
97761,99734,3,42.873,-78.844,Theft
97762,99735,3,42.86,-78.813,Theft
97766,99739,3,42.898,-78.807,Theft
97767,99740,3,42.848,-78.828,Theft of Vehicle
97770,99743,3,42.862,-78.816,Theft
97771,99744,3,42.873,-78.852,Theft
97772,99745,3,42.899,-78.819,Breaking & Entering
97781,99754,3,42.888,-78.814,Assault
97791,99764,3,42.895,-78.808,Assault
97795,99768,3,42.883,-78.836,Theft
97808,99782,3,42.86,-78.825,Theft
97818,99792,3,42.85,-78.815,Assault
97824,99798,3,42.889,-78.835,Assault
97830,99804,3,42.89,-78.803,Breaking & Entering
97831,99805,3,42.842,-78.823,Robbery
97836,99810,3,42.887,-78.837,Theft
97839,99813,3,42.869,-78.83,Breaking & Entering
97845,99819,3,42.854,-78.811,Assault
97852,99826,3,42.873,-78.806,Assault
97858,99832,3,42.848,-78.816,Assault
97862,99836,3,42.872,-78.81,Sexual Offense
97863,99837,3,42.899,-78.83,Assault
97866,99840,3,42.869,-78.8,Theft
97870,99844,3,42.894,-78.836,Robbery
97881,99855,3,42.897,-78.819,Assault
97897,99871,3,42.859,-78.842,Theft
97903,99877,3,42.855,-78.826,Assault
97906,99881,3,42.893,-78.837,Assault
97919,99894,3,42.892,-78.835,Breaking & Entering
97924,99899,3,42.87,-78.845,Assault
97933,99908,3,42.896,-78.816,Robbery
97949,99924,3,42.883,-78.849,Robbery
97950,99925,3,42.843,-78.81,Assault
97968,99943,3,42.896,-78.814,Theft
97969,99944,3,42.856,-78.831,Theft
97971,99946,3,42.869,-78.812,Breaking & Entering
97974,99949,3,42.89,-78.836,Assault
97975,99950,3,42.835,-78.822,Assault
97979,99954,3,42.844,-78.825,Theft of Vehicle
97980,99955,3,42.89,-78.836,Assault
97985,99960,3,42.899,-78.81,Breaking & Entering
97986,99961,3,42.861,-78.807,Theft
97987,99962,3,42.849,-78.806,Assault
97990,99965,3,42.854,-78.834,Breaking & Entering
97996,99971,3,42.85,-78.814,Theft
98008,99983,3,42.853,-78.824,Assault
98017,99992,3,42.891,-78.833,Assault
98020,99995,3,42.895,-78.826,Robbery
98028,100003,3,42.85,-78.803,Theft
98034,100009,3,42.851,-78.806,Assault
98042,100017,3,42.894,-78.828,Theft of Vehicle
98051,100026,3,42.872,-78.811,Assault
98056,100031,3,42.888,-78.836,Theft
98059,100035,3,42.859,-78.814,Robbery
98065,100041,3,42.897,-78.814,Theft
98069,100045,3,42.86,-78.807,Theft
98070,100046,3,42.891,-78.843,Assault
98071,100047,3,42.889,-78.808,Assault
98080,100056,3,42.888,-78.837,Assault
98084,100060,3,42.891,-78.833,Breaking & Entering
98094,100070,3,42.842,-78.82,Theft
98096,100072,3,42.882,-78.849,Assault
98099,100075,3,42.875,-78.845,Breaking & Entering
98103,100079,3,42.896,-78.816,Breaking & Entering
98106,100082,3,42.896,-78.826,Breaking & Entering
98111,100087,3,42.896,-78.82,Theft
98112,100088,3,42.899,-78.818,Assault
98117,100093,3,42.891,-78.803,Robbery
98123,100099,3,42.894,-78.838,Assault
98136,100112,3,42.848,-78.801,Assault
98137,100113,3,42.894,-78.828,Assault
98141,100117,3,42.897,-78.82,Assault
98151,100127,3,42.869,-78.829,Assault
98157,100133,3,42.844,-78.824,Assault
98166,100142,3,42.879,-78.842,Breaking & Entering
98180,100157,3,42.885,-78.804,Theft
98184,100161,3,42.873,-78.827,Robbery
98187,100164,3,42.84,-78.823,Assault
98199,100176,3,42.853,-78.811,Theft
98207,100184,3,42.85,-78.826,Assault
98216,100193,3,42.88,-78.85,Breaking & Entering
98220,100197,3,42.866,-78.848,Theft
98222,100199,3,42.854,-78.829,Other Sexual Offense
98223,100200,3,42.854,-78.823,Theft
98229,100206,3,42.854,-78.806,Breaking & Entering
98234,100211,3,42.87,-78.81,Theft
98243,100221,3,42.857,-78.812,Theft
98254,100232,3,42.856,-78.823,Theft
98257,100235,3,42.89,-78.839,Theft
98260,100238,3,42.853,-78.83,Theft
98267,100245,3,42.854,-78.825,Theft
98270,100248,3,42.856,-78.811,Theft of Vehicle
98273,100251,3,42.889,-78.837,Theft
98275,100253,3,42.893,-78.839,Theft of Vehicle
98280,100258,3,42.854,-78.825,Theft
98281,100259,3,42.89,-78.8,Theft
98286,100264,3,42.856,-78.81,Breaking & Entering
98290,100268,3,42.856,-78.805,Assault
98293,100271,3,42.857,-78.809,Theft
98297,100275,3,42.885,-78.811,Breaking & Entering
98311,100289,3,42.85,-78.831,Theft
98313,100291,3,42.866,-78.848,Assault
98320,100299,3,42.864,-78.816,Theft
98323,100302,3,42.852,-78.806,Theft
98324,100303,3,42.872,-78.845,Theft of Vehicle
98346,100325,3,42.858,-78.814,Breaking & Entering
98360,100339,3,42.842,-78.821,Assault
98361,100340,3,42.881,-78.832,Theft
98362,100341,3,42.874,-78.844,Breaking & Entering
98366,100345,3,42.857,-78.823,Theft
98369,100348,3,42.84,-78.808,Assault
98381,100360,3,42.872,-78.838,Theft
98382,100361,3,42.856,-78.818,Breaking & Entering
98384,100363,3,42.848,-78.824,Theft
98399,100378,3,42.843,-78.815,Breaking & Entering
98406,100385,3,42.858,-78.831,Theft
98410,100389,3,42.841,-78.816,Theft
98415,100394,3,42.84,-78.806,Theft
98417,100396,3,42.896,-78.834,Breaking & Entering
98427,100407,3,42.833,-78.824,Theft
98431,100411,3,42.879,-78.81,Theft
98436,100416,3,42.851,-78.809,Assault
98445,100425,3,42.848,-78.824,Theft
98462,100442,3,42.887,-78.811,Theft
98465,100445,3,42.87,-78.807,Other Sexual Offense
98468,100448,3,42.858,-78.823,Breaking & Entering
98470,100450,3,42.89,-78.841,Sexual Assault
98474,100454,3,42.899,-78.836,Robbery
98475,100455,3,42.889,-78.808,Theft
98477,100457,3,42.851,-78.823,Assault
98479,100459,3,42.872,-78.805,Theft of Vehicle
98482,100462,3,42.898,-78.807,Theft
98490,100470,3,42.887,-78.847,Breaking & Entering
98500,100480,3,42.899,-78.81,Theft
98505,100485,3,42.889,-78.812,Assault
98506,100486,3,42.849,-78.803,Theft of Vehicle
98510,100490,3,42.868,-78.805,Theft
98515,100495,3,42.896,-78.806,Theft
98517,100497,3,42.854,-78.817,Assault
98518,100499,3,42.855,-78.81,Sexual Offense
98519,100500,3,42.852,-78.805,Assault
98527,100508,3,42.888,-78.817,Theft
98529,100510,3,42.858,-78.831,Theft
98530,100511,3,42.879,-78.832,Theft
98534,100516,3,42.896,-78.819,Assault
98535,100517,3,42.844,-78.823,Theft
98536,100518,3,42.844,-78.827,Assault
98538,100520,3,42.868,-78.848,Theft
98545,100527,3,42.897,-78.838,Robbery
98555,100537,3,42.898,-78.803,Theft
98559,100541,3,42.889,-78.808,Theft
98562,100544,3,42.898,-78.822,Assault
98564,100546,3,42.862,-78.809,Theft
98565,100547,3,42.856,-78.826,Assault
98568,100550,3,42.896,-78.838,Breaking & Entering
98571,100553,3,42.854,-78.825,Breaking & Entering
98573,100555,3,42.892,-78.832,Assault
98596,100578,3,42.898,-78.801,Breaking & Entering
98600,100582,3,42.848,-78.824,Assault
98604,100586,3,42.85,-78.803,Assault
98610,100592,3,42.89,-78.807,Theft
98618,100600,3,42.895,-78.821,Breaking & Entering
98626,100608,3,42.848,-78.818,Theft
98627,100610,3,42.896,-78.824,Theft
98638,100621,3,42.894,-78.834,Robbery
98641,100624,3,42.856,-78.809,Breaking & Entering
98644,100627,3,42.873,-78.806,Breaking & Entering
98655,100638,3,42.853,-78.824,Assault
98671,100654,3,42.845,-78.824,Robbery
98679,100662,3,42.871,-78.849,Breaking & Entering
98681,100664,3,42.853,-78.801,Breaking & Entering
98684,100667,3,42.895,-78.806,Assault
98688,100671,3,42.869,-78.806,Theft
98691,100674,3,42.854,-78.808,Assault
98696,100679,3,42.883,-78.833,Robbery
98699,100682,3,42.896,-78.82,Theft
98700,100683,3,42.85,-78.801,Theft
98711,100694,3,42.885,-78.814,Robbery
98718,100701,3,42.87,-78.809,Breaking & Entering
98719,100702,3,42.883,-78.831,Assault
98722,100705,3,42.877,-78.841,Breaking & Entering
98727,100710,3,42.833,-78.822,Breaking & Entering
98728,100711,3,42.895,-78.809,Theft
98750,100734,3,42.872,-78.809,Theft
98751,100735,3,42.889,-78.809,Assault
98757,100741,3,42.896,-78.824,Theft
98760,100744,3,42.861,-78.819,Theft of Vehicle
98763,100747,3,42.853,-78.821,Theft
98764,100748,3,42.862,-78.81,Assault
98771,100755,3,42.871,-78.831,Theft of Vehicle
98776,100760,3,42.855,-78.81,Theft
98783,100767,3,42.846,-78.83,Theft
98784,100768,3,42.832,-78.825,Theft of Vehicle
98794,100778,3,42.86,-78.806,Assault
98803,100787,3,42.867,-78.857,Assault
98804,100788,3,42.888,-78.812,Theft
98812,100796,3,42.857,-78.817,Breaking & Entering
98824,100808,3,42.899,-78.815,Assault
98828,100812,3,42.896,-78.838,Assault
98829,100813,3,42.891,-78.8,Theft
98833,100817,3,42.891,-78.825,Assault
98835,100819,3,42.841,-78.812,Assault
98845,100829,3,42.849,-78.832,Theft of Vehicle
98850,100834,3,42.899,-78.819,Theft
98853,100837,3,42.896,-78.82,Theft
98863,100847,3,42.888,-78.814,Theft
98868,100853,3,42.874,-78.804,Breaking & Entering
98884,100869,3,42.85,-78.862,Breaking & Entering
98899,100884,3,42.898,-78.815,Theft
98906,100891,3,42.854,-78.819,Breaking & Entering
98940,100928,3,42.881,-78.842,Theft
98941,100929,3,42.876,-78.816,Theft
98949,100938,3,42.842,-78.811,Breaking & Entering
98951,100940,3,42.867,-78.807,Assault
98952,100941,3,42.899,-78.835,Robbery
98961,100950,3,42.896,-78.823,Assault
98971,100960,3,42.852,-78.83,Assault
98974,100963,3,42.896,-78.821,Breaking & Entering
98975,100964,3,42.893,-78.833,Breaking & Entering
98987,100976,3,42.898,-78.816,Robbery
98991,100980,3,42.892,-78.81,Assault
98993,100982,3,42.857,-78.834,Theft
98997,100986,3,42.863,-78.818,Theft
98999,100988,3,42.854,-78.802,Theft
99002,100991,3,42.852,-78.814,Breaking & Entering
99004,100994,3,42.84,-78.817,Theft
99013,101003,3,42.848,-78.824,Theft
99015,101005,3,42.844,-78.826,Assault
99016,101006,3,42.872,-78.83,Breaking & Entering
99023,101013,3,42.858,-78.831,Theft
99027,101017,3,42.851,-78.823,Theft
99030,101020,3,42.898,-78.836,Sexual Assault
99039,101029,3,42.888,-78.846,Assault
99053,101043,3,42.899,-78.816,Breaking & Entering
99055,101045,3,42.872,-78.832,Theft of Vehicle
99056,101046,3,42.89,-78.8,Theft of Vehicle
99058,101048,3,42.844,-78.817,Theft
99070,101061,3,42.854,-78.809,Theft
99078,101069,3,42.891,-78.814,Theft of Vehicle
99081,101072,3,42.877,-78.848,Theft
99084,101075,3,42.887,-78.84,Theft of Vehicle
99094,101086,3,42.898,-78.832,Breaking & Entering
99099,101091,3,42.882,-78.835,Breaking & Entering
99110,101102,3,42.851,-78.816,Theft
99116,101109,3,42.885,-78.839,Assault
99119,101112,3,42.891,-78.831,Assault
99123,101116,3,42.899,-78.816,Assault
99135,101128,3,42.885,-78.843,Theft
99137,101130,3,42.856,-78.809,Assault
99139,101132,3,42.843,-78.808,Breaking & Entering
99142,101135,3,42.898,-78.806,Breaking & Entering
99143,101136,3,42.85,-78.803,Breaking & Entering
99146,101139,3,42.897,-78.814,Sexual Assault
99164,101157,3,42.872,-78.815,Theft
99173,101166,3,42.89,-78.806,Theft
99189,101183,3,42.898,-78.84,Breaking & Entering
99190,101184,3,42.834,-78.816,Theft of Vehicle
99196,101190,3,42.875,-78.847,Theft of Vehicle
99203,101197,3,42.897,-78.831,Theft of Vehicle
99209,101203,3,42.894,-78.827,Assault
99211,101205,3,42.898,-78.84,Breaking & Entering
99212,101206,3,42.853,-78.819,Breaking & Entering
99216,101210,3,42.872,-78.803,Robbery
99220,101214,3,42.871,-78.83,Theft
99234,101228,3,42.854,-78.824,Theft of Vehicle
99241,101235,3,42.889,-78.807,Breaking & Entering
99264,101258,3,42.898,-78.816,Robbery
99268,101262,3,42.889,-78.837,Assault
99271,101265,3,42.897,-78.819,Theft
99292,101286,3,42.876,-78.852,Theft
99295,101289,3,42.895,-78.821,Breaking & Entering
99296,101290,3,42.896,-78.836,Assault
99300,101294,3,42.891,-78.838,Robbery
99302,101296,3,42.85,-78.825,Assault
99304,101298,3,42.898,-78.807,Theft
99305,101299,3,42.888,-78.84,Robbery
99310,101304,3,42.894,-78.834,Theft
99313,101307,3,42.848,-78.824,Assault
99321,101315,3,42.877,-78.827,Theft
99323,101317,3,42.857,-78.825,Theft
99325,101319,3,42.898,-78.815,Breaking & Entering
99333,101327,3,42.844,-78.827,Breaking & Entering
99337,101331,3,42.851,-78.819,Theft
99358,101352,3,42.857,-78.812,Theft
99366,101360,3,42.891,-78.83,Assault
99373,101367,3,42.876,-78.852,Theft
99374,101368,3,42.895,-78.806,Assault
99375,101369,3,42.858,-78.824,Theft
99383,101377,3,42.837,-78.802,Theft
99386,101380,3,42.889,-78.802,Robbery
99397,101391,3,42.89,-78.838,Assault
99403,101397,3,42.878,-78.834,Breaking & Entering
99405,101399,3,42.891,-78.805,Breaking & Entering
99414,101408,3,42.888,-78.846,Theft of Vehicle
99416,101410,3,42.898,-78.824,Breaking & Entering
99419,101413,3,42.855,-78.809,Theft
99432,101426,3,42.846,-78.82,Theft
99433,101427,3,42.85,-78.815,Theft
99435,101429,3,42.849,-78.816,Theft
99444,101438,3,42.851,-78.824,Breaking & Entering
99446,101440,3,42.847,-78.824,Theft
99483,101478,3,42.852,-78.804,Theft
99486,101481,3,42.891,-78.814,Theft
99491,101486,3,42.857,-78.812,Theft
99493,101488,3,42.86,-78.825,Theft of Vehicle
99496,101491,3,42.869,-78.83,Breaking & Entering
99500,101495,3,42.89,-78.807,Breaking & Entering
99505,101500,3,42.893,-78.825,Assault
99513,101508,3,42.885,-78.84,Breaking & Entering
99514,101509,3,42.875,-78.804,Theft
99527,101522,3,42.869,-78.824,Theft
99529,101524,3,42.886,-78.81,Assault
99534,101529,3,42.886,-78.8,Assault
99544,101539,3,42.872,-78.806,Breaking & Entering
99557,101552,3,42.873,-78.805,Theft
99558,101553,3,42.89,-78.837,Assault
99563,101558,3,42.893,-78.841,Theft
99568,101563,3,42.898,-78.807,Theft
99569,101564,3,42.851,-78.811,Theft
99571,101566,3,42.863,-78.818,Theft
99573,101568,3,42.857,-78.81,Theft
99583,101579,3,42.898,-78.807,Theft
99589,101585,3,42.886,-78.837,Robbery
99591,101587,3,42.856,-78.811,Theft
99592,101588,3,42.89,-78.808,Breaking & Entering
99595,101591,3,42.875,-78.803,Breaking & Entering
99601,101597,3,42.896,-78.804,Breaking & Entering
99603,101599,3,42.883,-78.831,Sexual Assault
99615,101611,3,42.898,-78.832,Breaking & Entering
99619,101615,3,42.895,-78.838,Theft
99621,101617,3,42.855,-78.81,Assault
99622,101618,3,42.891,-78.824,Assault
99625,101621,3,42.856,-78.812,Theft of Vehicle
99638,101634,3,42.85,-78.811,Assault
99645,101641,3,42.893,-78.837,Assault
99647,101643,3,42.853,-78.824,Assault
99649,101645,3,42.872,-78.814,Theft
99650,101646,3,42.862,-78.818,Assault
99651,101647,3,42.889,-78.835,Theft of Vehicle
99655,101651,3,42.893,-78.834,Theft
99671,101667,3,42.888,-78.84,Theft
99674,101670,3,42.858,-78.831,Theft
99677,101673,3,42.893,-78.839,Robbery
99691,101687,3,42.892,-78.83,Breaking & Entering
99697,101694,3,42.867,-78.825,Theft
99706,101703,3,42.849,-78.823,Breaking & Entering
99707,101704,3,42.871,-78.837,Assault
99708,101705,3,42.897,-78.826,Assault
99713,101710,3,42.858,-78.831,Theft
99726,101723,3,42.873,-78.806,Assault
99738,101736,3,42.844,-78.81,Theft
99750,101748,3,42.885,-78.839,Assault
99753,101751,3,42.889,-78.839,Assault
99757,101755,3,42.879,-78.832,Theft
99762,101760,3,42.898,-78.807,Theft
99764,101762,3,42.872,-78.811,Theft
99775,101773,3,42.895,-78.826,Theft
99781,101779,3,42.897,-78.814,Assault
99789,101787,3,42.846,-78.821,Assault
99796,101794,3,42.886,-78.841,Theft
99802,101800,3,42.845,-78.811,Theft
99803,101801,3,42.89,-78.807,Breaking & Entering
99804,101802,3,42.887,-78.813,Theft
99807,101805,3,42.879,-78.838,Theft
99811,101809,3,42.839,-78.806,Theft
99813,101811,3,42.893,-78.837,Theft
99815,101813,3,42.836,-78.822,Theft of Vehicle
99816,101814,3,42.896,-78.82,Robbery
99842,101840,3,42.891,-78.831,Assault
99853,101851,3,42.89,-78.803,Assault
99860,101858,3,42.881,-78.801,Theft
99867,101865,3,42.897,-78.838,Robbery
99868,101866,3,42.894,-78.837,Robbery
99870,101868,3,42.851,-78.802,Assault
99878,101876,3,42.855,-78.809,Theft of Vehicle
99881,101879,3,42.857,-78.828,Other Sexual Offense
99888,101887,3,42.892,-78.807,Breaking & Entering
99892,101891,3,42.891,-78.843,Assault
99896,101895,3,42.892,-78.835,Sexual Assault
99899,101898,3,42.869,-78.8,Theft
99906,101905,3,42.891,-78.812,Assault
99911,101910,3,42.896,-78.833,Assault
99912,101911,3,42.85,-78.804,Theft
99914,101913,3,42.88,-78.85,Breaking & Entering
99917,101916,3,42.894,-78.835,Theft
99918,101917,3,42.89,-78.805,Robbery
99919,101918,3,42.843,-78.827,Breaking & Entering
99920,101919,3,42.898,-78.82,Robbery
99926,101925,3,42.893,-78.839,Theft
99935,101935,3,42.837,-78.824,Sexual Assault
99937,101937,3,42.897,-78.805,Theft
99944,101944,3,42.858,-78.816,Assault
99947,101947,3,42.894,-78.82,Theft
99948,101948,3,42.854,-78.808,Assault
99949,101949,3,42.894,-78.834,Theft
99957,101957,3,42.885,-78.841,Theft
99974,101975,3,42.85,-78.816,Robbery
99979,101980,3,42.885,-78.815,Assault
99982,101983,3,42.878,-78.83,Theft
99984,101985,3,42.86,-78.814,Theft
100003,102004,3,42.893,-78.808,Theft
100004,102005,3,42.877,-78.846,Theft of Vehicle
100007,102008,3,42.854,-78.811,Theft
100010,102011,3,42.889,-78.838,Theft
100024,102025,3,42.856,-78.817,Theft
100028,102029,3,42.889,-78.815,Theft
100034,102035,3,42.877,-78.802,Theft
100043,102044,3,42.842,-78.83,Theft
100049,102050,3,42.895,-78.826,Robbery
100052,102053,3,42.871,-78.838,Breaking & Entering
100054,102055,3,42.855,-78.82,Breaking & Entering
100058,102059,3,42.892,-78.826,Theft of Vehicle
100062,102063,3,42.857,-78.824,Theft
100064,102065,3,42.895,-78.827,Theft
100068,102069,3,42.858,-78.831,Theft
100069,102070,3,42.869,-78.802,Theft
100074,102075,3,42.835,-78.805,Theft
100075,102076,3,42.858,-78.831,Theft
100077,102078,3,42.893,-78.805,Theft of Vehicle
100080,102081,3,42.89,-78.807,Assault
100086,102087,3,42.894,-78.829,Theft
100088,102089,3,42.883,-78.844,Robbery
100095,102098,3,42.857,-78.831,Theft
100096,102099,3,42.864,-78.823,Assault
100098,102101,3,42.897,-78.836,Robbery
100107,102110,3,42.847,-78.832,Assault
100108,102111,3,42.885,-78.845,Robbery
100115,102118,3,42.871,-78.805,Assault
100116,102119,3,42.861,-78.812,Breaking & Entering
100123,102126,3,42.858,-78.809,Theft
100127,102130,3,42.891,-78.834,Theft
100135,102138,3,42.889,-78.838,Assault
100142,102145,3,42.848,-78.816,Assault
100152,102155,3,42.89,-78.845,Homicide
100155,102158,3,42.891,-78.814,Assault
100160,102163,3,42.885,-78.841,Theft
100162,102165,3,42.888,-78.805,Theft
100182,102185,3,42.868,-78.846,Theft of Vehicle
100187,102190,3,42.851,-78.806,Breaking & Entering
100190,102193,3,42.837,-78.824,Assault
100193,102196,3,42.843,-78.824,Theft
100199,102202,3,42.883,-78.802,Theft
100206,102209,3,42.896,-78.82,Robbery
100208,102211,3,42.872,-78.806,Assault
100212,102215,3,42.894,-78.822,Theft
100214,102217,3,42.879,-78.843,Assault
100216,102219,3,42.857,-78.812,Assault
100220,102223,3,42.872,-78.808,Assault
100222,102225,3,42.853,-78.819,Assault
100235,102238,3,42.85,-78.803,Assault
100245,102248,3,42.869,-78.801,Breaking & Entering
100251,102255,3,42.869,-78.81,Theft of Vehicle
100261,102265,3,42.843,-78.824,Assault
100262,102266,3,42.89,-78.805,Theft
100285,102290,3,42.874,-78.803,Theft of Vehicle
100286,102291,3,42.874,-78.817,Theft of Vehicle
100291,102297,3,42.89,-78.831,Theft
100293,102299,3,42.866,-78.805,Breaking & Entering
100294,102300,3,42.871,-78.829,Breaking & Entering
100304,102310,3,42.895,-78.806,Assault
100305,102311,3,42.886,-78.809,Theft
100308,102314,3,42.845,-78.811,Assault
100318,102324,3,42.885,-78.839,Theft of Vehicle
100326,102332,3,42.89,-78.837,Assault
100329,102335,3,42.846,-78.801,Theft of Vehicle
100332,102338,3,42.877,-78.825,Theft of Vehicle
100335,102341,3,42.848,-78.824,Theft of Vehicle
100348,102355,3,42.881,-78.84,Breaking & Entering
100361,102368,3,42.889,-78.814,Theft
100369,102376,3,42.856,-78.811,Theft
100387,102394,3,42.845,-78.801,Breaking & Entering
100388,102395,3,42.865,-78.825,Assault
100389,102396,3,42.881,-78.843,Theft
100390,102397,3,42.868,-78.848,Assault
100394,102401,3,42.889,-78.808,Theft
100401,102408,3,42.888,-78.808,Theft
100403,102410,3,42.856,-78.825,Theft
100417,102426,3,42.87,-78.81,Theft of Vehicle
100419,102428,3,42.856,-78.812,Theft
100426,102435,3,42.875,-78.827,Assault
100429,102438,3,42.881,-78.85,Theft of Vehicle
100442,102451,3,42.892,-78.844,Theft of Vehicle
100445,102454,3,42.84,-78.818,Theft
100446,102455,3,42.896,-78.826,Theft of Vehicle
100448,102457,3,42.835,-78.822,Theft
100453,102462,3,42.858,-78.813,Breaking & Entering
100462,102471,3,42.869,-78.81,Assault
100467,102476,3,42.874,-78.844,Assault
100478,102487,3,42.867,-78.836,Theft
100479,102488,3,42.849,-78.824,Assault
100489,102499,3,42.898,-78.807,Theft
100495,102505,3,42.89,-78.8,Assault
100497,102507,3,42.892,-78.806,Other Sexual Offense
100505,102515,3,42.854,-78.828,Assault
100509,102519,3,42.85,-78.831,Assault
100510,102520,3,42.878,-78.816,Theft
100517,102527,3,42.876,-78.846,Breaking & Entering
100519,102529,3,42.85,-78.815,Theft
100522,102532,3,42.841,-78.823,Theft of Vehicle
100523,102533,3,42.893,-78.827,Assault
100526,102536,3,42.899,-78.822,Breaking & Entering
100530,102540,3,42.854,-78.808,Theft
100533,102543,3,42.896,-78.824,Theft of Vehicle
100536,102546,3,42.889,-78.842,Assault
100544,102554,3,42.858,-78.83,Theft
100548,102558,3,42.886,-78.802,Assault
100555,102565,3,42.857,-78.812,Theft
100557,102567,3,42.897,-78.832,Assault
100570,102580,3,42.851,-78.806,Assault
100571,102581,3,42.85,-78.828,Theft
100576,102586,3,42.891,-78.832,Robbery
100582,102592,3,42.855,-78.81,Theft
100587,102597,3,42.898,-78.838,Assault
100589,102599,3,42.872,-78.809,Assault
100593,102603,3,42.851,-78.805,Theft of Vehicle
100597,102607,3,42.848,-78.812,Theft
100609,102619,3,42.881,-78.842,Breaking & Entering
100614,102624,3,42.875,-78.805,Breaking & Entering
100622,102632,3,42.898,-78.836,Theft of Vehicle
100626,102636,3,42.872,-78.82,Theft
100636,102647,3,42.895,-78.823,Assault
100639,102650,3,42.845,-78.825,Assault
100646,102657,3,42.892,-78.832,Assault
100670,102681,3,42.886,-78.839,Theft
100672,102683,3,42.876,-78.804,Theft of Vehicle
100674,102685,3,42.85,-78.803,Assault
100681,102692,3,42.893,-78.831,Breaking & Entering
100682,102693,3,42.85,-78.803,Assault
100686,102697,3,42.86,-78.805,Sexual Assault
100692,102703,3,42.871,-78.804,Theft
100694,102705,3,42.866,-78.843,Theft
100695,102706,3,42.879,-78.845,Assault
100700,102711,3,42.854,-78.808,Assault
100704,102715,3,42.848,-78.812,Theft
100705,102716,3,42.874,-78.805,Theft
100708,102719,3,42.866,-78.846,Breaking & Entering
100712,102723,3,42.85,-78.825,Breaking & Entering
100713,102724,3,42.897,-78.809,Theft
100718,102729,3,42.857,-78.812,Theft
100731,102743,3,42.896,-78.824,Theft
100733,102745,3,42.87,-78.807,Theft
100742,102754,3,42.885,-78.81,Breaking & Entering
100744,102756,3,42.855,-78.81,Breaking & Entering
100747,102759,3,42.845,-78.823,Assault
100751,102763,3,42.85,-78.828,Breaking & Entering
100758,102770,3,42.85,-78.811,Other Sexual Offense
100776,102788,3,42.899,-78.81,Theft
100778,102790,3,42.883,-78.845,Theft
100784,102796,3,42.852,-78.825,Assault
100793,102806,3,42.866,-78.824,Robbery
100796,102809,3,42.854,-78.811,Other Sexual Offense
100801,102814,3,42.867,-78.849,Other Sexual Offense
100804,102817,3,42.896,-78.807,Theft
100822,102835,3,42.846,-78.801,Theft
100823,102836,3,42.872,-78.812,Assault
100824,102838,3,42.87,-78.809,Assault
100835,102849,3,42.84,-78.826,Theft
100840,102854,3,42.892,-78.829,Breaking & Entering
100851,102865,3,42.888,-78.814,Theft
100856,102870,3,42.896,-78.825,Robbery
100857,102871,3,42.898,-78.802,Breaking & Entering
100859,102873,3,42.892,-78.831,Assault
100862,102876,3,42.87,-78.846,Breaking & Entering
100876,102890,3,42.85,-78.814,Robbery
100880,102894,3,42.85,-78.823,Assault
100881,102895,3,42.896,-78.819,Assault
100884,102898,3,42.858,-78.807,Theft
100891,102906,3,42.884,-78.835,Theft
100895,102910,3,42.874,-78.851,Breaking & Entering
100896,102911,3,42.852,-78.805,Sexual Assault
100903,102918,3,42.857,-78.803,Theft
100905,102920,3,42.895,-78.839,Theft
100906,102921,3,42.857,-78.808,Theft
100907,102922,3,42.896,-78.821,Assault
100910,102925,3,42.895,-78.825,Assault
100911,102926,3,42.898,-78.836,Theft of Vehicle
100913,102928,3,42.885,-78.848,Assault
100915,102930,3,42.852,-78.826,Assault
100917,102932,3,42.893,-78.801,Theft
100924,102939,3,42.899,-78.815,Theft
100926,102941,3,42.884,-78.835,Breaking & Entering
100927,102942,3,42.856,-78.823,Theft
100928,102943,3,42.846,-78.827,Theft
100930,102945,3,42.87,-78.834,Theft
100939,102954,3,42.852,-78.803,Assault
100940,102955,3,42.874,-78.827,Breaking & Entering
100948,102963,3,42.873,-78.827,Assault
100951,102966,3,42.855,-78.809,Assault
100963,102978,3,42.837,-78.817,Theft
100972,102987,3,42.857,-78.828,Assault
100980,102995,3,42.832,-78.815,Theft
100982,102997,3,42.889,-78.809,Theft
100987,103002,3,42.899,-78.835,Robbery
100988,103003,3,42.881,-78.832,Theft
100991,103007,3,42.86,-78.812,Theft of Vehicle
101004,103020,3,42.837,-78.809,Theft
101007,103023,3,42.876,-78.852,Theft
101009,103025,3,42.89,-78.804,Assault
101010,103026,3,42.87,-78.834,Assault
101013,103029,3,42.881,-78.843,Breaking & Entering
101015,103031,3,42.892,-78.834,Theft
101031,103047,3,42.854,-78.83,Theft
101040,103056,3,42.876,-78.823,Theft
101050,103066,3,42.86,-78.81,Assault
101052,103068,3,42.886,-78.837,Theft of Vehicle
101062,103078,3,42.898,-78.807,Theft
101065,103081,3,42.858,-78.831,Theft
101066,103082,3,42.885,-78.84,Assault
101069,103085,3,42.891,-78.838,Assault
101073,103089,3,42.892,-78.803,Sexual Offense
101079,103095,3,42.872,-78.806,Theft
101083,103099,3,42.872,-78.807,Breaking & Entering
101084,103100,3,42.869,-78.81,Theft
101100,103116,3,42.85,-78.804,Assault
101104,103120,3,42.881,-78.833,Theft
101105,103121,3,42.87,-78.833,Assault
101108,103124,3,42.885,-78.839,Robbery
101109,103125,3,42.848,-78.812,Assault
101113,103129,3,42.859,-78.814,Theft
101121,103137,3,42.87,-78.845,Breaking & Entering
101142,103158,3,42.869,-78.811,Assault
101145,103161,3,42.835,-78.821,Assault
101147,103163,3,42.856,-78.816,Theft
101154,103170,3,42.836,-78.824,Assault
101168,103184,3,42.898,-78.82,Assault
101172,103188,3,42.89,-78.803,Breaking & Entering
101173,103189,3,42.89,-78.814,Assault
101188,103204,3,42.871,-78.809,Theft of Vehicle
101192,103208,3,42.899,-78.84,Assault
101199,103215,3,42.885,-78.814,Breaking & Entering
101203,103219,3,42.858,-78.819,Breaking & Entering
101205,103221,3,42.855,-78.805,Theft of Vehicle
101215,103231,3,42.863,-78.819,Breaking & Entering
101226,103242,3,42.868,-78.808,Other Sexual Offense
101228,103244,3,42.892,-78.838,Theft
101236,103252,3,42.852,-78.801,Breaking & Entering
101238,103254,3,42.887,-78.838,Theft
101254,103270,3,42.885,-78.814,Theft
101256,103272,3,42.886,-78.827,Theft
101261,103277,3,42.846,-78.821,Breaking & Entering
101265,103281,3,42.857,-78.831,Theft
101268,103284,3,42.897,-78.82,Assault
101276,103292,3,42.87,-78.816,Breaking & Entering
101278,103294,3,42.858,-78.807,Assault
101282,103298,3,42.893,-78.837,Theft of Vehicle
101286,103302,3,42.851,-78.832,Assault
101293,103309,3,42.843,-78.806,Breaking & Entering
101298,103314,3,42.857,-78.827,Theft
101301,103317,3,42.857,-78.812,Theft
101305,103321,3,42.89,-78.813,Breaking & Entering
101306,103322,3,42.889,-78.808,Breaking & Entering
101308,103324,3,42.842,-78.832,Theft
101310,103326,3,42.857,-78.816,Theft
101323,103339,3,42.889,-78.838,Theft
101325,103341,3,42.896,-78.823,Assault
101328,103344,3,42.89,-78.802,Assault
101330,103346,3,42.87,-78.836,Robbery
101334,103350,3,42.854,-78.833,Assault
101338,103354,3,42.858,-78.814,Theft of Vehicle
101339,103355,3,42.855,-78.808,Theft
101350,103366,3,42.872,-78.816,Theft
101352,103368,3,42.857,-78.816,Theft of Vehicle
101356,103372,3,42.858,-78.825,Theft
101357,103373,3,42.837,-78.858,Breaking & Entering
101358,103374,3,42.864,-78.818,Theft
101361,103377,3,42.85,-78.832,Other Sexual Offense
101365,103381,3,42.87,-78.828,Theft of Vehicle
101373,103389,3,42.86,-78.812,Breaking & Entering
101378,103394,3,42.889,-78.843,Breaking & Entering
101381,103397,3,42.856,-78.825,Theft
101391,103407,3,42.856,-78.811,Assault
101398,103414,3,42.856,-78.809,Breaking & Entering
101399,103415,3,42.875,-78.809,Theft
101407,103423,3,42.893,-78.841,Theft
101409,103425,3,42.857,-78.829,Assault
101410,103426,3,42.853,-78.807,Robbery
101414,103430,3,42.863,-78.816,Theft
101422,103438,3,42.85,-78.825,Breaking & Entering
101424,103440,3,42.899,-78.816,Assault
101433,103449,3,42.897,-78.839,Theft
101435,103451,3,42.889,-78.842,Breaking & Entering
101440,103456,3,42.874,-78.805,Theft
101458,103474,3,42.885,-78.839,Theft
101464,103480,3,42.891,-78.837,Breaking & Entering
101478,103494,3,42.837,-78.822,Theft
101482,103498,3,42.879,-78.841,Theft
101483,103499,3,42.869,-78.85,Breaking & Entering
101492,103508,3,42.884,-78.842,Theft of Vehicle
101497,103513,3,42.852,-78.828,Assault
101507,103524,3,42.837,-78.812,Assault
101516,103533,3,42.873,-78.807,Theft
101522,103539,3,42.89,-78.801,Theft
101533,103550,3,42.865,-78.825,Assault
101534,103551,3,42.85,-78.832,Theft
101536,103553,3,42.895,-78.819,Theft
101537,103554,3,42.837,-78.823,Theft of Vehicle
101540,103557,3,42.852,-78.832,Theft of Vehicle
101543,103560,3,42.878,-78.847,Theft of Vehicle
101546,103563,3,42.885,-78.839,Theft
101548,103565,3,42.891,-78.805,Theft of Vehicle
101550,103567,3,42.899,-78.816,Robbery
101562,103579,3,42.85,-78.804,Assault
101565,103582,3,42.853,-78.829,Breaking & Entering
101582,103600,3,42.886,-78.838,Robbery
101588,103606,3,42.899,-78.84,Robbery
101591,103609,3,42.873,-78.818,Robbery
101592,103610,3,42.85,-78.827,Breaking & Entering
101593,103611,3,42.882,-78.84,Assault
101595,103613,3,42.894,-78.824,Theft
101601,103619,3,42.897,-78.814,Robbery
101606,103624,3,42.843,-78.816,Theft of Vehicle
101608,103626,3,42.88,-78.839,Assault
101612,103630,3,42.855,-78.827,Assault
101629,103647,3,42.899,-78.82,Breaking & Entering
101633,103651,3,42.892,-78.815,Theft of Vehicle
101637,103655,3,42.899,-78.817,Assault
101642,103660,3,42.891,-78.812,Assault
101643,103661,3,42.885,-78.844,Theft of Vehicle
101653,103671,3,42.892,-78.831,Theft
101670,103688,3,42.89,-78.806,Breaking & Entering
101679,103697,3,42.891,-78.812,Breaking & Entering
101680,103698,3,42.857,-78.828,Assault
101684,103702,3,42.885,-78.822,Theft
101688,103706,3,42.895,-78.821,Breaking & Entering
101690,103708,3,42.872,-78.812,Assault
101692,103710,3,42.898,-78.832,Breaking & Entering
101704,103722,3,42.887,-78.838,Assault
101708,103726,3,42.843,-78.828,Theft
101710,103728,3,42.897,-78.818,Robbery
101720,103738,3,42.859,-78.824,Theft of Vehicle
101723,103742,3,42.872,-78.809,Theft
101726,103745,3,42.883,-78.849,Sexual Assault
101742,103761,3,42.858,-78.81,Assault
101744,103763,3,42.893,-78.841,Theft
101745,103764,3,42.893,-78.839,Assault
101746,103765,3,42.854,-78.828,Assault
101748,103767,3,42.897,-78.815,Theft of Vehicle
101759,103778,3,42.897,-78.814,Robbery
101762,103781,3,42.868,-78.835,Breaking & Entering
101763,103782,3,42.845,-78.824,Theft
101767,103786,3,42.874,-78.8,Assault
101780,103799,3,42.897,-78.834,Assault
101795,103814,3,42.888,-78.836,Assault
101800,103819,3,42.868,-78.808,Breaking & Entering
101806,103825,3,42.87,-78.829,Assault
101810,103829,3,42.896,-78.824,Theft
101816,103835,3,42.898,-78.801,Assault
101817,103836,3,42.896,-78.82,Theft
101818,103837,3,42.866,-78.858,Breaking & Entering
101819,103838,3,42.898,-78.807,Theft
101827,103846,3,42.877,-78.809,Theft
101831,103850,3,42.874,-78.817,Theft of Vehicle
101833,103852,3,42.849,-78.824,Theft
101838,103857,3,42.857,-78.828,Assault
101841,103860,3,42.849,-78.828,Assault
101843,103862,3,42.896,-78.818,Assault
101844,103863,3,42.864,-78.851,Theft
101848,103867,3,42.88,-78.834,Assault
101852,103871,3,42.893,-78.839,Theft of Vehicle
101853,103872,3,42.868,-78.85,Assault
101854,103873,3,42.896,-78.817,Robbery
101855,103874,3,42.859,-78.815,Robbery
101868,103888,3,42.897,-78.814,Theft
101870,103890,3,42.846,-78.824,Theft
101873,103893,3,42.873,-78.801,Theft
101878,103898,3,42.871,-78.837,Assault
101882,103902,3,42.844,-78.824,Assault
101890,103910,3,42.891,-78.803,Breaking & Entering
101891,103911,3,42.857,-78.827,Theft
101893,103913,3,42.894,-78.822,Robbery
101898,103918,3,42.873,-78.806,Breaking & Entering
101901,103921,3,42.861,-78.82,Robbery
101902,103922,3,42.898,-78.815,Breaking & Entering
101904,103924,3,42.886,-78.802,Breaking & Entering
101909,103929,3,42.896,-78.825,Assault
101910,103930,3,42.844,-78.826,Theft of Vehicle
101914,103934,3,42.856,-78.828,Other Sexual Offense
101917,103937,3,42.845,-78.82,Theft
101925,103945,3,42.886,-78.839,Theft
101926,103946,3,42.874,-78.809,Theft
101927,103947,3,42.897,-78.839,Breaking & Entering
101931,103951,3,42.873,-78.818,Theft
101936,103956,3,42.853,-78.822,Theft of Vehicle
101942,103962,3,42.892,-78.825,Theft
101944,103964,3,42.872,-78.801,Theft
101952,103972,3,42.859,-78.814,Theft
101980,104001,3,42.898,-78.807,Theft
101992,104014,3,42.852,-78.805,Theft
101993,104015,3,42.838,-78.808,Theft
101997,104019,3,42.879,-78.836,Theft
102007,104030,3,42.87,-78.822,Robbery
102014,104037,3,42.872,-78.802,Breaking & Entering
102017,104040,3,42.899,-78.819,Breaking & Entering
102020,104043,3,42.89,-78.832,Breaking & Entering
102033,104057,3,42.894,-78.823,Breaking & Entering
102034,104058,3,42.873,-78.809,Theft of Vehicle
102036,104060,3,42.886,-78.807,Theft
102040,104064,3,42.853,-78.829,Breaking & Entering
102042,104066,3,42.894,-78.83,Robbery
102047,104071,3,42.872,-78.813,Robbery
102051,104075,3,42.882,-78.832,Theft
102059,104083,3,42.848,-78.823,Breaking & Entering
102061,104085,3,42.857,-78.826,Theft
102065,104089,3,42.889,-78.804,Theft
102074,104098,3,42.886,-78.844,Assault
102082,104106,3,42.893,-78.841,Theft
102087,104111,3,42.84,-78.815,Theft of Vehicle
102088,104112,3,42.854,-78.82,Theft
102089,104113,3,42.89,-78.804,Robbery
102095,104119,3,42.89,-78.804,Theft
102100,104124,3,42.896,-78.815,Theft
102102,104127,3,42.851,-78.828,Breaking & Entering
102111,104136,3,42.871,-78.834,Assault
102112,104137,3,42.894,-78.809,Breaking & Entering
102114,104139,3,42.836,-78.831,Breaking & Entering
102115,104140,3,42.871,-78.802,Breaking & Entering
102121,104146,3,42.896,-78.823,Assault
102123,104148,3,42.841,-78.824,Theft
102132,104157,3,42.867,-78.824,Robbery
102140,104165,3,42.891,-78.83,Assault
102148,104173,3,42.897,-78.814,Theft of Vehicle
102153,104178,3,42.856,-78.833,Theft
102156,104181,3,42.885,-78.844,Robbery
102164,104189,3,42.893,-78.827,Breaking & Entering
102169,104194,3,42.885,-78.81,Robbery
102175,104200,3,42.892,-78.833,Robbery
102181,104206,3,42.852,-78.801,Assault
102196,104221,3,42.85,-78.814,Theft of Vehicle
102197,104222,3,42.893,-78.802,Breaking & Entering
102207,104232,3,42.844,-78.828,Assault
102208,104233,3,42.896,-78.836,Breaking & Entering
102210,104235,3,42.886,-78.839,Breaking & Entering
102213,104238,3,42.851,-78.803,Theft
102222,104247,3,42.857,-78.812,Theft
102224,104249,3,42.896,-78.818,Robbery
102231,104256,3,42.891,-78.812,Assault
102237,104263,3,42.85,-78.815,Theft
102239,104265,3,42.896,-78.822,Theft
102258,104284,3,42.891,-78.801,Breaking & Entering
102267,104293,3,42.883,-78.839,Breaking & Entering
102285,104311,3,42.89,-78.804,Breaking & Entering
102289,104315,3,42.894,-78.834,Breaking & Entering
102290,104316,3,42.855,-78.827,Theft of Vehicle
102297,104323,3,42.877,-78.814,Theft
102312,104338,3,42.884,-78.829,Theft
102313,104339,3,42.856,-78.832,Robbery
102320,104346,3,42.842,-78.823,Assault
102322,104348,3,42.858,-78.823,Assault
102326,104352,3,42.871,-78.852,Theft of Vehicle
102338,104366,3,42.848,-78.812,Theft
102342,104370,3,42.894,-78.821,Breaking & Entering
102344,104372,3,42.85,-78.814,Theft of Vehicle
102348,104376,3,42.896,-78.823,Robbery
102352,104381,3,42.895,-78.803,Theft
102353,104382,3,42.889,-78.834,Breaking & Entering
102356,104385,3,42.897,-78.816,Theft
102364,104393,3,42.892,-78.843,Theft of Vehicle
102365,104394,3,42.889,-78.808,Theft
102366,104395,3,42.894,-78.828,Theft
102369,104398,3,42.899,-78.815,Breaking & Entering
102370,104399,3,42.87,-78.807,Theft
102376,104405,3,42.873,-78.807,Breaking & Entering
102385,104414,3,42.884,-78.831,Theft
102386,104415,3,42.89,-78.801,Assault
102397,104426,3,42.863,-78.802,Theft
102398,104427,3,42.895,-78.839,Assault
102401,104430,3,42.88,-78.802,Theft
102405,104434,3,42.851,-78.813,Theft
102413,104442,3,42.873,-78.812,Other Sexual Offense
102414,104443,3,42.893,-78.837,Theft
102415,104444,3,42.886,-78.819,Theft
102420,104449,3,42.858,-78.809,Theft
102424,104453,3,42.858,-78.831,Theft
102441,104470,3,42.881,-78.802,Theft
102443,104472,3,42.868,-78.849,Assault
102449,104478,3,42.89,-78.806,Assault
102461,104491,3,42.897,-78.837,Assault
102465,104495,3,42.884,-78.841,Robbery
102466,104496,3,42.885,-78.815,Breaking & Entering
102470,104500,3,42.893,-78.838,Theft
102483,104513,3,42.864,-78.823,Theft of Vehicle
102485,104515,3,42.877,-78.827,Assault
102489,104519,3,42.847,-78.827,Breaking & Entering
102491,104521,3,42.888,-78.805,Theft
102500,104530,3,42.896,-78.817,Breaking & Entering
102502,104532,3,42.893,-78.83,Theft
102515,104545,3,42.893,-78.837,Theft
102517,104547,3,42.88,-78.847,Sexual Assault
102521,104551,3,42.842,-78.808,Theft of Vehicle
102530,104560,3,42.851,-78.818,Theft of Vehicle
102532,104562,3,42.895,-78.829,Robbery
102539,104569,3,42.848,-78.824,Theft
102547,104577,3,42.849,-78.863,Theft
102554,104584,3,42.881,-78.849,Theft of Vehicle
102556,104586,3,42.884,-78.833,Breaking & Entering
102562,104592,3,42.874,-78.854,Theft
102569,104599,3,42.857,-78.824,Theft
102582,104613,3,42.86,-78.825,Theft
102599,104631,3,42.877,-78.842,Theft
102603,104635,3,42.878,-78.801,Theft
102617,104649,3,42.848,-78.824,Breaking & Entering
102620,104652,3,42.854,-78.816,Theft
102628,104660,3,42.854,-78.808,Theft
102631,104663,3,42.844,-78.83,Assault
102641,104673,3,42.878,-78.85,Theft
102647,104679,3,42.883,-78.804,Robbery
102649,104681,3,42.856,-78.805,Theft
102654,104686,3,42.885,-78.815,Breaking & Entering
102655,104687,3,42.85,-78.815,Theft
102661,104693,3,42.883,-78.845,Sexual Assault
102662,104694,3,42.867,-78.85,Theft
102667,104699,3,42.845,-78.811,Breaking & Entering
102669,104701,3,42.897,-78.814,Theft
102675,104707,3,42.893,-78.839,Assault
102677,104709,3,42.857,-78.829,Breaking & Entering
102679,104711,3,42.857,-78.812,Theft of Vehicle
102683,104715,3,42.878,-78.806,Theft
102685,104717,3,42.873,-78.806,Theft
102689,104721,3,42.832,-78.811,Assault
102690,104722,3,42.851,-78.802,Theft
102702,104734,3,42.892,-78.807,Theft
102709,104741,3,42.888,-78.814,Theft
102714,104746,3,42.834,-78.824,Theft
102720,104752,3,42.877,-78.805,Theft
102725,104757,3,42.896,-78.815,Breaking & Entering
102727,104759,3,42.871,-78.804,Theft
102728,104760,3,42.888,-78.8,Theft
102735,104767,3,42.854,-78.832,Theft
102737,104769,3,42.853,-78.823,Theft of Vehicle
102745,104777,3,42.893,-78.839,Robbery
102748,104780,3,42.864,-78.801,Assault
102752,104784,3,42.899,-78.817,Theft
102770,104802,3,42.898,-78.815,Assault
102771,104803,3,42.896,-78.838,Breaking & Entering
102772,104804,3,42.839,-78.81,Theft
102774,104806,3,42.858,-78.83,Theft
102786,104818,3,42.876,-78.829,Theft
102793,104825,3,42.899,-78.823,Breaking & Entering
102794,104826,3,42.854,-78.812,Assault
102802,104834,3,42.878,-78.834,Breaking & Entering
102812,104844,3,42.853,-78.816,Assault
102813,104845,3,42.893,-78.805,Theft
102814,104846,3,42.85,-78.811,Assault
102816,104848,3,42.87,-78.808,Assault
102818,104850,3,42.853,-78.83,Assault
102826,104858,3,42.88,-78.835,Breaking & Entering
102841,104874,3,42.839,-78.824,Theft
102844,104877,3,42.898,-78.801,Assault
102853,104886,3,42.895,-78.837,Breaking & Entering
102856,104889,3,42.856,-78.809,Theft
102857,104890,3,42.846,-78.81,Theft
102858,104891,3,42.893,-78.83,Theft
102863,104896,3,42.875,-78.85,Assault
102864,104897,3,42.849,-78.814,Assault
102870,104903,3,42.856,-78.832,Assault
102877,104911,3,42.89,-78.845,Breaking & Entering
102879,104913,3,42.86,-78.814,Assault
102890,104924,3,42.842,-78.83,Breaking & Entering
102891,104925,3,42.833,-78.82,Assault
102894,104928,3,42.894,-78.833,Assault
102902,104936,3,42.89,-78.804,Theft
102903,104937,3,42.841,-78.811,Theft
102907,104941,3,42.839,-78.821,Robbery
102911,104945,3,42.857,-78.828,Theft
102914,104948,3,42.898,-78.807,Theft
102921,104955,3,42.888,-78.838,Theft
102927,104961,3,42.851,-78.806,Theft
102929,104963,3,42.897,-78.801,Theft
102935,104969,3,42.874,-78.81,Theft
102940,104974,3,42.888,-78.836,Assault
102948,104982,3,42.872,-78.835,Theft
102949,104983,3,42.856,-78.826,Assault
102958,104992,3,42.892,-78.833,Breaking & Entering
102966,105000,3,42.889,-78.836,Theft
102967,105001,3,42.848,-78.813,Assault
102986,105021,3,42.888,-78.845,Theft
102989,105024,3,42.857,-78.811,Theft of Vehicle
102996,105031,3,42.873,-78.8,Assault
102997,105032,3,42.872,-78.842,Breaking & Entering
102998,105033,3,42.892,-78.835,Theft of Vehicle
102999,105034,3,42.89,-78.836,Theft of Vehicle
103004,105039,3,42.844,-78.824,Theft
103007,105042,3,42.895,-78.838,Assault
103015,105050,3,42.884,-78.826,Theft
103020,105055,3,42.87,-78.809,Theft
103021,105056,3,42.869,-78.833,Breaking & Entering
103031,105066,3,42.89,-78.8,Theft of Vehicle
103034,105069,3,42.848,-78.812,Theft
103041,105076,3,42.851,-78.812,Theft
103054,105089,3,42.895,-78.83,Assault
103055,105090,3,42.871,-78.852,Theft
103076,105111,3,42.884,-78.84,Theft
103078,105113,3,42.875,-78.805,Breaking & Entering
103080,105115,3,42.857,-78.811,Breaking & Entering
103088,105123,3,42.89,-78.834,Breaking & Entering
103101,105136,3,42.896,-78.814,Theft of Vehicle
103121,105156,3,42.846,-78.819,Theft
103134,105169,3,42.877,-78.841,Theft
103141,105176,3,42.845,-78.831,Assault
103148,105183,3,42.873,-78.801,Theft
103152,105187,3,42.892,-78.827,Theft
103159,105194,3,42.845,-78.824,Theft
103165,105200,3,42.879,-78.836,Theft
103169,105204,3,42.889,-78.811,Assault
103172,105207,3,42.887,-78.809,Theft
103174,105209,3,42.896,-78.817,Breaking & Entering
103177,105213,3,42.888,-78.836,Other Sexual Offense
103181,105217,3,42.871,-78.849,Theft
103192,105228,3,42.875,-78.802,Breaking & Entering
103193,105229,3,42.843,-78.828,Theft
103198,105234,3,42.872,-78.839,Theft of Vehicle
103207,105243,3,42.893,-78.839,Homicide
103209,105245,3,42.893,-78.836,Breaking & Entering
103218,105254,3,42.899,-78.816,Breaking & Entering
103221,105257,3,42.844,-78.828,Assault
103229,105265,3,42.848,-78.812,Assault
103230,105266,3,42.856,-78.829,Robbery
103233,105269,3,42.899,-78.81,Theft
103247,105283,3,42.833,-78.824,Theft
103248,105284,3,42.891,-78.834,Assault
103270,105306,3,42.869,-78.808,Breaking & Entering
103274,105310,3,42.857,-78.812,Theft
103278,105314,3,42.878,-78.801,Theft of Vehicle
103279,105315,3,42.889,-78.806,Assault
103282,105318,3,42.895,-78.805,Breaking & Entering
103294,105330,3,42.842,-78.823,Robbery
103309,105345,3,42.89,-78.844,Assault
103310,105346,3,42.877,-78.827,Assault
103313,105349,3,42.892,-78.837,Theft
103324,105361,3,42.859,-78.835,Breaking & Entering
103325,105362,3,42.89,-78.839,Robbery
103336,105373,3,42.867,-78.823,Assault
103349,105386,3,42.894,-78.822,Assault
103359,105396,3,42.895,-78.827,Assault
103362,105399,3,42.89,-78.808,Theft
103364,105401,3,42.885,-78.816,Theft
103365,105402,3,42.897,-78.816,Theft of Vehicle
103368,105405,3,42.851,-78.828,Theft
103370,105407,3,42.896,-78.819,Assault
103371,105408,3,42.897,-78.806,Theft
103379,105416,3,42.844,-78.825,Assault
103382,105419,3,42.891,-78.835,Assault
103393,105430,3,42.898,-78.83,Theft
103395,105432,3,42.897,-78.808,Breaking & Entering
103403,105440,3,42.89,-78.803,Theft
103412,105449,3,42.898,-78.814,Theft of Vehicle
103416,105453,3,42.869,-78.807,Theft
103431,105468,3,42.879,-78.84,Theft
103438,105475,3,42.894,-78.827,Robbery
103441,105478,3,42.875,-78.826,Theft
103447,105484,3,42.886,-78.839,Theft
103451,105488,3,42.87,-78.832,Theft of Vehicle
103452,105489,3,42.884,-78.847,Theft
103460,105497,3,42.886,-78.808,Breaking & Entering
103473,105510,3,42.882,-78.841,Robbery
103477,105514,3,42.894,-78.833,Theft
103478,105515,3,42.895,-78.837,Theft
103488,105528,3,42.853,-78.808,Breaking & Entering
103491,105531,3,42.848,-78.808,Robbery
103493,105533,3,42.866,-78.858,Breaking & Entering
103497,105537,3,42.872,-78.811,Theft
103498,105538,3,42.893,-78.841,Assault
103506,105546,3,42.847,-78.802,Theft of Vehicle
103508,105548,3,42.894,-78.809,Assault
103511,105551,3,42.877,-78.841,Theft
103515,105555,3,42.897,-78.825,Breaking & Entering
103519,105559,3,42.874,-78.809,Other Sexual Offense
103529,105569,3,42.898,-78.823,Breaking & Entering
103536,105576,3,42.891,-78.834,Breaking & Entering
103539,105579,3,42.858,-78.81,Theft
103541,105581,3,42.894,-78.822,Breaking & Entering
103545,105585,3,42.895,-78.83,Theft of Vehicle
103573,105614,3,42.893,-78.821,Robbery
103578,105619,3,42.834,-78.811,Theft
103609,105652,3,42.857,-78.812,Theft
103610,105653,3,42.889,-78.837,Assault
103614,105657,3,42.852,-78.808,Breaking & Entering
103618,105661,3,42.853,-78.811,Assault
103638,105681,3,42.841,-78.816,Breaking & Entering
103639,105682,3,42.842,-78.805,Theft
103650,105694,3,42.854,-78.812,Theft
103651,105695,3,42.849,-78.812,Theft
103654,105698,3,42.876,-78.83,Theft
103656,105700,3,42.891,-78.8,Other Sexual Offense
103657,105701,3,42.894,-78.809,Breaking & Entering
103702,105746,3,42.897,-78.833,Assault
103704,105748,3,42.857,-78.829,Assault
103728,105772,3,42.87,-78.848,Assault
103738,105782,3,42.891,-78.83,Theft
103746,105790,3,42.839,-78.817,Assault
103751,105795,3,42.878,-78.83,Theft
103752,105796,3,42.858,-78.819,Breaking & Entering
103755,105799,3,42.895,-78.836,Theft of Vehicle
103760,105804,3,42.874,-78.825,Theft
103761,105805,3,42.85,-78.804,Assault
103773,105817,3,42.893,-78.823,Assault
103774,105818,3,42.869,-78.809,Theft
103779,105823,3,42.872,-78.807,Breaking & Entering
103786,105830,3,42.85,-78.801,Breaking & Entering
103789,105833,3,42.852,-78.802,Assault
103797,105841,3,42.856,-78.824,Theft
103802,105846,3,42.858,-78.831,Theft
103803,105848,3,42.891,-78.805,Breaking & Entering
103806,105851,3,42.898,-78.819,Breaking & Entering
103807,105852,3,42.86,-78.817,Robbery
103810,105855,3,42.893,-78.809,Assault
103829,105874,3,42.855,-78.833,Assault
103831,105876,3,42.857,-78.829,Theft
103834,105879,3,42.892,-78.803,Breaking & Entering
103837,105882,3,42.879,-78.802,Theft
103839,105884,3,42.892,-78.811,Assault
103840,105885,3,42.873,-78.826,Theft
103842,105887,3,42.89,-78.845,Assault
103856,105901,3,42.898,-78.837,Theft
103858,105903,3,42.849,-78.802,Theft
103859,105904,3,42.891,-78.814,Sexual Assault
103862,105907,3,42.888,-78.815,Assault
103864,105909,3,42.896,-78.818,Assault
103877,105922,3,42.886,-78.801,Theft
103883,105928,3,42.839,-78.815,Assault
103884,105929,3,42.894,-78.834,Theft of Vehicle
103891,105936,3,42.854,-78.807,Theft
103892,105937,3,42.854,-78.832,Assault
103893,105938,3,42.896,-78.839,Theft
103904,105949,3,42.841,-78.824,Theft
103912,105957,3,42.888,-78.811,Theft
103918,105963,3,42.892,-78.842,Robbery
103919,105964,3,42.898,-78.814,Assault
103921,105966,3,42.883,-78.831,Theft
103930,105975,3,42.897,-78.802,Theft
103932,105977,3,42.878,-78.835,Assault
103938,105983,3,42.844,-78.827,Theft
103940,105986,3,42.873,-78.837,Theft of Vehicle
103948,105994,3,42.896,-78.821,Assault
103951,105997,3,42.898,-78.836,Robbery
103952,105998,3,42.889,-78.812,Theft
103956,106002,3,42.898,-78.839,Theft
103961,106007,3,42.844,-78.824,Assault
103970,106016,3,42.89,-78.837,Assault
103975,106021,3,42.848,-78.801,Assault
103981,106027,3,42.848,-78.827,Theft
103988,106034,3,42.89,-78.841,Robbery
104003,106049,3,42.87,-78.802,Theft
104004,106050,3,42.888,-78.838,Theft
104005,106051,3,42.852,-78.806,Theft
104011,106057,3,42.856,-78.809,Assault
104013,106060,3,42.892,-78.833,Breaking & Entering
104016,106063,3,42.878,-78.834,Breaking & Entering
104018,106065,3,42.866,-78.824,Theft of Vehicle
104021,106068,3,42.848,-78.824,Theft
104024,106071,3,42.868,-78.848,Breaking & Entering
104026,106073,3,42.848,-78.824,Assault
104029,106076,3,42.879,-78.84,Theft
104035,106083,3,42.893,-78.839,Theft
104038,106086,3,42.896,-78.835,Breaking & Entering
104039,106087,3,42.897,-78.817,Theft of Vehicle
104040,106088,3,42.828,-78.824,Robbery
104041,106089,3,42.853,-78.828,Breaking & Entering
104043,106091,3,42.899,-78.837,Assault
104063,106111,3,42.896,-78.824,Robbery
104075,106123,3,42.843,-78.825,Theft of Vehicle
104087,106135,3,42.834,-78.811,Theft
104089,106137,3,42.877,-78.814,Theft of Vehicle
104090,106138,3,42.896,-78.82,Theft
104106,106154,3,42.87,-78.806,Theft
104117,106165,3,42.858,-78.811,Assault
104122,106170,3,42.858,-78.808,Assault
104125,106173,3,42.897,-78.818,Breaking & Entering
104143,106191,3,42.873,-78.843,Theft of Vehicle
104144,106192,3,42.895,-78.833,Breaking & Entering
104146,106194,3,42.856,-78.83,Other Sexual Offense
104151,106199,3,42.882,-78.832,Breaking & Entering
104161,106209,3,42.834,-78.821,Assault
104163,106211,3,42.894,-78.807,Theft
104166,106214,3,42.853,-78.833,Breaking & Entering
104171,106219,3,42.893,-78.823,Theft of Vehicle
104177,106225,3,42.858,-78.823,Breaking & Entering
104178,106226,3,42.881,-78.85,Robbery
104183,106231,3,42.891,-78.801,Breaking & Entering
104188,106236,3,42.889,-78.837,Theft
104196,106244,3,42.875,-78.819,Breaking & Entering
104201,106249,3,42.891,-78.831,Breaking & Entering
104211,106259,3,42.848,-78.812,Theft
104216,106264,3,42.845,-78.823,Theft
104218,106266,3,42.886,-78.827,Theft
104221,106269,3,42.895,-78.83,Breaking & Entering
104224,106272,3,42.895,-78.838,Theft
104225,106273,3,42.874,-78.844,Theft
104226,106274,3,42.87,-78.809,Assault
104233,106281,3,42.841,-78.811,Theft
104236,106284,3,42.894,-78.833,Breaking & Entering
104239,106288,3,42.892,-78.814,Theft
104241,106290,3,42.879,-78.839,Theft
104244,106293,3,42.896,-78.83,Assault
104247,106296,3,42.843,-78.817,Theft of Vehicle
104253,106302,3,42.861,-78.82,Theft
104255,106304,3,42.885,-78.814,Theft
104257,106306,3,42.892,-78.844,Theft
104258,106307,3,42.898,-78.834,Breaking & Entering
104272,106322,3,42.885,-78.846,Breaking & Entering
104273,106323,3,42.841,-78.824,Theft
104279,106329,3,42.896,-78.831,Assault
104280,106330,3,42.852,-78.821,Theft of Vehicle
104282,106332,3,42.857,-78.826,Assault
104285,106335,3,42.856,-78.808,Assault
104287,106337,3,42.849,-78.801,Assault
104288,106338,3,42.843,-78.821,Breaking & Entering
104289,106339,3,42.899,-78.82,Theft
104296,106346,3,42.876,-78.83,Breaking & Entering
104303,106353,3,42.854,-78.825,Breaking & Entering
104310,106360,3,42.892,-78.844,Theft of Vehicle
104311,106361,3,42.893,-78.821,Assault
104317,106367,3,42.853,-78.811,Breaking & Entering
104323,106374,3,42.89,-78.805,Assault
104328,106379,3,42.882,-78.84,Breaking & Entering
104332,106383,3,42.871,-78.834,Theft
104335,106386,3,42.898,-78.832,Breaking & Entering
104337,106388,3,42.86,-78.807,Breaking & Entering
104345,106396,3,42.857,-78.811,Theft
104347,106398,3,42.889,-78.806,Assault
104350,106401,3,42.89,-78.81,Assault
104360,106411,3,42.896,-78.82,Theft
104362,106413,3,42.869,-78.817,Theft
104384,106435,3,42.881,-78.834,Theft
104385,106436,3,42.86,-78.814,Theft
104392,106444,3,42.856,-78.826,Theft
104397,106449,3,42.894,-78.836,Breaking & Entering
104402,106454,3,42.847,-78.819,Theft
104412,106465,3,42.899,-78.836,Breaking & Entering
104422,106475,3,42.896,-78.821,Assault
104424,106477,3,42.855,-78.825,Theft of Vehicle
104433,106486,3,42.894,-78.83,Assault
104436,106489,3,42.893,-78.833,Robbery
104448,106502,3,42.885,-78.842,Breaking & Entering
104452,106506,3,42.857,-78.824,Assault
104453,106507,3,42.853,-78.824,Assault
104458,106512,3,42.846,-78.802,Theft
104467,106521,3,42.897,-78.823,Theft
104468,106522,3,42.852,-78.805,Theft
104478,106533,3,42.895,-78.824,Theft
104487,106542,3,42.894,-78.835,Theft
104489,106544,3,42.845,-78.824,Theft
104500,106555,3,42.864,-78.845,Breaking & Entering
104512,106567,3,42.891,-78.824,Theft
104523,106578,3,42.849,-78.823,Theft
104548,106603,3,42.888,-78.8,Theft
104551,106606,3,42.896,-78.809,Breaking & Entering
104552,106607,3,42.848,-78.812,Theft
104559,106614,3,42.885,-78.81,Theft
104573,106629,3,42.895,-78.822,Theft
104579,106635,3,42.893,-78.839,Breaking & Entering
104588,106644,3,42.895,-78.832,Breaking & Entering
104596,106652,3,42.865,-78.825,Theft
104597,106653,3,42.897,-78.819,Sexual Assault
104600,106656,3,42.87,-78.806,Theft
104601,106657,3,42.871,-78.85,Theft
104606,106662,3,42.895,-78.826,Robbery
104607,106663,3,42.855,-78.81,Robbery
104616,106672,3,42.89,-78.802,Theft
104619,106675,3,42.857,-78.814,Theft of Vehicle
104635,106691,3,42.888,-78.8,Theft
104647,106703,3,42.89,-78.844,Breaking & Entering
104655,106711,3,42.887,-78.803,Assault
104656,106712,3,42.858,-78.808,Breaking & Entering
104660,106716,3,42.85,-78.825,Assault
104664,106720,3,42.894,-78.828,Breaking & Entering
104667,106723,3,42.89,-78.801,Assault
104675,106731,3,42.872,-78.806,Assault
104678,106734,3,42.894,-78.809,Theft
104680,106736,3,42.883,-78.849,Theft
104681,106737,3,42.872,-78.812,Theft
104682,106738,3,42.893,-78.821,Assault
104689,106745,3,42.885,-78.813,Assault
104692,106748,3,42.85,-78.826,Breaking & Entering
104695,106752,3,42.837,-78.826,Theft
104699,106756,3,42.896,-78.805,Breaking & Entering
104708,106765,3,42.894,-78.83,Theft
104709,106766,3,42.858,-78.831,Theft
104712,106769,3,42.866,-78.847,Breaking & Entering
104716,106773,3,42.847,-78.82,Assault
104720,106777,3,42.894,-78.831,Breaking & Entering
104722,106779,3,42.845,-78.824,Theft
104729,106786,3,42.846,-78.821,Assault
104732,106789,3,42.871,-78.808,Breaking & Entering
104738,106795,3,42.869,-78.805,Theft
104743,106800,3,42.889,-78.808,Theft
104745,106802,3,42.899,-78.831,Theft
104760,106817,3,42.896,-78.802,Assault
104770,106827,3,42.87,-78.805,Theft of Vehicle
104772,106829,3,42.877,-78.846,Breaking & Entering
104777,106834,3,42.891,-78.83,Theft
104784,106841,3,42.848,-78.824,Assault
104786,106843,3,42.849,-78.83,Theft
104790,106847,3,42.874,-78.805,Assault
104795,106852,3,42.854,-78.824,Theft of Vehicle
104804,106861,3,42.885,-78.814,Assault
104806,106863,3,42.88,-78.801,Sexual Assault
104809,106866,3,42.896,-78.823,Theft
104811,106868,3,42.887,-78.84,Theft
104812,106869,3,42.87,-78.806,Theft of Vehicle
104813,106870,3,42.896,-78.824,Assault
104828,106885,3,42.891,-78.831,Assault
104834,106891,3,42.844,-78.813,Theft
104855,106912,3,42.89,-78.808,Assault
104858,106915,3,42.889,-78.834,Breaking & Entering
104860,106917,3,42.884,-78.834,Breaking & Entering
104863,106920,3,42.882,-78.834,Robbery
104876,106935,3,42.87,-78.828,Breaking & Entering
104880,106939,3,42.899,-78.823,Theft of Vehicle
104884,106943,3,42.885,-78.84,Theft
104887,106946,3,42.897,-78.818,Assault
104896,106955,3,42.897,-78.827,Theft
104897,106956,3,42.897,-78.838,Robbery
104901,106960,3,42.874,-78.817,Assault
104919,106978,3,42.884,-78.833,Theft
104922,106981,3,42.872,-78.807,Theft of Vehicle
104924,106983,3,42.887,-78.8,Breaking & Entering
104925,106984,3,42.842,-78.818,Theft
104926,106985,3,42.855,-78.807,Other Sexual Offense
104927,106986,3,42.889,-78.803,Theft
104928,106987,3,42.844,-78.83,Theft
104943,107003,3,42.871,-78.815,Breaking & Entering
104955,107015,3,42.895,-78.833,Theft
104962,107022,3,42.851,-78.806,Robbery
104971,107031,3,42.861,-78.821,Theft
104972,107032,3,42.872,-78.82,Breaking & Entering
104978,107038,3,42.873,-78.81,Assault
104984,107044,3,42.897,-78.833,Robbery
104990,107050,3,42.841,-78.823,Assault
104994,107054,3,42.841,-78.821,Theft of Vehicle
105002,107062,3,42.85,-78.82,Breaking & Entering
105003,107063,3,42.868,-78.807,Theft
105005,107065,3,42.883,-78.808,Theft
105011,107071,3,42.854,-78.834,Breaking & Entering
105012,107072,3,42.893,-78.828,Breaking & Entering
105014,107074,3,42.845,-78.812,Assault
105015,107075,3,42.889,-78.808,Breaking & Entering
105020,107080,3,42.869,-78.808,Assault
105029,107090,3,42.896,-78.836,Theft
105033,107094,3,42.86,-78.819,Assault
105038,107099,3,42.885,-78.825,Breaking & Entering
105039,107100,3,42.857,-78.807,Assault
105045,107106,3,42.898,-78.801,Breaking & Entering
105050,107111,3,42.897,-78.836,Theft
105062,107123,3,42.877,-78.841,Breaking & Entering
105065,107126,3,42.893,-78.822,Assault
105076,107137,3,42.88,-78.814,Theft
105077,107138,3,42.894,-78.84,Breaking & Entering
105080,107141,3,42.851,-78.806,Assault
105083,107144,3,42.899,-78.834,Robbery
105085,107146,3,42.86,-78.81,Theft
105087,107148,3,42.848,-78.824,Theft of Vehicle
105091,107152,3,42.879,-78.839,Theft
105095,107156,3,42.866,-78.822,Robbery
105097,107158,3,42.847,-78.832,Theft of Vehicle
105100,107161,3,42.892,-78.824,Assault
105102,107163,3,42.894,-78.81,Theft
105107,107168,3,42.896,-78.831,Sexual Assault
105121,107182,3,42.87,-78.807,Assault
105129,107190,3,42.898,-78.832,Breaking & Entering
105131,107192,3,42.838,-78.817,Breaking & Entering
105136,107197,3,42.897,-78.807,Theft
105140,107201,3,42.895,-78.803,Assault
105142,107203,3,42.894,-78.834,Theft
105146,107207,3,42.852,-78.801,Assault
105148,107209,3,42.86,-78.816,Assault
105160,107221,3,42.877,-78.802,Breaking & Entering
105161,107222,3,42.841,-78.824,Theft
105164,107225,3,42.876,-78.808,Assault
105167,107229,3,42.894,-78.824,Assault
105178,107240,3,42.847,-78.855,Theft
105180,107242,3,42.853,-78.803,Assault
105183,107245,3,42.848,-78.812,Theft
105191,107253,3,42.895,-78.821,Breaking & Entering
105209,107271,3,42.881,-78.802,Theft
105215,107277,3,42.845,-78.824,Theft
105217,107279,3,42.884,-78.846,Assault
105220,107282,3,42.879,-78.832,Breaking & Entering
105222,107284,3,42.899,-78.81,Theft
105226,107288,3,42.892,-78.835,Assault
105230,107292,3,42.844,-78.832,Assault
105232,107294,3,42.885,-78.813,Theft of Vehicle
105234,107296,3,42.872,-78.806,Theft
105236,107298,3,42.858,-78.811,Assault
105239,107301,3,42.841,-78.824,Breaking & Entering
105241,107303,3,42.892,-78.844,Theft of Vehicle
105244,107306,3,42.855,-78.833,Assault
105245,107307,3,42.893,-78.837,Robbery
105246,107308,3,42.899,-78.824,Breaking & Entering
105250,107312,3,42.858,-78.831,Theft
105252,107315,3,42.893,-78.828,Theft of Vehicle
105262,107325,3,42.893,-78.815,Theft
105264,107327,3,42.874,-78.844,Theft
105270,107333,3,42.873,-78.844,Assault
105273,107336,3,42.855,-78.818,Breaking & Entering
105279,107342,3,42.872,-78.812,Assault
105281,107344,3,42.872,-78.81,Robbery
105283,107346,3,42.854,-78.811,Assault
105285,107348,3,42.851,-78.805,Theft of Vehicle
105294,107357,3,42.841,-78.824,Theft
105296,107359,3,42.858,-78.83,Theft
105301,107364,3,42.833,-78.813,Theft
105307,107370,3,42.873,-78.813,Breaking & Entering
105308,107371,3,42.871,-78.807,Theft
105315,107380,3,42.852,-78.808,Theft
105319,107384,3,42.88,-78.84,Breaking & Entering
105332,107397,3,42.894,-78.838,Breaking & Entering
105339,107404,3,42.855,-78.828,Breaking & Entering
105340,107405,3,42.894,-78.836,Theft
105341,107406,3,42.868,-78.81,Theft
105342,107407,3,42.836,-78.815,Theft
105350,107415,3,42.893,-78.837,Theft
105360,107425,3,42.873,-78.829,Breaking & Entering
105363,107428,3,42.863,-78.818,Assault
105378,107443,3,42.858,-78.831,Theft
105394,107459,3,42.847,-78.828,Breaking & Entering
105398,107463,3,42.893,-78.828,Theft
105399,107464,3,42.894,-78.826,Assault
105419,107484,3,42.851,-78.829,Assault
105425,107490,3,42.85,-78.803,Breaking & Entering
105426,107491,3,42.858,-78.813,Breaking & Entering
105436,107501,3,42.858,-78.831,Theft
105446,107511,3,42.851,-78.816,Breaking & Entering
105447,107512,3,42.836,-78.807,Assault
105458,107523,3,42.843,-78.824,Theft
105461,107526,3,42.889,-78.812,Theft
105468,107533,3,42.887,-78.814,Assault
105470,107535,3,42.892,-78.835,Theft
105472,107537,3,42.894,-78.835,Assault
105476,107541,3,42.88,-78.841,Theft
105479,107544,3,42.897,-78.825,Homicide
105482,107547,3,42.871,-78.835,Theft
105485,107550,3,42.848,-78.824,Assault
105486,107551,3,42.89,-78.808,Theft
105490,107555,3,42.836,-78.804,Other Sexual Offense
105494,107559,3,42.853,-78.819,Assault
105498,107563,3,42.898,-78.807,Theft
105512,107578,3,42.85,-78.815,Theft
105514,107580,3,42.895,-78.833,Theft
105517,107583,3,42.89,-78.804,Assault
105523,107589,3,42.898,-78.819,Robbery
105530,107596,3,42.869,-78.83,Breaking & Entering
105535,107601,3,42.851,-78.828,Theft
105545,107611,3,42.893,-78.833,Breaking & Entering
105549,107615,3,42.898,-78.807,Theft
105550,107616,3,42.858,-78.815,Assault
105559,107625,3,42.857,-78.816,Theft
105562,107628,3,42.851,-78.802,Theft of Vehicle
105564,107630,3,42.897,-78.819,Breaking & Entering
105567,107633,3,42.848,-78.824,Robbery
105569,107635,3,42.884,-78.835,Theft of Vehicle
105571,107637,3,42.89,-78.811,Assault
105573,107639,3,42.855,-78.82,Theft
105574,107640,3,42.882,-78.841,Assault
105579,107645,3,42.896,-78.838,Assault
105581,107647,3,42.894,-78.835,Robbery
105583,107649,3,42.882,-78.836,Assault
105586,107652,3,42.841,-78.823,Theft
105590,107656,3,42.882,-78.84,Breaking & Entering
105597,107663,3,42.851,-78.809,Theft
105598,107664,3,42.841,-78.824,Theft
105611,107677,3,42.856,-78.834,Theft
105625,107691,3,42.837,-78.81,Theft of Vehicle
105630,107696,3,42.892,-78.832,Assault
105638,107704,3,42.842,-78.809,Theft
105639,107705,3,42.898,-78.807,Theft
105642,107708,3,42.848,-78.824,Breaking & Entering
105652,107718,3,42.87,-78.833,Robbery
105653,107719,3,42.869,-78.833,Theft
105658,107724,3,42.856,-78.824,Theft of Vehicle
105659,107725,3,42.855,-78.812,Breaking & Entering
105660,107726,3,42.876,-78.804,Breaking & Entering
105662,107728,3,42.895,-78.821,Breaking & Entering
105673,107741,3,42.888,-78.839,Theft
105685,107753,3,42.852,-78.832,Breaking & Entering
105688,107756,3,42.838,-78.808,Theft
105691,107759,3,42.867,-78.824,Theft
105692,107760,3,42.897,-78.82,Robbery
105696,107764,3,42.885,-78.807,Theft
105701,107769,3,42.888,-78.839,Theft
105705,107773,3,42.875,-78.846,Assault
105715,107783,3,42.866,-78.829,Theft
105719,107787,3,42.896,-78.838,Breaking & Entering
105728,107797,3,42.848,-78.828,Theft
105729,107798,3,42.854,-78.809,Theft of Vehicle
105733,107802,3,42.89,-78.833,Assault
105745,107814,3,42.893,-78.839,Assault
105746,107815,3,42.868,-78.846,Theft
105747,107816,3,42.859,-78.823,Assault
105760,107829,3,42.894,-78.842,Theft
105762,107831,3,42.893,-78.828,Breaking & Entering
105767,107837,3,42.898,-78.836,Breaking & Entering
105774,107844,3,42.872,-78.818,Theft
105775,107845,3,42.843,-78.824,Sexual Assault
105779,107849,3,42.872,-78.839,Assault
105786,107856,3,42.861,-78.809,Robbery
105801,107871,3,42.866,-78.848,Theft
105812,107882,3,42.857,-78.82,Theft
105819,107889,3,42.84,-78.802,Breaking & Entering
105833,107903,3,42.885,-78.81,Theft
105844,107914,3,42.889,-78.837,Theft
105848,107918,3,42.896,-78.836,Assault
105849,107919,3,42.833,-78.821,Breaking & Entering
105853,107924,3,42.878,-78.834,Breaking & Entering
105857,107928,3,42.865,-78.85,Breaking & Entering
105861,107932,3,42.855,-78.825,Breaking & Entering
105862,107933,3,42.85,-78.803,Assault
105866,107937,3,42.894,-78.833,Robbery
105868,107939,3,42.875,-78.806,Assault
105871,107942,3,42.893,-78.841,Theft
105881,107952,3,42.84,-78.824,Assault
105885,107956,3,42.894,-78.809,Theft
105887,107958,3,42.854,-78.81,Breaking & Entering
105892,107963,3,42.858,-78.831,Theft
105893,107964,3,42.876,-78.828,Theft
105900,107971,3,42.895,-78.805,Breaking & Entering
105901,107972,3,42.854,-78.83,Assault
105904,107975,3,42.86,-78.825,Theft
105916,107987,3,42.884,-78.839,Robbery
105925,107996,3,42.888,-78.84,Breaking & Entering
105942,108013,3,42.869,-78.81,Theft
105947,108018,3,42.877,-78.829,Breaking & Entering
105964,108035,3,42.845,-78.824,Theft
105988,108059,3,42.887,-78.841,Robbery
105997,108068,3,42.875,-78.821,Theft of Vehicle
106007,108078,3,42.893,-78.804,Theft
106011,108082,3,42.868,-78.846,Breaking & Entering
106014,108085,3,42.891,-78.805,Breaking & Entering
106016,108087,3,42.891,-78.83,Homicide
106017,108088,3,42.857,-78.812,Theft
106019,108090,3,42.893,-78.831,Breaking & Entering
106026,108098,3,42.888,-78.819,Theft
106028,108100,3,42.85,-78.831,Assault
106029,108101,3,42.899,-78.815,Theft
106032,108104,3,42.886,-78.839,Breaking & Entering
106033,108105,3,42.878,-78.815,Theft
106039,108111,3,42.876,-78.817,Theft
106040,108112,3,42.898,-78.832,Assault
106041,108113,3,42.89,-78.808,Breaking & Entering
106046,108118,3,42.841,-78.823,Assault
106053,108125,3,42.867,-78.851,Breaking & Entering
106054,108126,3,42.855,-78.81,Assault
106055,108127,3,42.858,-78.832,Assault
106058,108130,3,42.854,-78.808,Theft
106061,108133,3,42.852,-78.808,Theft
106062,108134,3,42.85,-78.824,Theft
106065,108137,3,42.855,-78.825,Breaking & Entering
106066,108138,3,42.844,-78.825,Sexual Assault
106070,108142,3,42.899,-78.81,Theft
106072,108144,3,42.86,-78.815,Assault
106075,108147,3,42.878,-78.801,Theft
106078,108151,3,42.868,-78.849,Breaking & Entering
106084,108157,3,42.852,-78.803,Breaking & Entering
106086,108159,3,42.85,-78.833,Theft
106087,108160,3,42.886,-78.805,Assault
106088,108161,3,42.851,-78.802,Breaking & Entering
106103,108176,3,42.854,-78.82,Assault
106109,108182,3,42.896,-78.818,Assault
106115,108188,3,42.883,-78.831,Theft
106119,108192,3,42.831,-78.824,Theft
106121,108194,3,42.856,-78.806,Theft
106122,108195,3,42.871,-78.83,Theft
106139,108213,3,42.856,-78.832,Theft of Vehicle
106141,108215,3,42.857,-78.828,Breaking & Entering
106142,108216,3,42.858,-78.82,Assault
106153,108227,3,42.854,-78.829,Theft of Vehicle
106162,108236,3,42.893,-78.839,Robbery
106170,108244,3,42.897,-78.819,Theft of Vehicle
106171,108245,3,42.87,-78.839,Assault
106175,108249,3,42.892,-78.803,Theft of Vehicle
106176,108250,3,42.856,-78.832,Theft
106179,108253,3,42.857,-78.826,Theft
106183,108257,3,42.884,-78.824,Breaking & Entering
106184,108258,3,42.895,-78.836,Theft of Vehicle
106199,108273,3,42.838,-78.812,Theft
106208,108282,3,42.844,-78.831,Theft
106219,108293,3,42.885,-78.83,Theft
106223,108297,3,42.873,-78.805,Assault
106226,108300,3,42.893,-78.836,Breaking & Entering
106242,108316,3,42.893,-78.83,Assault
106243,108317,3,42.875,-78.851,Theft
106247,108321,3,42.87,-78.835,Assault
106251,108325,3,42.857,-78.809,Sexual Assault
106254,108328,3,42.89,-78.832,Breaking & Entering
106257,108331,3,42.858,-78.831,Theft
106259,108333,3,42.853,-78.832,Theft
106267,108341,3,42.85,-78.803,Robbery
106274,108348,3,42.893,-78.837,Theft
106278,108352,3,42.854,-78.831,Theft
106289,108363,3,42.853,-78.801,Theft
106295,108369,3,42.893,-78.839,Robbery
106298,108373,3,42.874,-78.805,Assault
106303,108378,3,42.859,-78.804,Theft
106307,108382,3,42.86,-78.813,Breaking & Entering
106335,108410,3,42.887,-78.8,Assault
106342,108417,3,42.838,-78.808,Assault
106347,108422,3,42.867,-78.825,Theft
106348,108423,3,42.87,-78.832,Breaking & Entering
106350,108425,3,42.866,-78.849,Breaking & Entering
106351,108426,3,42.872,-78.82,Theft
106353,108428,3,42.886,-78.801,Theft
106355,108430,3,42.894,-78.835,Assault
106361,108436,3,42.876,-78.804,Assault
106370,108445,3,42.849,-78.813,Theft
106373,108448,3,42.848,-78.818,Breaking & Entering
106374,108449,3,42.884,-78.831,Breaking & Entering
106383,108458,3,42.85,-78.805,Theft
106386,108461,3,42.857,-78.812,Theft
106389,108464,3,42.891,-78.806,Breaking & Entering
106392,108467,3,42.874,-78.801,Breaking & Entering
106400,108475,3,42.86,-78.825,Theft
106402,108477,3,42.898,-78.806,Theft
106403,108478,3,42.844,-78.827,Theft
106433,108509,3,42.892,-78.834,Breaking & Entering
106441,108517,3,42.847,-78.832,Assault
106442,108518,3,42.848,-78.823,Breaking & Entering
106443,108519,3,42.892,-78.827,Breaking & Entering
106447,108523,3,42.892,-78.813,Breaking & Entering
106454,108530,3,42.851,-78.825,Assault
106463,108539,3,42.893,-78.822,Breaking & Entering
106498,108574,3,42.837,-78.811,Theft
106509,108585,3,42.851,-78.804,Theft of Vehicle
106511,108587,3,42.87,-78.834,Assault
106514,108590,3,42.856,-78.832,Breaking & Entering
106517,108593,3,42.862,-78.812,Breaking & Entering
106520,108597,3,42.894,-78.835,Theft
106524,108601,3,42.838,-78.804,Theft
106534,108611,3,42.898,-78.816,Assault
106537,108614,3,42.854,-78.832,Assault
106538,108615,3,42.897,-78.819,Breaking & Entering
106542,108619,3,42.848,-78.831,Breaking & Entering
106543,108620,3,42.878,-78.836,Assault
106549,108626,3,42.86,-78.825,Robbery
106550,108627,3,42.86,-78.821,Theft
106551,108628,3,42.884,-78.802,Theft
106553,108630,3,42.893,-78.842,Breaking & Entering
106558,108635,3,42.871,-78.836,Theft
106564,108641,3,42.895,-78.836,Theft
106575,108652,3,42.854,-78.832,Assault
106581,108658,3,42.894,-78.821,Robbery
106594,108671,3,42.892,-78.809,Breaking & Entering
106600,108677,3,42.873,-78.803,Theft
106604,108681,3,42.847,-78.824,Theft
106607,108684,3,42.864,-78.815,Theft
106610,108687,3,42.869,-78.806,Theft of Vehicle
106615,108692,3,42.89,-78.838,Theft
106628,108705,3,42.858,-78.813,Assault
106637,108714,3,42.899,-78.82,Assault
106644,108721,3,42.861,-78.807,Theft
106645,108722,3,42.848,-78.824,Theft of Vehicle
106650,108727,3,42.853,-78.81,Breaking & Entering
106657,108734,3,42.851,-78.821,Theft of Vehicle
106659,108736,3,42.893,-78.803,Breaking & Entering
106685,108762,3,42.848,-78.812,Theft
106686,108763,3,42.872,-78.811,Theft
106690,108767,3,42.894,-78.807,Theft
106702,108779,3,42.893,-78.803,Assault
106708,108785,3,42.895,-78.83,Theft
106719,108796,3,42.887,-78.84,Breaking & Entering
106720,108797,3,42.885,-78.839,Robbery
106721,108798,3,42.857,-78.826,Breaking & Entering
106724,108801,3,42.886,-78.802,Theft
106732,108809,3,42.835,-78.823,Theft
106766,108844,3,42.894,-78.838,Theft of Vehicle
106783,108862,3,42.898,-78.841,Breaking & Entering
106786,108865,3,42.872,-78.806,Breaking & Entering
106790,108869,3,42.894,-78.835,Robbery
106802,108881,3,42.878,-78.836,Robbery
106803,108882,3,42.888,-78.838,Breaking & Entering
106812,108891,3,42.838,-78.808,Theft
106816,108895,3,42.845,-78.811,Breaking & Entering
106818,108897,3,42.872,-78.802,Theft
106822,108901,3,42.89,-78.839,Assault
106835,108914,3,42.869,-78.83,Theft
106836,108916,3,42.895,-78.836,Robbery
106847,108927,3,42.879,-78.845,Breaking & Entering
106849,108929,3,42.896,-78.819,Theft
106853,108933,3,42.895,-78.83,Theft
106873,108954,3,42.833,-78.818,Theft
106876,108957,3,42.848,-78.824,Assault
106882,108963,3,42.885,-78.803,Breaking & Entering
106885,108966,3,42.895,-78.836,Breaking & Entering
106892,108973,3,42.848,-78.823,Theft
106898,108979,3,42.854,-78.819,Theft
106902,108983,3,42.885,-78.813,Theft
106905,108986,3,42.886,-78.82,Breaking & Entering
106909,108991,3,42.846,-78.802,Theft of Vehicle
106910,108992,3,42.868,-78.81,Breaking & Entering
106914,108996,3,42.853,-78.811,Theft
106916,108998,3,42.876,-78.843,Assault
106918,109000,3,42.854,-78.812,Assault
106923,109005,3,42.897,-78.84,Theft
106924,109006,3,42.879,-78.841,Robbery
106940,109022,3,42.845,-78.824,Theft
106941,109023,3,42.887,-78.803,Breaking & Entering
106948,109030,3,42.848,-78.802,Breaking & Entering
106949,109031,3,42.886,-78.815,Assault
106952,109034,3,42.898,-78.818,Theft
106962,109044,3,42.898,-78.819,Breaking & Entering
106967,109049,3,42.892,-78.838,Theft
106976,109058,3,42.894,-78.836,Theft
106981,109063,3,42.846,-78.82,Theft
106984,109066,3,42.891,-78.843,Breaking & Entering
106988,109070,3,42.872,-78.812,Theft
106991,109073,3,42.853,-78.824,Theft
107012,109094,3,42.892,-78.83,Assault
107019,109101,3,42.889,-78.808,Theft
107020,109102,3,42.899,-78.822,Theft
107025,109107,3,42.898,-78.831,Theft
107031,109114,3,42.854,-78.832,Assault
107033,109116,3,42.848,-78.802,Assault
107036,109119,3,42.851,-78.806,Assault
107063,109148,3,42.853,-78.804,Theft of Vehicle
107064,109149,3,42.898,-78.841,Assault
107069,109154,3,42.893,-78.84,Theft
107070,109155,3,42.868,-78.85,Theft
107078,109163,3,42.854,-78.807,Theft
107081,109166,3,42.893,-78.842,Robbery
107087,109172,3,42.898,-78.841,Breaking & Entering
107089,109175,3,42.89,-78.8,Theft
107099,109186,3,42.842,-78.811,Assault
107103,109190,3,42.883,-78.844,Theft of Vehicle
107108,109195,3,42.843,-78.819,Theft
107110,109197,3,42.897,-78.819,Theft
107118,109205,3,42.855,-78.825,Assault
107121,109208,3,42.893,-78.829,Theft
107127,109214,3,42.852,-78.807,Theft
107129,109216,3,42.848,-78.824,Theft
107132,109219,3,42.891,-78.801,Theft
107137,109224,3,42.842,-78.829,Theft
107144,109231,3,42.886,-78.842,Assault
107146,109233,3,42.89,-78.836,Robbery
107152,109239,3,42.85,-78.803,Theft
107172,109259,3,42.888,-78.809,Theft
107176,109263,3,42.879,-78.834,Robbery
107177,109264,3,42.87,-78.846,Theft
107181,109268,3,42.871,-78.838,Theft
107187,109274,3,42.897,-78.811,Theft
107196,109284,3,42.897,-78.804,Breaking & Entering
107214,109302,3,42.894,-78.834,Assault
107226,109314,3,42.869,-78.84,Theft
107231,109319,3,42.839,-78.824,Assault
107233,109321,3,42.894,-78.833,Breaking & Entering
107258,109347,3,42.892,-78.832,Breaking & Entering
107262,109351,3,42.89,-78.808,Assault
107270,109359,3,42.852,-78.812,Assault
107278,109367,3,42.849,-78.832,Theft
107286,109375,3,42.899,-78.81,Theft
107300,109389,3,42.841,-78.813,Breaking & Entering
107311,109400,3,42.888,-78.801,Theft
107323,109412,3,42.887,-78.816,Breaking & Entering
107329,109418,3,42.872,-78.806,Theft
107339,109428,3,42.879,-78.813,Theft
107356,109445,3,42.85,-78.813,Breaking & Entering
107358,109447,3,42.896,-78.835,Theft
107369,109459,3,42.858,-78.815,Robbery
107371,109461,3,42.878,-78.835,Assault
107375,109465,3,42.868,-78.801,Assault
107382,109472,3,42.887,-78.802,Breaking & Entering
107387,109477,3,42.857,-78.824,Theft
107400,109491,3,42.869,-78.811,Theft of Vehicle
107406,109497,3,42.855,-78.832,Assault
107409,109500,3,42.875,-78.824,Breaking & Entering
107418,109509,3,42.872,-78.844,Assault
107420,109511,3,42.872,-78.806,Assault
107423,109514,3,42.885,-78.814,Assault
107427,109518,3,42.894,-78.82,Robbery
107428,109519,3,42.872,-78.842,Assault
107429,109520,3,42.858,-78.831,Theft
107437,109528,3,42.88,-78.843,Theft
107438,109529,3,42.872,-78.801,Theft
107443,109534,3,42.834,-78.809,Theft
107445,109536,3,42.86,-78.806,Assault
107452,109543,3,42.855,-78.832,Assault
107464,109555,3,42.896,-78.838,Theft
107476,109569,3,42.896,-78.806,Theft
107477,109570,3,42.839,-78.819,Assault
107479,109572,3,42.898,-78.822,Theft of Vehicle
107495,109588,3,42.85,-78.83,Theft
107497,109590,3,42.878,-78.801,Theft
107505,109598,3,42.844,-78.824,Homicide
107524,109618,3,42.895,-78.827,Breaking & Entering
107527,109621,3,42.861,-78.819,Theft
107530,109624,3,42.866,-78.821,Breaking & Entering
107531,109625,3,42.872,-78.811,Theft
107551,109645,3,42.864,-78.823,Theft of Vehicle
107559,109654,3,42.851,-78.826,Theft
107562,109658,3,42.872,-78.813,Theft of Vehicle
107565,109661,3,42.89,-78.845,Theft
107567,109663,3,42.896,-78.819,Assault
107571,109667,3,42.894,-78.819,Assault
107589,109685,3,42.833,-78.824,Theft
107604,109700,3,42.855,-78.809,Theft
107605,109701,3,42.88,-78.836,Breaking & Entering
107607,109703,3,42.849,-78.811,Theft
107615,109711,3,42.878,-78.837,Theft of Vehicle
107623,109719,3,42.894,-78.809,Theft
107638,109734,3,42.886,-78.842,Theft
107640,109736,3,42.837,-78.827,Theft
107648,109744,3,42.893,-78.842,Theft
107669,109765,3,42.858,-78.816,Theft
107670,109766,3,42.884,-78.835,Assault
107689,109785,3,42.877,-78.816,Theft
107696,109792,3,42.84,-78.847,Theft
107701,109797,3,42.858,-78.831,Theft
107718,109814,3,42.857,-78.814,Breaking & Entering
107723,109819,3,42.898,-78.82,Breaking & Entering
107728,109824,3,42.89,-78.805,Sexual Assault
107730,109826,3,42.857,-78.829,Theft
107734,109830,3,42.889,-78.808,Theft
107741,109837,3,42.843,-78.82,Theft
107761,109857,3,42.878,-78.814,Assault
107765,109861,3,42.895,-78.828,Robbery
107768,109864,3,42.882,-78.849,Breaking & Entering
107770,109866,3,42.837,-78.823,Theft
107775,109871,3,42.852,-78.82,Theft
107783,109879,3,42.856,-78.811,Theft
107789,109886,3,42.837,-78.827,Breaking & Entering
107792,109889,3,42.891,-78.839,Theft
107794,109891,3,42.872,-78.833,Breaking & Entering
107795,109892,3,42.877,-78.851,Breaking & Entering
107796,109893,3,42.868,-78.838,Theft
107797,109894,3,42.868,-78.801,Theft
107810,109907,3,42.889,-78.808,Theft
107813,109910,3,42.848,-78.832,Theft
107817,109914,3,42.855,-78.808,Theft
107842,109939,3,42.893,-78.827,Breaking & Entering
107856,109953,3,42.885,-78.814,Assault
107862,109959,3,42.841,-78.824,Theft
107865,109962,3,42.88,-78.85,Breaking & Entering
107877,109974,3,42.897,-78.826,Other Sexual Offense
107878,109975,3,42.874,-78.826,Theft
107885,109982,3,42.892,-78.83,Breaking & Entering
107887,109984,3,42.844,-78.827,Breaking & Entering
107893,109990,3,42.853,-78.823,Theft
107907,110004,3,42.888,-78.802,Breaking & Entering
107917,110014,3,42.875,-78.817,Theft
107927,110024,3,42.894,-78.834,Robbery
107929,110027,3,42.835,-78.818,Breaking & Entering
107947,110045,3,42.884,-78.839,Theft
107953,110051,3,42.867,-78.821,Assault
107954,110052,3,42.893,-78.805,Assault
107960,110058,3,42.898,-78.807,Assault
107975,110073,3,42.833,-78.821,Breaking & Entering
107976,110074,3,42.869,-78.809,Theft
107980,110078,3,42.852,-78.827,Theft
107986,110084,3,42.858,-78.811,Breaking & Entering
108000,110098,3,42.892,-78.835,Robbery
108001,110099,3,42.893,-78.839,Assault
108014,110112,3,42.87,-78.834,Theft
108018,110117,3,42.891,-78.834,Theft
108040,110139,3,42.848,-78.824,Assault
108043,110142,3,42.889,-78.835,Breaking & Entering
108050,110149,3,42.883,-78.845,Breaking & Entering
108053,110152,3,42.843,-78.824,Theft
108066,110165,3,42.878,-78.834,Robbery
108074,110173,3,42.894,-78.83,Theft
108080,110179,3,42.851,-78.823,Breaking & Entering
108083,110182,3,42.879,-78.839,Assault
108096,110196,3,42.898,-78.801,Breaking & Entering
108097,110197,3,42.842,-78.82,Breaking & Entering
108098,110198,3,42.871,-78.83,Theft
108101,110201,3,42.896,-78.813,Theft
108107,110207,3,42.866,-78.824,Breaking & Entering
108112,110212,3,42.843,-78.83,Theft
108116,110216,3,42.872,-78.808,Assault
108117,110217,3,42.847,-78.812,Theft
108118,110218,3,42.871,-78.831,Theft
108123,110223,3,42.896,-78.818,Theft of Vehicle
108127,110227,3,42.874,-78.817,Assault
108147,110247,3,42.897,-78.823,Assault
108163,110264,3,42.888,-78.811,Other Sexual Offense
108176,110278,3,42.894,-78.804,Assault
108177,110279,3,42.896,-78.815,Theft
108178,110280,3,42.857,-78.828,Breaking & Entering
108196,110298,3,42.859,-78.835,Theft
108198,110300,3,42.892,-78.836,Robbery
108199,110301,3,42.898,-78.807,Theft
108205,110307,3,42.897,-78.816,Theft
108206,110308,3,42.859,-78.808,Assault
108207,110309,3,42.88,-78.843,Breaking & Entering
108219,110322,3,42.845,-78.824,Assault
108227,110330,3,42.852,-78.805,Breaking & Entering
108229,110332,3,42.893,-78.837,Theft
108238,110341,3,42.858,-78.831,Theft
108241,110344,3,42.896,-78.825,Theft
108244,110347,3,42.889,-78.806,Theft
108245,110348,3,42.872,-78.825,Theft
108256,110359,3,42.873,-78.819,Theft of Vehicle
108267,110370,3,42.879,-78.81,Theft
108275,110378,3,42.841,-78.806,Theft
108279,110382,3,42.898,-78.816,Assault
108281,110384,3,42.891,-78.804,Robbery
108286,110389,3,42.89,-78.811,Theft of Vehicle
108287,110390,3,42.853,-78.811,Theft
108288,110391,3,42.887,-78.84,Breaking & Entering
108290,110393,3,42.852,-78.806,Theft
108315,110418,3,42.848,-78.824,Theft of Vehicle
108322,110425,3,42.894,-78.833,Robbery
108327,110430,3,42.883,-78.839,Assault
108331,110434,3,42.876,-78.828,Breaking & Entering
108342,110445,3,42.892,-78.807,Theft
108344,110448,3,42.881,-78.832,Theft
108353,110457,3,42.851,-78.827,Theft
108356,110460,3,42.894,-78.835,Theft
108358,110462,3,42.885,-78.805,Assault
108360,110464,3,42.842,-78.821,Assault
108363,110467,3,42.871,-78.815,Theft
108374,110478,3,42.854,-78.82,Theft
108376,110480,3,42.854,-78.807,Theft
108378,110482,3,42.857,-78.806,Assault
108379,110483,3,42.858,-78.807,Breaking & Entering
108392,110496,3,42.871,-78.811,Assault
108393,110497,3,42.85,-78.833,Theft
108400,110504,3,42.869,-78.835,Assault
108405,110509,3,42.899,-78.839,Theft
108417,110522,3,42.886,-78.841,Breaking & Entering
108429,110534,3,42.896,-78.818,Theft
108432,110537,3,42.893,-78.841,Robbery
108439,110544,3,42.87,-78.827,Breaking & Entering
108442,110547,3,42.889,-78.803,Breaking & Entering
108446,110551,3,42.835,-78.824,Theft
108457,110562,3,42.896,-78.833,Breaking & Entering
108460,110566,3,42.898,-78.818,Theft
108466,110572,3,42.889,-78.809,Breaking & Entering
108488,110595,3,42.853,-78.826,Breaking & Entering
108493,110600,3,42.892,-78.824,Breaking & Entering
108497,110605,3,42.895,-78.832,Assault
108516,110625,3,42.876,-78.807,Theft
108517,110626,3,42.89,-78.803,Breaking & Entering
108518,110627,3,42.89,-78.845,Assault
108537,110647,3,42.844,-78.809,Theft
108552,110663,3,42.895,-78.827,Assault
108566,110677,3,42.844,-78.829,Breaking & Entering
108568,110679,3,42.873,-78.803,Theft
108580,110691,3,42.878,-78.834,Theft
108582,110693,3,42.896,-78.819,Assault
108588,110699,3,42.842,-78.824,Theft
108592,110703,3,42.856,-78.809,Assault
108617,110729,3,42.892,-78.807,Theft
108626,110738,3,42.862,-78.814,Breaking & Entering
108627,110739,3,42.898,-78.815,Breaking & Entering
108634,110746,3,42.84,-78.804,Theft
108637,110749,3,42.835,-78.808,Breaking & Entering
108652,110764,3,42.869,-78.83,Theft
108660,110772,3,42.871,-78.81,Theft
108673,110785,3,42.882,-78.834,Theft
108674,110786,3,42.892,-78.83,Breaking & Entering
108677,110789,3,42.867,-78.847,Breaking & Entering
108679,110791,3,42.898,-78.822,Theft
108680,110792,3,42.87,-78.805,Theft
108692,110804,3,42.898,-78.819,Theft
108697,110810,3,42.856,-78.831,Theft
108699,110812,3,42.898,-78.818,Assault
108704,110818,3,42.854,-78.814,Theft
108705,110819,3,42.871,-78.813,Theft
108708,110822,3,42.891,-78.833,Assault
108712,110826,3,42.88,-78.835,Breaking & Entering
108718,110832,3,42.899,-78.839,Breaking & Entering
108721,110835,3,42.849,-78.825,Breaking & Entering
108732,110846,3,42.867,-78.857,Breaking & Entering
108734,110848,3,42.89,-78.844,Assault
108738,110852,3,42.892,-78.824,Assault
108739,110853,3,42.897,-78.815,Assault
108747,110861,3,42.87,-78.851,Breaking & Entering
108761,110875,3,42.866,-78.822,Theft
108776,110890,3,42.872,-78.838,Theft
108782,110896,3,42.89,-78.814,Assault
108785,110899,3,42.898,-78.814,Theft
108794,110908,3,42.894,-78.835,Theft
108825,110940,3,42.862,-78.815,Theft of Vehicle
108829,110944,3,42.899,-78.835,Assault
108833,110948,3,42.89,-78.811,Theft
108839,110954,3,42.853,-78.817,Breaking & Entering
108842,110957,3,42.853,-78.826,Theft of Vehicle
108850,110967,3,42.846,-78.81,Theft
108851,110968,3,42.835,-78.814,Theft
108853,110970,3,42.898,-78.815,Breaking & Entering
108859,110976,3,42.88,-78.802,Robbery
108860,110977,3,42.891,-78.808,Assault
108864,110981,3,42.871,-78.836,Sexual Assault
108875,110992,3,42.892,-78.84,Theft
108889,111006,3,42.894,-78.821,Theft
108890,111007,3,42.89,-78.808,Theft
108916,111034,3,42.856,-78.812,Theft
108917,111035,3,42.833,-78.822,Assault
108924,111042,3,42.895,-78.83,Theft of Vehicle
108925,111043,3,42.874,-78.805,Theft
108933,111051,3,42.831,-78.824,Theft
108946,111064,3,42.872,-78.811,Theft
108968,111086,3,42.859,-78.813,Theft
108982,111100,3,42.857,-78.831,Breaking & Entering
108985,111103,3,42.873,-78.803,Assault
108991,111110,3,42.887,-78.809,Assault
109003,111122,3,42.894,-78.822,Theft
109005,111124,3,42.859,-78.814,Assault
109006,111125,3,42.893,-78.827,Breaking & Entering
109007,111126,3,42.849,-78.817,Theft of Vehicle
109008,111127,3,42.85,-78.803,Robbery
109012,111131,3,42.841,-78.824,Theft
109017,111136,3,42.859,-78.824,Breaking & Entering
109034,111153,3,42.896,-78.841,Theft
109049,111168,3,42.891,-78.834,Assault
109057,111176,3,42.899,-78.819,Breaking & Entering
109060,111179,3,42.858,-78.813,Theft
109061,111180,3,42.879,-78.842,Breaking & Entering
109066,111185,3,42.833,-78.823,Theft of Vehicle
109067,111186,3,42.868,-78.848,Theft
109086,111205,3,42.893,-78.821,Assault
109089,111208,3,42.886,-78.841,Breaking & Entering
109092,111211,3,42.858,-78.82,Breaking & Entering
109093,111212,3,42.886,-78.839,Robbery
109097,111216,3,42.852,-78.825,Theft
109109,111228,3,42.872,-78.812,Theft
109112,111231,3,42.855,-78.837,Theft
109123,111242,3,42.892,-78.838,Theft
109124,111243,3,42.872,-78.831,Theft
109126,111245,3,42.897,-78.819,Breaking & Entering
109131,111250,3,42.891,-78.833,Sexual Assault
109134,111253,3,42.896,-78.827,Theft
109139,111259,3,42.896,-78.803,Breaking & Entering
109143,111263,3,42.896,-78.82,Theft
109150,111270,3,42.896,-78.818,Theft of Vehicle
109155,111275,3,42.899,-78.831,Theft
109156,111276,3,42.841,-78.828,Theft
109167,111287,3,42.893,-78.837,Robbery
109175,111295,3,42.899,-78.819,Theft
109188,111308,3,42.894,-78.809,Assault
109189,111309,3,42.853,-78.828,Assault
109193,111313,3,42.842,-78.811,Theft of Vehicle
109195,111315,3,42.846,-78.83,Theft
109199,111319,3,42.871,-78.835,Assault
109212,111332,3,42.851,-78.821,Theft
109214,111334,3,42.855,-78.818,Assault
109225,111345,3,42.898,-78.807,Theft
109226,111346,3,42.898,-78.801,Breaking & Entering
109233,111354,3,42.845,-78.809,Assault
109248,111369,3,42.895,-78.822,Robbery
109249,111370,3,42.871,-78.844,Theft
109250,111371,3,42.85,-78.83,Theft
109254,111375,3,42.853,-78.83,Breaking & Entering
109261,111382,3,42.892,-78.834,Theft
109266,111388,3,42.88,-78.835,Theft
109272,111394,3,42.889,-78.838,Theft
109275,111397,3,42.848,-78.812,Theft
109283,111405,3,42.894,-78.83,Theft
109301,111423,3,42.893,-78.837,Theft
109310,111432,3,42.898,-78.807,Theft
109311,111433,3,42.846,-78.81,Breaking & Entering
109316,111438,3,42.857,-78.816,Breaking & Entering
109331,111454,3,42.893,-78.839,Breaking & Entering
109337,111460,3,42.897,-78.826,Breaking & Entering
109355,111478,3,42.888,-78.806,Theft
109358,111481,3,42.865,-78.827,Theft
109364,111487,3,42.896,-78.84,Theft
109365,111488,3,42.846,-78.816,Theft
109379,111502,3,42.898,-78.807,Theft
109384,111507,3,42.857,-78.824,Theft
109386,111509,3,42.898,-78.835,Assault
109390,111513,3,42.855,-78.809,Theft
109397,111520,3,42.883,-78.838,Breaking & Entering
109398,111521,3,42.854,-78.806,Assault
109400,111523,3,42.837,-78.815,Theft of Vehicle
109401,111524,3,42.892,-78.83,Breaking & Entering
109409,111533,3,42.852,-78.823,Breaking & Entering
109416,111540,3,42.893,-78.833,Breaking & Entering
109417,111541,3,42.843,-78.826,Assault
109418,111542,3,42.89,-78.814,Assault
109424,111548,3,42.874,-78.809,Theft
109430,111554,3,42.851,-78.829,Assault
109432,111556,3,42.853,-78.81,Breaking & Entering
109434,111558,3,42.873,-78.842,Theft
109435,111559,3,42.849,-78.827,Assault
109441,111565,3,42.865,-78.824,Assault
109446,111570,3,42.895,-78.83,Theft
109452,111576,3,42.848,-78.824,Assault
109470,111595,3,42.885,-78.811,Theft
109482,111607,3,42.891,-78.803,Assault
109485,111610,3,42.868,-78.828,Theft of Vehicle
109487,111612,3,42.877,-78.846,Theft of Vehicle
109490,111615,3,42.858,-78.803,Theft
109496,111621,3,42.852,-78.808,Homicide
109508,111633,3,42.889,-78.835,Theft
109512,111637,3,42.871,-78.845,Breaking & Entering
109517,111642,3,42.858,-78.831,Theft
109518,111643,3,42.886,-78.8,Assault
109523,111649,3,42.889,-78.837,Breaking & Entering
109539,111665,3,42.885,-78.845,Breaking & Entering
109554,111680,3,42.896,-78.839,Breaking & Entering
109557,111683,3,42.886,-78.839,Robbery
109560,111686,3,42.898,-78.816,Theft
109561,111687,3,42.85,-78.831,Theft of Vehicle
109566,111692,3,42.858,-78.831,Theft
109571,111697,3,42.865,-78.825,Assault
109577,111704,3,42.838,-78.808,Theft
109584,111711,3,42.857,-78.815,Theft of Vehicle
109585,111712,3,42.848,-78.801,Assault
109587,111714,3,42.896,-78.8,Theft
109606,111733,3,42.89,-78.815,Breaking & Entering
109617,111744,3,42.851,-78.825,Theft
109618,111745,3,42.841,-78.824,Assault
109621,111748,3,42.894,-78.835,Theft
109622,111749,3,42.897,-78.821,Robbery
109625,111752,3,42.865,-78.825,Theft
109626,111753,3,42.859,-78.81,Theft
109629,111756,3,42.875,-78.806,Theft
109631,111758,3,42.882,-78.832,Assault
109636,111763,3,42.891,-78.812,Theft of Vehicle
109640,111767,3,42.883,-78.849,Theft of Vehicle
109651,111778,3,42.887,-78.805,Breaking & Entering
109654,111781,3,42.858,-78.832,Theft of Vehicle
109656,111783,3,42.897,-78.82,Assault
109661,111788,3,42.852,-78.813,Theft
109662,111789,3,42.895,-78.807,Breaking & Entering
109678,111805,3,42.872,-78.822,Theft
109685,111812,3,42.849,-78.812,Theft
109694,111821,3,42.871,-78.81,Theft
109708,111835,3,42.844,-78.832,Breaking & Entering
109709,111836,3,42.888,-78.803,Theft
109710,111837,3,42.856,-78.832,Theft
109727,111855,3,42.871,-78.807,Theft
109728,111856,3,42.857,-78.812,Assault
109741,111869,3,42.834,-78.824,Assault
109744,111872,3,42.895,-78.803,Theft of Vehicle
109748,111876,3,42.891,-78.833,Breaking & Entering
109750,111878,3,42.859,-78.826,Theft
109754,111882,3,42.845,-78.824,Theft
109756,111884,3,42.869,-78.849,Other Sexual Offense
109757,111885,3,42.897,-78.819,Theft
109762,111890,3,42.851,-78.802,Breaking & Entering
109775,111904,3,42.898,-78.832,Breaking & Entering
109777,111906,3,42.896,-78.816,Breaking & Entering
109778,111907,3,42.893,-78.843,Assault
109784,111913,3,42.858,-78.817,Breaking & Entering
109804,111933,3,42.884,-78.846,Assault
109806,111935,3,42.836,-78.822,Theft
109808,111937,3,42.876,-78.825,Theft
109815,111944,3,42.87,-78.831,Theft
109822,111951,3,42.853,-78.824,Assault
109838,111967,3,42.895,-78.809,Theft
109839,111968,3,42.899,-78.84,Breaking & Entering
109845,111974,3,42.848,-78.812,Assault
109852,111981,3,42.832,-78.811,Theft
109853,111982,3,42.893,-78.839,Breaking & Entering
109855,111985,3,42.857,-78.811,Breaking & Entering
109862,111992,3,42.897,-78.841,Assault
109881,112011,3,42.844,-78.826,Theft
109884,112014,3,42.849,-78.827,Theft
109902,112032,3,42.897,-78.84,Theft of Vehicle
109903,112033,3,42.88,-78.835,Theft of Vehicle
109904,112034,3,42.873,-78.844,Assault
109905,112035,3,42.897,-78.82,Robbery
109908,112038,3,42.891,-78.842,Theft of Vehicle
109922,112052,3,42.878,-78.836,Assault
109926,112056,3,42.871,-78.838,Sexual Offense
109939,112069,3,42.887,-78.808,Breaking & Entering
109940,112070,3,42.888,-78.84,Theft
109949,112079,3,42.894,-78.802,Assault
109953,112083,3,42.897,-78.84,Sexual Assault
109954,112084,3,42.873,-78.813,Theft of Vehicle
109957,112087,3,42.87,-78.812,Theft
109964,112094,3,42.858,-78.831,Theft
109966,112096,3,42.846,-78.802,Assault
109976,112106,3,42.892,-78.834,Theft
109977,112107,3,42.897,-78.819,Theft
109980,112110,3,42.878,-78.802,Theft
109983,112113,3,42.85,-78.803,Theft of Vehicle
109990,112120,3,42.871,-78.815,Theft
110000,112130,3,42.892,-78.805,Theft of Vehicle
110001,112131,3,42.85,-78.816,Assault
110005,112135,3,42.849,-78.813,Theft
110014,112144,3,42.89,-78.811,Breaking & Entering
110032,112162,3,42.876,-78.829,Theft
110041,112171,3,42.857,-78.812,Breaking & Entering
110043,112173,3,42.852,-78.805,Theft
110047,112177,3,42.894,-78.821,Assault
110050,112180,3,42.899,-78.815,Breaking & Entering
110051,112181,3,42.899,-78.81,Theft
110057,112187,3,42.892,-78.808,Theft
110058,112188,3,42.857,-78.825,Theft
110059,112189,3,42.833,-78.821,Breaking & Entering
110062,112192,3,42.876,-78.827,Breaking & Entering
110065,112195,3,42.892,-78.84,Breaking & Entering
110074,112204,3,42.848,-78.827,Breaking & Entering
110079,112209,3,42.856,-78.812,Breaking & Entering
110089,112220,3,42.898,-78.841,Breaking & Entering
110092,112223,3,42.896,-78.817,Assault
110096,112227,3,42.885,-78.808,Breaking & Entering
110099,112230,3,42.854,-78.821,Theft of Vehicle
110104,112235,3,42.891,-78.833,Theft
110106,112237,3,42.854,-78.811,Theft
110107,112238,3,42.854,-78.83,Theft of Vehicle
110111,112242,3,42.868,-78.855,Assault
110115,112246,3,42.895,-78.83,Breaking & Entering
110117,112248,3,42.897,-78.834,Theft
110121,112252,3,42.891,-78.835,Assault
110125,112256,3,42.848,-78.824,Assault
110131,112262,3,42.846,-78.817,Theft of Vehicle
110138,112269,3,42.888,-78.807,Theft
110146,112277,3,42.897,-78.837,Breaking & Entering
110147,112278,3,42.888,-78.841,Assault
110149,112280,3,42.852,-78.827,Theft
110156,112287,3,42.837,-78.817,Theft
110159,112290,3,42.876,-78.83,Theft
110163,112294,3,42.853,-78.827,Assault
110168,112299,3,42.859,-78.825,Breaking & Entering
110175,112306,3,42.886,-78.82,Theft
110179,112310,3,42.856,-78.826,Assault
110182,112313,3,42.856,-78.824,Theft
110201,112332,3,42.89,-78.835,Assault
110204,112335,3,42.858,-78.831,Theft
110206,112337,3,42.855,-78.81,Theft
110222,112353,3,42.853,-78.82,Breaking & Entering
110227,112358,3,42.897,-78.836,Assault
110228,112359,3,42.851,-78.802,Breaking & Entering
110235,112366,3,42.887,-78.81,Assault
110241,112373,3,42.892,-78.839,Breaking & Entering
110245,112377,3,42.871,-78.837,Assault
110247,112379,3,42.885,-78.824,Breaking & Entering
110250,112382,3,42.899,-78.831,Theft
110252,112384,3,42.866,-78.85,Breaking & Entering
110253,112385,3,42.891,-78.809,Assault
110269,112401,3,42.895,-78.829,Breaking & Entering
110276,112408,3,42.895,-78.815,Breaking & Entering
110290,112422,3,42.88,-78.844,Robbery
110291,112423,3,42.884,-78.839,Robbery
110296,112428,3,42.876,-78.85,Theft of Vehicle
110302,112434,3,42.855,-78.809,Breaking & Entering
110306,112438,3,42.876,-78.843,Breaking & Entering
110307,112439,3,42.882,-78.832,Theft
110315,112447,3,42.844,-78.813,Breaking & Entering
110319,112452,3,42.89,-78.812,Assault
110321,112454,3,42.897,-78.82,Theft
110324,112457,3,42.856,-78.818,Breaking & Entering
110328,112461,3,42.854,-78.807,Breaking & Entering
110332,112465,3,42.856,-78.832,Assault
110341,112474,3,42.855,-78.811,Assault
110345,112478,3,42.89,-78.837,Theft of Vehicle
110349,112482,3,42.856,-78.806,Assault
110357,112490,3,42.895,-78.836,Theft
110360,112493,3,42.873,-78.814,Assault
110364,112497,3,42.842,-78.81,Theft of Vehicle
110368,112501,3,42.854,-78.81,Theft
110378,112511,3,42.853,-78.824,Theft
110379,112512,3,42.852,-78.825,Other Sexual Offense
110385,112518,3,42.896,-78.82,Robbery
110390,112523,3,42.844,-78.809,Breaking & Entering
110391,112524,3,42.887,-78.8,Theft
110393,112526,3,42.871,-78.844,Robbery
110402,112535,3,42.869,-78.829,Theft
110405,112538,3,42.889,-78.805,Theft of Vehicle
110407,112540,3,42.855,-78.808,Assault
110408,112541,3,42.858,-78.818,Theft
110409,112542,3,42.893,-78.837,Robbery
110410,112543,3,42.873,-78.81,Theft of Vehicle
110416,112551,3,42.872,-78.822,Theft
110417,112552,3,42.856,-78.811,Robbery
110425,112560,3,42.883,-78.833,Theft
110426,112561,3,42.849,-78.818,Assault
110427,112562,3,42.895,-78.838,Theft
110428,112563,3,42.857,-78.823,Theft
110430,112565,3,42.851,-78.801,Assault
110432,112567,3,42.898,-78.841,Assault
110433,112568,3,42.845,-78.826,Assault
110438,112573,3,42.887,-78.804,Breaking & Entering
110441,112576,3,42.857,-78.828,Theft
110444,112579,3,42.877,-78.844,Theft of Vehicle
110445,112580,3,42.893,-78.839,Theft
110459,112595,3,42.851,-78.813,Theft
110460,112596,3,42.875,-78.805,Assault
110461,112597,3,42.837,-78.83,Theft
110471,112607,3,42.892,-78.83,Robbery
110482,112618,3,42.884,-78.841,Assault
110483,112619,3,42.89,-78.804,Assault
110495,112632,3,42.858,-78.805,Theft of Vehicle
110497,112634,3,42.845,-78.824,Assault
110498,112635,3,42.89,-78.806,Theft of Vehicle
110499,112636,3,42.834,-78.82,Theft
110503,112641,3,42.893,-78.838,Assault
110511,112649,3,42.886,-78.801,Breaking & Entering
110520,112658,3,42.844,-78.824,Assault
110538,112676,3,42.867,-78.823,Breaking & Entering
110556,112694,3,42.872,-78.801,Theft
110558,112696,3,42.858,-78.832,Assault
110562,112700,3,42.896,-78.824,Theft of Vehicle
110565,112703,3,42.835,-78.818,Theft
110567,112705,3,42.843,-78.824,Assault
110570,112708,3,42.861,-78.817,Theft
110572,112710,3,42.872,-78.821,Theft
110574,112712,3,42.888,-78.8,Breaking & Entering
110576,112714,3,42.872,-78.806,Breaking & Entering
110577,112715,3,42.886,-78.838,Assault
110581,112719,3,42.878,-78.836,Assault
110583,112721,3,42.861,-78.813,Theft
110602,112740,3,42.85,-78.803,Assault
110603,112741,3,42.898,-78.807,Theft
110605,112743,3,42.895,-78.829,Theft
110607,112745,3,42.869,-78.849,Assault
110615,112753,3,42.87,-78.836,Theft
110618,112756,3,42.855,-78.833,Assault
110646,112785,3,42.857,-78.815,Breaking & Entering
110649,112788,3,42.893,-78.831,Assault
110652,112791,3,42.851,-78.804,Breaking & Entering
110657,112796,3,42.832,-78.801,Breaking & Entering
110662,112801,3,42.887,-78.8,Assault
110663,112802,3,42.891,-78.833,Theft of Vehicle
110668,112807,3,42.841,-78.81,Theft
110673,112812,3,42.872,-78.81,Theft of Vehicle
110675,112814,3,42.869,-78.812,Breaking & Entering
110681,112820,3,42.848,-78.812,Robbery
110693,112832,3,42.885,-78.839,Theft of Vehicle
110696,112835,3,42.892,-78.83,Assault
110705,112845,3,42.853,-78.804,Theft
110706,112846,3,42.865,-78.827,Theft
110709,112849,3,42.895,-78.809,Assault
110712,112852,3,42.859,-78.815,Theft
110720,112861,3,42.886,-78.842,Assault
110729,112870,3,42.855,-78.806,Assault
110732,112874,3,42.858,-78.831,Theft
110737,112879,3,42.862,-78.811,Assault
110738,112880,3,42.89,-78.804,Theft
110739,112881,3,42.855,-78.81,Breaking & Entering
110741,112884,3,42.839,-78.824,Theft
110742,112885,3,42.899,-78.816,Assault
110743,112886,3,42.857,-78.831,Theft
110745,112888,3,42.895,-78.808,Theft of Vehicle
110771,112914,3,42.892,-78.833,Theft
110794,112937,3,42.86,-78.816,Theft
110798,112941,3,42.854,-78.808,Theft
110800,112943,3,42.896,-78.817,Robbery
110801,112944,3,42.834,-78.821,Theft
110803,112946,3,42.855,-78.825,Theft of Vehicle
110806,112949,3,42.867,-78.808,Assault
110810,112953,3,42.891,-78.812,Robbery
110814,112957,3,42.842,-78.822,Breaking & Entering
110828,112971,3,42.853,-78.829,Assault
110834,112978,3,42.893,-78.839,Breaking & Entering
110845,112989,3,42.86,-78.816,Theft
110848,112992,3,42.891,-78.808,Assault
110855,112999,3,42.895,-78.82,Assault
110860,113004,3,42.856,-78.824,Breaking & Entering
110862,113006,3,42.884,-78.839,Assault
110868,113012,3,42.896,-78.821,Breaking & Entering
110872,113016,3,42.859,-78.815,Theft
110880,113025,3,42.868,-78.846,Theft
110888,113033,3,42.896,-78.822,Assault
110889,113034,3,42.896,-78.84,Theft
110896,113041,3,42.869,-78.807,Theft
110900,113045,3,42.889,-78.812,Theft
110903,113048,3,42.884,-78.829,Assault
110906,113051,3,42.894,-78.826,Theft
110908,113053,3,42.853,-78.817,Theft
110912,113057,3,42.855,-78.832,Assault
110919,113064,3,42.87,-78.809,Assault
110921,113066,3,42.881,-78.801,Theft
110941,113087,3,42.888,-78.841,Theft of Vehicle
110943,113089,3,42.897,-78.809,Breaking & Entering
110945,113091,3,42.837,-78.812,Breaking & Entering
110946,113092,3,42.887,-78.837,Theft
110948,113094,3,42.894,-78.807,Theft of Vehicle
110951,113097,3,42.89,-78.836,Sexual Assault
110961,113108,3,42.892,-78.827,Theft of Vehicle
110964,113112,3,42.897,-78.822,Robbery
110973,113121,3,42.85,-78.831,Theft of Vehicle
110981,113129,3,42.869,-78.831,Assault
110985,113133,3,42.89,-78.808,Theft
110987,113135,3,42.893,-78.807,Theft of Vehicle
110990,113138,3,42.85,-78.803,Assault
110992,113140,3,42.853,-78.804,Theft
111003,113151,3,42.885,-78.84,Theft
111014,113163,3,42.891,-78.807,Assault
111015,113164,3,42.846,-78.801,Robbery
111016,113165,3,42.887,-78.805,Assault
111017,113166,3,42.851,-78.803,Theft
111019,113168,3,42.885,-78.845,Assault
111021,113170,3,42.879,-78.835,Theft
111024,113173,3,42.893,-78.837,Theft
111030,113179,3,42.895,-78.833,Breaking & Entering
111037,113186,3,42.89,-78.808,Assault
111040,113189,3,42.869,-78.808,Assault
111051,113200,3,42.892,-78.839,Breaking & Entering
111052,113201,3,42.858,-78.831,Theft
111054,113203,3,42.867,-78.85,Breaking & Entering
111055,113204,3,42.84,-78.826,Theft
111060,113209,3,42.87,-78.856,Theft of Vehicle
111063,113212,3,42.861,-78.806,Theft
111069,113218,3,42.896,-78.824,Theft
111078,113227,3,42.891,-78.838,Breaking & Entering
111079,113228,3,42.839,-78.818,Theft
111080,113229,3,42.895,-78.827,Assault
111083,113232,3,42.887,-78.802,Assault
111091,113240,3,42.856,-78.809,Breaking & Entering
111095,113244,3,42.87,-78.845,Theft
111097,113246,3,42.894,-78.82,Assault
111109,113258,3,42.855,-78.827,Breaking & Entering
111113,113262,3,42.848,-78.824,Theft of Vehicle
111117,113266,3,42.898,-78.8,Theft
111124,113273,3,42.893,-78.837,Theft
111127,113276,3,42.893,-78.842,Theft
111129,113278,3,42.859,-78.818,Sexual Offense
111134,113283,3,42.895,-78.83,Robbery
111147,113296,3,42.885,-78.84,Theft
111152,113301,3,42.857,-78.812,Theft
111155,113304,3,42.848,-78.824,Breaking & Entering
111157,113306,3,42.848,-78.824,Robbery
111160,113309,3,42.889,-78.834,Theft of Vehicle
111164,113313,3,42.885,-78.804,Theft
111183,113332,3,42.889,-78.802,Theft
111186,113335,3,42.854,-78.828,Theft
111194,113343,3,42.854,-78.804,Assault
111196,113345,3,42.858,-78.813,Theft
111213,113362,3,42.857,-78.812,Theft
111214,113363,3,42.888,-78.804,Breaking & Entering
111217,113366,3,42.898,-78.807,Theft
111220,113369,3,42.896,-78.836,Theft of Vehicle
111221,113370,3,42.878,-78.806,Theft
111226,113375,3,42.898,-78.807,Theft
111231,113380,3,42.894,-78.835,Assault
111246,113395,3,42.843,-78.819,Theft
111249,113399,3,42.897,-78.806,Theft
111252,113402,3,42.849,-78.802,Breaking & Entering
111254,113404,3,42.891,-78.824,Theft of Vehicle
111257,113407,3,42.834,-78.809,Theft
111282,113433,3,42.848,-78.824,Assault
111290,113441,3,42.869,-78.837,Theft
111291,113442,3,42.898,-78.807,Theft
111303,113454,3,42.892,-78.806,Breaking & Entering
111305,113456,3,42.856,-78.832,Theft
111310,113461,3,42.897,-78.836,Robbery
111311,113462,3,42.868,-78.837,Theft
111324,113475,3,42.873,-78.801,Theft
111333,113484,3,42.855,-78.81,Theft
111336,113487,3,42.884,-78.839,Theft
111339,113491,3,42.843,-78.831,Theft
111340,113492,3,42.835,-78.803,Theft
111342,113494,3,42.845,-78.825,Theft
111346,113499,3,42.868,-78.847,Theft
111347,113500,3,42.857,-78.811,Breaking & Entering
111351,113504,3,42.857,-78.812,Theft
111354,113507,3,42.854,-78.827,Theft
111355,113508,3,42.872,-78.807,Theft
111362,113515,3,42.86,-78.818,Other Sexual Offense
111364,113517,3,42.873,-78.812,Theft
111380,113535,3,42.843,-78.819,Breaking & Entering
111382,113537,3,42.862,-78.817,Theft
111388,113543,3,42.894,-78.824,Assault
111389,113544,3,42.895,-78.817,Theft
111391,113546,3,42.837,-78.824,Assault
111396,113551,3,42.843,-78.817,Breaking & Entering
111400,113555,3,42.891,-78.814,Theft
111407,113562,3,42.899,-78.84,Assault
111409,113564,3,42.887,-78.837,Assault
111414,113569,3,42.855,-78.833,Assault
111418,113573,3,42.84,-78.802,Theft
111433,113588,3,42.885,-78.804,Assault
111446,113601,3,42.859,-78.81,Breaking & Entering
111452,113607,3,42.858,-78.817,Assault
111456,113611,3,42.876,-78.852,Theft
111464,113619,3,42.857,-78.81,Theft of Vehicle
111476,113631,3,42.852,-78.802,Breaking & Entering
111477,113632,3,42.88,-78.835,Theft
111483,113638,3,42.893,-78.839,Assault
111485,113640,3,42.886,-78.84,Breaking & Entering
111487,113642,3,42.853,-78.805,Theft
111501,113656,3,42.879,-78.842,Breaking & Entering
111504,113659,3,42.89,-78.807,Assault
111505,113660,3,42.869,-78.833,Assault
111518,113674,3,42.881,-78.849,Theft
111521,113677,3,42.843,-78.819,Breaking & Entering
111522,113678,3,42.848,-78.824,Theft
111524,113681,3,42.839,-78.829,Theft
111528,113685,3,42.859,-78.82,Theft
111534,113691,3,42.872,-78.805,Assault
111538,113695,3,42.851,-78.812,Theft
111540,113697,3,42.867,-78.846,Theft
111550,113707,3,42.897,-78.84,Breaking & Entering
111571,113728,3,42.889,-78.806,Assault
111575,113732,3,42.879,-78.832,Theft of Vehicle
111576,113733,3,42.887,-78.802,Theft
111588,113745,3,42.842,-78.808,Breaking & Entering
111593,113750,3,42.895,-78.835,Assault
111594,113751,3,42.857,-78.812,Theft
111595,113752,3,42.899,-78.81,Theft
111599,113756,3,42.85,-78.815,Theft
111610,113767,3,42.885,-78.803,Breaking & Entering
111613,113770,3,42.858,-78.813,Theft
111616,113773,3,42.844,-78.828,Theft
111626,113783,3,42.835,-78.824,Assault
111632,113789,3,42.889,-78.803,Theft of Vehicle
111644,113801,3,42.896,-78.825,Breaking & Entering
111647,113804,3,42.899,-78.815,Theft
111653,113810,3,42.897,-78.84,Breaking & Entering
111660,113817,3,42.846,-78.832,Assault
111662,113819,3,42.858,-78.814,Assault
111663,113820,3,42.892,-78.831,Assault
111668,113825,3,42.894,-78.809,Theft of Vehicle
111679,113837,3,42.896,-78.815,Robbery
111684,113842,3,42.896,-78.818,Theft
111687,113845,3,42.869,-78.849,Breaking & Entering
111690,113848,3,42.861,-78.817,Assault
111693,113851,3,42.886,-78.843,Assault
111700,113858,3,42.833,-78.824,Robbery
111706,113864,3,42.892,-78.835,Robbery
111721,113879,3,42.89,-78.832,Other Sexual Offense
111725,113883,3,42.844,-78.81,Theft of Vehicle
111726,113884,3,42.876,-78.827,Theft
111733,113891,3,42.87,-78.851,Breaking & Entering
111735,113893,3,42.844,-78.827,Assault
111742,113900,3,42.895,-78.803,Breaking & Entering
111744,113902,3,42.896,-78.821,Theft
111750,113908,3,42.895,-78.818,Theft
111752,113910,3,42.885,-78.804,Assault
111753,113911,3,42.887,-78.811,Breaking & Entering
111756,113914,3,42.891,-78.837,Theft
111758,113916,3,42.861,-78.812,Assault
111767,113925,3,42.89,-78.835,Breaking & Entering
111775,113933,3,42.895,-78.828,Assault
111777,113935,3,42.86,-78.822,Assault
111782,113940,3,42.856,-78.829,Theft
111809,113967,3,42.889,-78.837,Assault
111811,113969,3,42.896,-78.825,Theft of Vehicle
111814,113972,3,42.869,-78.83,Theft
111816,113974,3,42.868,-78.846,Theft
111823,113981,3,42.89,-78.844,Theft
111826,113984,3,42.868,-78.848,Homicide
111833,113991,3,42.884,-78.842,Assault
111834,113992,3,42.85,-78.83,Theft
111835,113993,3,42.888,-78.8,Breaking & Entering
111836,113994,3,42.894,-78.83,Theft
111842,114000,3,42.866,-78.847,Theft
111846,114004,3,42.872,-78.82,Assault
111848,114006,3,42.869,-78.831,Breaking & Entering
111851,114009,3,42.868,-78.846,Assault
111862,114020,3,42.896,-78.824,Robbery
111872,114030,3,42.886,-78.82,Breaking & Entering
111877,114035,3,42.879,-78.839,Breaking & Entering
111879,114037,3,42.855,-78.808,Assault
111881,114039,3,42.873,-78.841,Assault
111882,114040,3,42.835,-78.824,Theft
111884,114042,3,42.898,-78.84,Breaking & Entering
111891,114049,3,42.873,-78.806,Theft
111914,114072,3,42.848,-78.824,Assault
111915,114073,3,42.838,-78.831,Theft
111921,114079,3,42.832,-78.801,Theft
111923,114081,3,42.867,-78.826,Assault
111925,114083,3,42.856,-78.834,Assault
111933,114091,3,42.873,-78.807,Assault
111935,114093,3,42.893,-78.821,Assault
111938,114096,3,42.898,-78.817,Assault
111941,114099,3,42.854,-78.807,Breaking & Entering
111945,114103,3,42.848,-78.831,Theft
111946,114104,3,42.893,-78.833,Theft
111947,114105,3,42.885,-78.814,Theft of Vehicle
111954,114113,3,42.871,-78.801,Assault
111957,114116,3,42.876,-78.83,Theft of Vehicle
111967,114127,3,42.854,-78.828,Theft of Vehicle
111983,114144,3,42.899,-78.84,Breaking & Entering
111985,114146,3,42.857,-78.835,Breaking & Entering
111989,114150,3,42.897,-78.82,Theft
111991,114152,3,42.895,-78.827,Assault
111992,114153,3,42.893,-78.837,Breaking & Entering
112005,114166,3,42.838,-78.824,Theft
112021,114182,3,42.897,-78.814,Theft of Vehicle
112028,114189,3,42.872,-78.843,Theft
112029,114190,3,42.897,-78.819,Theft of Vehicle
112031,114192,3,42.852,-78.826,Assault
112065,114226,3,42.887,-78.809,Assault
112066,114227,3,42.848,-78.812,Theft
112067,114228,3,42.845,-78.809,Theft
112076,114237,3,42.875,-78.844,Assault
112084,114245,3,42.888,-78.806,Theft of Vehicle
112091,114252,3,42.845,-78.824,Robbery
112093,114254,3,42.844,-78.824,Assault
112094,114255,3,42.842,-78.808,Assault
112097,114258,3,42.851,-78.825,Theft
112102,114263,3,42.854,-78.828,Theft of Vehicle
112103,114264,3,42.854,-78.82,Theft
112104,114265,3,42.868,-78.808,Theft
112112,114273,3,42.852,-78.828,Theft
112113,114274,3,42.861,-78.839,Robbery
112114,114275,3,42.85,-78.812,Theft of Vehicle
112118,114279,3,42.899,-78.814,Assault
112125,114286,3,42.891,-78.807,Assault
112128,114289,3,42.894,-78.808,Theft of Vehicle
112133,114294,3,42.858,-78.831,Theft
112144,114305,3,42.896,-78.818,Assault
112149,114310,3,42.892,-78.835,Assault
112151,114312,3,42.866,-78.822,Assault
112155,114316,3,42.852,-78.83,Breaking & Entering
112157,114318,3,42.869,-78.803,Assault
112160,114321,3,42.875,-78.832,Theft
112163,114324,3,42.888,-78.845,Robbery
112166,114327,3,42.854,-78.828,Theft
112172,114333,3,42.895,-78.833,Theft of Vehicle
112173,114334,3,42.893,-78.833,Robbery
112181,114342,3,42.866,-78.805,Assault
112182,114343,3,42.887,-78.8,Theft
112189,114350,3,42.85,-78.815,Theft
112191,114352,3,42.847,-78.855,Theft
112192,114353,3,42.885,-78.81,Breaking & Entering
112195,114356,3,42.875,-78.809,Breaking & Entering
112196,114357,3,42.84,-78.808,Breaking & Entering
112197,114358,3,42.852,-78.827,Breaking & Entering
112198,114359,3,42.893,-78.832,Theft
112199,114360,3,42.856,-78.83,Breaking & Entering
112201,114362,3,42.86,-78.82,Theft
112209,114370,3,42.835,-78.81,Theft
112214,114376,3,42.89,-78.802,Breaking & Entering
112216,114378,3,42.887,-78.837,Breaking & Entering
112220,114382,3,42.853,-78.807,Theft
112221,114383,3,42.891,-78.838,Assault
112225,114388,3,42.842,-78.829,Theft of Vehicle
112230,114393,3,42.836,-78.803,Theft
112231,114394,3,42.853,-78.827,Theft
112234,114397,3,42.853,-78.829,Breaking & Entering
112251,114415,3,42.877,-78.802,Breaking & Entering
112272,114436,3,42.897,-78.841,Assault
112277,114441,3,42.887,-78.842,Assault
112278,114442,3,42.899,-78.816,Sexual Offense
112283,114447,3,42.854,-78.805,Theft
112285,114449,3,42.837,-78.811,Breaking & Entering
112292,114456,3,42.893,-78.839,Theft
112299,114463,3,42.891,-78.824,Breaking & Entering
112300,114464,3,42.854,-78.829,Assault
112305,114469,3,42.876,-78.827,Assault
112310,114474,3,42.885,-78.814,Theft of Vehicle
112311,114475,3,42.846,-78.831,Theft of Vehicle
112312,114476,3,42.873,-78.852,Breaking & Entering
112314,114478,3,42.895,-78.825,Breaking & Entering
112315,114479,3,42.852,-78.813,Assault
112319,114483,3,42.892,-78.801,Theft
112320,114484,3,42.872,-78.807,Assault
112322,114487,3,42.898,-78.837,Assault
112324,114489,3,42.896,-78.822,Robbery
112341,114506,3,42.868,-78.849,Assault
112358,114523,3,42.854,-78.808,Assault
112363,114528,3,42.894,-78.82,Assault
112375,114540,3,42.85,-78.812,Theft
112379,114544,3,42.854,-78.829,Theft
112381,114546,3,42.89,-78.8,Assault
112384,114549,3,42.899,-78.822,Theft
112388,114553,3,42.854,-78.807,Theft
112396,114561,3,42.899,-78.836,Breaking & Entering
112401,114566,3,42.848,-78.813,Assault
112410,114576,3,42.893,-78.839,Theft
112411,114577,3,42.882,-78.832,Assault
112416,114582,3,42.89,-78.831,Breaking & Entering
112419,114585,3,42.898,-78.801,Assault
112421,114587,3,42.876,-78.827,Assault
112423,114589,3,42.857,-78.808,Theft
112424,114590,3,42.851,-78.829,Breaking & Entering
112427,114593,3,42.895,-78.837,Theft
112429,114595,3,42.879,-78.845,Theft
112432,114598,3,42.894,-78.835,Theft
112435,114601,3,42.89,-78.81,Robbery
112437,114603,3,42.854,-78.806,Breaking & Entering
112441,114607,3,42.871,-78.816,Theft
112449,114615,3,42.842,-78.809,Assault
112461,114627,3,42.857,-78.809,Breaking & Entering
112463,114629,3,42.848,-78.812,Theft
112467,114633,3,42.853,-78.828,Assault
112469,114635,3,42.848,-78.824,Theft
112472,114638,3,42.899,-78.837,Breaking & Entering
112488,114655,3,42.874,-78.807,Theft
112489,114656,3,42.896,-78.823,Assault
112490,114657,3,42.872,-78.808,Breaking & Entering
112497,114664,3,42.889,-78.803,Theft
112504,114671,3,42.893,-78.807,Breaking & Entering
112508,114675,3,42.865,-78.856,Theft
112511,114678,3,42.87,-78.808,Assault
112516,114683,3,42.894,-78.832,Theft of Vehicle
112520,114687,3,42.847,-78.827,Breaking & Entering
112530,114697,3,42.897,-78.823,Breaking & Entering
112531,114698,3,42.856,-78.808,Breaking & Entering
112532,114699,3,42.894,-78.824,Assault
112535,114702,3,42.861,-78.818,Assault
112544,114711,3,42.853,-78.801,Assault
112550,114717,3,42.851,-78.802,Breaking & Entering
112553,114720,3,42.881,-78.844,Theft
112554,114721,3,42.87,-78.829,Breaking & Entering
112555,114722,3,42.876,-78.843,Assault
112556,114723,3,42.875,-78.831,Breaking & Entering
112561,114728,3,42.857,-78.812,Theft
112565,114732,3,42.858,-78.803,Theft
112570,114737,3,42.835,-78.816,Theft
112574,114741,3,42.898,-78.817,Breaking & Entering
112577,114744,3,42.85,-78.81,Robbery
112587,114755,3,42.888,-78.804,Assault
112590,114758,3,42.842,-78.81,Assault
112595,114763,3,42.875,-78.829,Theft
112597,114765,3,42.887,-78.814,Breaking & Entering
112598,114766,3,42.878,-78.801,Theft
112609,114777,3,42.891,-78.837,Assault
112613,114782,3,42.893,-78.841,Theft
112617,114786,3,42.898,-78.814,Assault
112624,114793,3,42.896,-78.835,Breaking & Entering
112630,114799,3,42.855,-78.808,Theft
112634,114803,3,42.857,-78.824,Assault
112640,114809,3,42.844,-78.829,Assault
112644,114813,3,42.848,-78.812,Theft
112650,114819,3,42.893,-78.806,Breaking & Entering
112657,114826,3,42.858,-78.813,Theft
112661,114830,3,42.856,-78.831,Assault
112687,114856,3,42.846,-78.83,Theft
112688,114857,3,42.855,-78.831,Assault
112692,114861,3,42.874,-78.805,Breaking & Entering
112695,114864,3,42.895,-78.815,Breaking & Entering
112699,114868,3,42.857,-78.833,Assault
112703,114872,3,42.852,-78.809,Theft
112708,114877,3,42.879,-78.849,Breaking & Entering
112710,114879,3,42.887,-78.8,Theft
112716,114885,3,42.885,-78.811,Theft
112720,114889,3,42.896,-78.825,Sexual Assault
112726,114895,3,42.884,-78.839,Breaking & Entering
112731,114901,3,42.894,-78.827,Breaking & Entering
112752,114922,3,42.867,-78.824,Theft of Vehicle
112770,114941,3,42.884,-78.841,Theft
112778,114949,3,42.869,-78.81,Theft
112781,114952,3,42.852,-78.805,Theft
112782,114953,3,42.896,-78.82,Theft of Vehicle
112783,114954,3,42.867,-78.847,Theft
112794,114965,3,42.857,-78.833,Theft of Vehicle
112799,114970,3,42.842,-78.83,Theft
112800,114971,3,42.854,-78.809,Theft
112802,114973,3,42.889,-78.844,Breaking & Entering
112803,114974,3,42.895,-78.829,Theft
112810,114981,3,42.839,-78.816,Theft
112815,114986,3,42.867,-78.802,Theft of Vehicle
112818,114989,3,42.893,-78.822,Breaking & Entering
112821,114992,3,42.875,-78.846,Breaking & Entering
112823,114994,3,42.888,-78.837,Breaking & Entering
112829,115000,3,42.895,-78.836,Theft of Vehicle
112830,115001,3,42.887,-78.84,Theft
112833,115004,3,42.854,-78.828,Theft
112834,115005,3,42.893,-78.821,Assault
112840,115012,3,42.886,-78.82,Theft
112854,115027,3,42.855,-78.824,Theft
112861,115034,3,42.858,-78.809,Theft
112863,115036,3,42.868,-78.848,Robbery
112866,115039,3,42.897,-78.816,Breaking & Entering
112875,115048,3,42.885,-78.814,Theft of Vehicle
112877,115050,3,42.89,-78.8,Theft
112892,115065,3,42.892,-78.834,Breaking & Entering
112898,115071,3,42.874,-78.827,Assault
112901,115074,3,42.854,-78.823,Breaking & Entering
112902,115075,3,42.855,-78.827,Theft
112903,115076,3,42.872,-78.843,Theft of Vehicle
112906,115079,3,42.874,-78.805,Breaking & Entering
112917,115090,3,42.876,-78.826,Assault
112924,115097,3,42.886,-78.809,Breaking & Entering
112931,115104,3,42.859,-78.804,Breaking & Entering
112934,115107,3,42.893,-78.839,Assault
112950,115123,3,42.895,-78.836,Theft of Vehicle
112958,115131,3,42.899,-78.831,Theft
112959,115132,3,42.844,-78.826,Breaking & Entering
112963,115136,3,42.893,-78.831,Theft of Vehicle
112966,115139,3,42.85,-78.824,Theft
112972,115145,3,42.857,-78.824,Theft
112976,115149,3,42.876,-78.804,Theft
112978,115151,3,42.888,-78.814,Theft
112979,115152,3,42.893,-78.839,Theft
112982,115155,3,42.85,-78.803,Theft
112983,115156,3,42.873,-78.804,Theft
112984,115157,3,42.89,-78.803,Assault
112995,115168,3,42.847,-78.824,Theft
112997,115170,3,42.857,-78.833,Assault
112999,115172,3,42.889,-78.808,Theft
113000,115173,3,42.87,-78.815,Theft
113001,115174,3,42.833,-78.805,Theft
113003,115176,3,42.886,-78.812,Assault
113009,115182,3,42.896,-78.806,Assault
113011,115184,3,42.831,-78.824,Theft
113013,115186,3,42.886,-78.803,Theft
113019,115192,3,42.866,-78.85,Breaking & Entering
113020,115193,3,42.856,-78.826,Assault
113033,115207,3,42.844,-78.825,Theft
113035,115209,3,42.881,-78.837,Breaking & Entering
113045,115220,3,42.856,-78.828,Breaking & Entering
113055,115230,3,42.88,-78.835,Theft
113058,115233,3,42.847,-78.824,Theft
113059,115234,3,42.851,-78.819,Theft
113065,115240,3,42.878,-78.801,Theft of Vehicle
113067,115242,3,42.894,-78.843,Breaking & Entering
113068,115243,3,42.896,-78.814,Theft
113070,115245,3,42.871,-78.832,Breaking & Entering
113073,115248,3,42.898,-78.818,Assault
113076,115251,3,42.889,-78.841,Theft
113078,115253,3,42.895,-78.835,Breaking & Entering
113083,115258,3,42.889,-78.839,Breaking & Entering
113086,115261,3,42.891,-78.841,Breaking & Entering
113087,115262,3,42.834,-78.807,Assault
113088,115263,3,42.889,-78.808,Assault
113091,115266,3,42.898,-78.824,Theft of Vehicle
113111,115286,3,42.896,-78.824,Assault
113112,115287,3,42.885,-78.803,Theft
113114,115289,3,42.878,-78.815,Theft of Vehicle
113115,115290,3,42.899,-78.819,Theft of Vehicle
113123,115298,3,42.897,-78.809,Breaking & Entering
113130,115305,3,42.873,-78.806,Assault
113136,115311,3,42.887,-78.806,Assault
113137,115312,3,42.844,-78.829,Theft
113139,115314,3,42.875,-78.829,Theft
113143,115318,3,42.855,-78.83,Breaking & Entering
113144,115319,3,42.898,-78.824,Assault
113148,115323,3,42.851,-78.802,Breaking & Entering
113152,115327,3,42.862,-78.818,Breaking & Entering
113163,115339,3,42.848,-78.812,Theft
113164,115340,3,42.841,-78.826,Theft
113182,115358,3,42.878,-78.801,Theft
113185,115361,3,42.879,-78.842,Theft
113188,115364,3,42.858,-78.831,Theft
113191,115367,3,42.898,-78.801,Theft of Vehicle
113194,115370,3,42.89,-78.843,Robbery
113196,115372,3,42.838,-78.826,Breaking & Entering
113206,115382,3,42.889,-78.838,Breaking & Entering
113213,115389,3,42.847,-78.812,Theft
113220,115396,3,42.875,-78.804,Assault
113230,115406,3,42.896,-78.821,Assault
113243,115419,3,42.896,-78.82,Theft
113252,115428,3,42.85,-78.803,Assault
113253,115429,3,42.843,-78.814,Assault
113262,115438,3,42.856,-78.808,Assault
113271,115447,3,42.893,-78.827,Assault
113296,115472,3,42.887,-78.813,Assault
113299,115475,3,42.873,-78.82,Theft of Vehicle
113301,115477,3,42.894,-78.834,Robbery
113305,115481,3,42.885,-78.843,Theft of Vehicle
113307,115483,3,42.856,-78.807,Theft
113309,115485,3,42.847,-78.824,Theft
113313,115489,3,42.848,-78.814,Assault
113321,115497,3,42.894,-78.843,Theft of Vehicle
113324,115500,3,42.857,-78.809,Breaking & Entering
113334,115510,3,42.848,-78.824,Theft of Vehicle
113340,115516,3,42.89,-78.833,Theft
113341,115517,3,42.899,-78.818,Assault
113343,115520,3,42.851,-78.826,Assault
113344,115521,3,42.871,-78.839,Theft
113346,115523,3,42.852,-78.805,Theft of Vehicle
113352,115529,3,42.867,-78.837,Breaking & Entering
113359,115537,3,42.851,-78.801,Theft of Vehicle
113377,115555,3,42.877,-78.844,Homicide
113388,115566,3,42.875,-78.853,Theft of Vehicle
113396,115574,3,42.889,-78.814,Theft
113397,115575,3,42.841,-78.81,Theft
113408,115586,3,42.844,-78.825,Assault
113411,115589,3,42.855,-78.806,Theft
113413,115591,3,42.898,-78.839,Assault
113420,115598,3,42.855,-78.817,Breaking & Entering
113421,115599,3,42.884,-78.829,Theft
113422,115600,3,42.852,-78.828,Assault
113423,115601,3,42.858,-78.815,Breaking & Entering
113428,115606,3,42.858,-78.821,Theft
113444,115622,3,42.863,-78.821,Breaking & Entering
113447,115625,3,42.853,-78.804,Assault
113454,115632,3,42.889,-78.808,Theft
113455,115633,3,42.896,-78.82,Assault
113462,115640,3,42.89,-78.803,Theft
113463,115641,3,42.833,-78.821,Robbery
113473,115652,3,42.866,-78.822,Robbery
113475,115654,3,42.868,-78.849,Assault
113477,115656,3,42.872,-78.837,Breaking & Entering
113481,115660,3,42.893,-78.839,Theft
113487,115666,3,42.892,-78.832,Robbery
113500,115679,3,42.882,-78.802,Theft
113511,115690,3,42.84,-78.802,Theft
113515,115694,3,42.871,-78.808,Theft
113519,115698,3,42.895,-78.841,Breaking & Entering
113528,115707,3,42.895,-78.83,Theft
113540,115719,3,42.861,-78.812,Theft
113541,115720,3,42.85,-78.803,Theft
113544,115723,3,42.879,-78.839,Theft of Vehicle
113549,115728,3,42.835,-78.823,Assault
113550,115729,3,42.885,-78.839,Theft
113552,115731,3,42.873,-78.814,Theft
113553,115732,3,42.846,-78.82,Theft of Vehicle
113556,115735,3,42.861,-78.817,Theft
113560,115739,3,42.85,-78.826,Assault
113561,115740,3,42.84,-78.803,Theft
113596,115775,3,42.852,-78.809,Theft of Vehicle
113602,115781,3,42.838,-78.824,Theft
113615,115794,3,42.854,-78.808,Theft
113623,115802,3,42.888,-78.838,Theft of Vehicle
113628,115807,3,42.86,-78.812,Theft
113636,115815,3,42.866,-78.829,Theft
113637,115816,3,42.85,-78.815,Theft
113639,115818,3,42.845,-78.825,Theft
113646,115825,3,42.857,-78.809,Theft
113649,115828,3,42.897,-78.838,Assault
113651,115830,3,42.868,-78.807,Assault
113653,115832,3,42.855,-78.811,Assault
113660,115839,3,42.852,-78.825,Theft
113667,115846,3,42.896,-78.841,Theft
113669,115848,3,42.858,-78.831,Theft
113671,115850,3,42.895,-78.807,Assault
113676,115855,3,42.896,-78.816,Assault
113681,115860,3,42.857,-78.833,Theft of Vehicle
113686,115865,3,42.845,-78.824,Theft
113687,115866,3,42.897,-78.819,Breaking & Entering
113693,115872,3,42.893,-78.821,Theft
113694,115873,3,42.85,-78.815,Theft
113695,115874,3,42.846,-78.821,Breaking & Entering
113699,115878,3,42.844,-78.832,Assault
113708,115887,3,42.843,-78.827,Theft of Vehicle
113716,115895,3,42.844,-78.825,Theft
113724,115903,3,42.841,-78.809,Theft
113746,115926,3,42.834,-78.816,Breaking & Entering
113748,115928,3,42.898,-78.831,Robbery
113753,115933,3,42.847,-78.803,Theft of Vehicle
113756,115936,3,42.899,-78.84,Theft of Vehicle
113758,115938,3,42.899,-78.818,Breaking & Entering
113759,115939,3,42.892,-78.836,Theft
113775,115955,3,42.837,-78.809,Assault
113778,115958,3,42.875,-78.846,Theft
113788,115968,3,42.897,-78.817,Assault
113793,115973,3,42.897,-78.816,Assault
113803,115983,3,42.833,-78.824,Robbery
113816,115996,3,42.885,-78.839,Robbery
113826,116007,3,42.832,-78.811,Theft
113831,116013,3,42.894,-78.822,Breaking & Entering
113838,116020,3,42.866,-78.83,Breaking & Entering
113847,116029,3,42.838,-78.808,Theft
113855,116038,3,42.87,-78.833,Theft
113864,116047,3,42.89,-78.802,Assault
113865,116048,3,42.889,-78.835,Breaking & Entering
113866,116049,3,42.836,-78.824,Theft of Vehicle
113870,116053,3,42.898,-78.807,Theft
113871,116054,3,42.85,-78.83,Assault
113874,116057,3,42.839,-78.823,Theft
113875,116058,3,42.849,-78.801,Theft
113888,116071,3,42.848,-78.836,Theft
113890,116073,3,42.872,-78.813,Breaking & Entering
113891,116074,3,42.893,-78.839,Assault
113893,116076,3,42.896,-78.802,Assault
113896,116079,3,42.882,-78.849,Sexual Assault
113914,116097,3,42.86,-78.807,Assault
113918,116101,3,42.853,-78.807,Sexual Assault
113925,116108,3,42.898,-78.837,Assault
113926,116109,3,42.837,-78.815,Theft
113928,116111,3,42.858,-78.807,Theft of Vehicle
113937,116120,3,42.847,-78.829,Theft
113941,116124,3,42.862,-78.819,Theft of Vehicle
113946,116129,3,42.877,-78.833,Theft of Vehicle
113962,116145,3,42.836,-78.826,Theft
113964,116147,3,42.898,-78.8,Breaking & Entering
113966,116149,3,42.856,-78.812,Theft of Vehicle
113970,116153,3,42.889,-78.837,Theft
113973,116156,3,42.858,-78.813,Theft
113975,116158,3,42.858,-78.813,Theft
113982,116165,3,42.899,-78.819,Theft of Vehicle
113983,116166,3,42.872,-78.804,Assault
113986,116169,3,42.873,-78.804,Theft
114001,116184,3,42.841,-78.819,Breaking & Entering
114008,116191,3,42.886,-78.808,Theft
114009,116192,3,42.841,-78.825,Assault
114011,116194,3,42.847,-78.824,Assault
114016,116199,3,42.892,-78.807,Assault
114024,116207,3,42.871,-78.851,Breaking & Entering
114032,116215,3,42.841,-78.824,Theft
114038,116221,3,42.885,-78.803,Theft of Vehicle
114040,116223,3,42.846,-78.823,Breaking & Entering
114041,116224,3,42.898,-78.816,Breaking & Entering
114042,116225,3,42.87,-78.811,Theft
114052,116235,3,42.892,-78.814,Theft
114054,116237,3,42.873,-78.837,Assault
114069,116253,3,42.875,-78.832,Breaking & Entering
114081,116265,3,42.867,-78.803,Theft
114087,116271,3,42.893,-78.803,Theft
114090,116275,3,42.836,-78.824,Theft
114103,116288,3,42.878,-78.837,Breaking & Entering
114107,116292,3,42.833,-78.824,Theft
114113,116298,3,42.899,-78.837,Theft of Vehicle
114121,116306,3,42.888,-78.817,Theft
114131,116316,3,42.855,-78.807,Sexual Assault
114140,116325,3,42.883,-78.832,Theft
114144,116329,3,42.895,-78.827,Theft of Vehicle
114147,116332,3,42.895,-78.835,Breaking & Entering
114149,116334,3,42.854,-78.812,Theft of Vehicle
114154,116339,3,42.848,-78.824,Breaking & Entering
114159,116344,3,42.891,-78.834,Breaking & Entering
114160,116345,3,42.885,-78.822,Breaking & Entering
114165,116351,3,42.896,-78.826,Assault
114166,116352,3,42.868,-78.811,Assault
114168,116354,3,42.839,-78.824,Breaking & Entering
114180,116366,3,42.845,-78.81,Theft
114188,116375,3,42.848,-78.822,Breaking & Entering
114190,116377,3,42.899,-78.817,Robbery
114192,116379,3,42.848,-78.832,Breaking & Entering
114215,116402,3,42.896,-78.815,Robbery
114216,116403,3,42.895,-78.83,Theft
114219,116406,3,42.898,-78.807,Theft
114226,116413,3,42.898,-78.807,Theft
114228,116415,3,42.85,-78.803,Breaking & Entering
114229,116416,3,42.886,-78.812,Assault
114230,116417,3,42.86,-78.825,Theft
114232,116419,3,42.894,-78.836,Assault
114240,116428,3,42.856,-78.813,Theft
114245,116433,3,42.871,-78.815,Breaking & Entering
114249,116437,3,42.896,-78.825,Robbery
114250,116438,3,42.898,-78.839,Assault
114251,116439,3,42.885,-78.816,Theft
114255,116443,3,42.847,-78.824,Assault
114257,116445,3,42.893,-78.803,Assault
114258,116446,3,42.893,-78.827,Breaking & Entering
114270,116458,3,42.857,-78.812,Theft
114272,116460,3,42.891,-78.833,Theft
114275,116463,3,42.896,-78.815,Theft
114293,116481,3,42.899,-78.82,Breaking & Entering
114304,116492,3,42.89,-78.803,Theft
114306,116494,3,42.869,-78.812,Theft
114307,116495,3,42.86,-78.82,Breaking & Entering
114308,116496,3,42.876,-78.827,Breaking & Entering
114314,116502,3,42.856,-78.81,Assault
114318,116506,3,42.856,-78.809,Theft
114320,116508,3,42.841,-78.824,Theft
114328,116516,3,42.892,-78.84,Theft
114335,116523,3,42.871,-78.804,Theft
114347,116535,3,42.842,-78.81,Assault
114351,116539,3,42.856,-78.825,Theft
114354,116542,3,42.894,-78.82,Robbery
114367,116555,3,42.89,-78.803,Theft
114370,116558,3,42.839,-78.802,Theft
114375,116563,3,42.853,-78.807,Theft
114380,116568,3,42.856,-78.812,Assault
114383,116571,3,42.888,-78.804,Assault
114390,116578,3,42.899,-78.816,Theft of Vehicle
114391,116579,3,42.847,-78.825,Theft
114395,116583,3,42.872,-78.853,Assault
114398,116586,3,42.862,-78.82,Breaking & Entering
114402,116590,3,42.86,-78.814,Theft
114403,116591,3,42.896,-78.836,Breaking & Entering
114408,116596,3,42.896,-78.818,Theft of Vehicle
114416,116604,3,42.873,-78.821,Robbery
114417,116605,3,42.893,-78.827,Robbery
114435,116623,3,42.892,-78.835,Assault
114447,116635,3,42.898,-78.807,Theft
114449,116637,3,42.892,-78.835,Assault
114454,116642,3,42.892,-78.838,Theft
114457,116645,3,42.892,-78.84,Assault
114470,116658,3,42.857,-78.832,Theft
114471,116659,3,42.855,-78.814,Assault
114472,116660,3,42.872,-78.815,Breaking & Entering
114474,116662,3,42.86,-78.805,Theft
114478,116666,3,42.89,-78.843,Breaking & Entering
114484,116672,3,42.851,-78.829,Assault
114486,116674,3,42.874,-78.844,Robbery
114491,116679,3,42.858,-78.831,Theft
114493,116681,3,42.877,-78.814,Theft
114504,116692,3,42.883,-78.844,Assault
114505,116693,3,42.851,-78.802,Breaking & Entering
114506,116694,3,42.886,-78.8,Assault
114508,116696,3,42.858,-78.831,Theft
114509,116697,3,42.893,-78.834,Breaking & Entering
114511,116699,3,42.869,-78.847,Theft
114520,116708,3,42.858,-78.831,Theft
114528,116717,3,42.883,-78.844,Assault
114540,116730,3,42.869,-78.802,Breaking & Entering
114544,116734,3,42.894,-78.842,Theft
114548,116738,3,42.841,-78.803,Theft
114555,116745,3,42.865,-78.841,Theft
114558,116748,3,42.845,-78.808,Theft
114567,116758,3,42.849,-78.802,Breaking & Entering
114569,116760,3,42.896,-78.815,Theft
114571,116762,3,42.883,-78.847,Breaking & Entering
114575,116766,3,42.879,-78.839,Assault
114576,116767,3,42.858,-78.831,Theft
114577,116768,3,42.893,-78.837,Theft
114579,116770,3,42.828,-78.824,Theft
114582,116773,3,42.897,-78.823,Theft of Vehicle
114589,116780,3,42.86,-78.814,Assault
114600,116791,3,42.862,-78.812,Theft
114607,116798,3,42.86,-78.816,Breaking & Entering
114619,116810,3,42.86,-78.815,Breaking & Entering
114621,116812,3,42.869,-78.829,Theft
114630,116822,3,42.891,-78.806,Theft
114631,116823,3,42.888,-78.807,Breaking & Entering
114633,116825,3,42.898,-78.815,Other Sexual Offense
114635,116827,3,42.868,-78.838,Assault
114639,116831,3,42.837,-78.817,Breaking & Entering
114643,116835,3,42.841,-78.809,Assault
114655,116847,3,42.885,-78.841,Theft
114659,116851,3,42.872,-78.844,Theft
114675,116867,3,42.889,-78.808,Theft
114681,116874,3,42.872,-78.82,Assault
114698,116891,3,42.843,-78.822,Theft of Vehicle
114709,116902,3,42.887,-78.846,Breaking & Entering
114718,116911,3,42.892,-78.83,Breaking & Entering
114720,116913,3,42.852,-78.825,Theft
114722,116915,3,42.893,-78.821,Breaking & Entering
114728,116923,3,42.89,-78.81,Breaking & Entering
114729,116924,3,42.894,-78.827,Assault
114731,116926,3,42.871,-78.808,Robbery
114735,116930,3,42.853,-78.807,Robbery
114737,116932,3,42.855,-78.834,Theft
114742,116937,3,42.89,-78.837,Assault
114743,116938,3,42.899,-78.822,Assault
114745,116940,3,42.891,-78.843,Breaking & Entering
114756,116951,3,42.886,-78.839,Assault
114762,116957,3,42.885,-78.804,Breaking & Entering
114776,116971,3,42.885,-78.839,Theft of Vehicle
114780,116975,3,42.86,-78.82,Assault
114785,116980,3,42.855,-78.824,Theft
114789,116984,3,42.85,-78.813,Theft
114791,116986,3,42.895,-78.829,Theft of Vehicle
114798,116993,3,42.854,-78.826,Assault
114802,116997,3,42.871,-78.83,Assault
114804,116999,3,42.885,-78.816,Theft
114821,117016,3,42.851,-78.807,Theft of Vehicle
114823,117018,3,42.872,-78.82,Assault
114827,117022,3,42.856,-78.815,Breaking & Entering
114828,117023,3,42.835,-78.811,Theft
114834,117029,3,42.894,-78.834,Theft
114836,117031,3,42.896,-78.838,Theft
114858,117053,3,42.889,-78.838,Assault
114860,117055,3,42.879,-78.845,Breaking & Entering
114870,117065,3,42.871,-78.816,Breaking & Entering
114873,117068,3,42.895,-78.832,Theft
114875,117070,3,42.891,-78.826,Assault
114876,117071,3,42.895,-78.831,Robbery
114882,117078,3,42.881,-78.801,Theft
114892,117088,3,42.844,-78.824,Theft
114894,117090,3,42.871,-78.802,Theft
114895,117092,3,42.854,-78.809,Theft
114899,117096,3,42.858,-78.831,Theft
114903,117100,3,42.866,-78.823,Assault
114911,117109,3,42.852,-78.806,Breaking & Entering
114917,117115,3,42.875,-78.806,Theft
114932,117130,3,42.859,-78.835,Breaking & Entering
114935,117133,3,42.855,-78.81,Assault
114946,117144,3,42.872,-78.82,Robbery
114947,117145,3,42.852,-78.813,Breaking & Entering
114951,117150,3,42.845,-78.808,Theft
114954,117153,3,42.859,-78.826,Breaking & Entering
114956,117155,3,42.861,-78.82,Assault
114957,117156,3,42.886,-78.839,Theft
114968,117167,3,42.862,-78.814,Theft
114978,117177,3,42.889,-78.805,Theft
114984,117183,3,42.896,-78.82,Theft
114987,117186,3,42.893,-78.836,Theft
114995,117194,3,42.892,-78.814,Assault
115018,117217,3,42.869,-78.805,Theft
115029,117228,3,42.846,-78.801,Theft
115036,117235,3,42.89,-78.802,Theft
115044,117243,3,42.844,-78.822,Theft
115047,117246,3,42.851,-78.82,Theft of Vehicle
115048,117247,3,42.885,-78.804,Assault
115051,117250,3,42.845,-78.824,Robbery
115057,117256,3,42.896,-78.832,Assault
115060,117259,3,42.86,-78.817,Theft of Vehicle
115064,117263,3,42.892,-78.811,Theft
115065,117264,3,42.89,-78.802,Theft
115068,117267,3,42.892,-78.84,Theft
115073,117272,3,42.872,-78.82,Assault
115077,117276,3,42.872,-78.806,Robbery
115078,117277,3,42.86,-78.816,Assault
115089,117288,3,42.857,-78.812,Theft
115095,117294,3,42.85,-78.828,Theft
115105,117304,3,42.885,-78.805,Breaking & Entering
115110,117309,3,42.857,-78.826,Breaking & Entering
115112,117311,3,42.896,-78.814,Assault
115146,117345,3,42.897,-78.832,Breaking & Entering
115149,117348,3,42.888,-78.839,Breaking & Entering
115152,117351,3,42.843,-78.824,Theft
115165,117364,3,42.889,-78.806,Assault
115166,117365,3,42.897,-78.826,Assault
115167,117366,3,42.891,-78.807,Theft
115169,117368,3,42.875,-78.808,Theft of Vehicle
115171,117370,3,42.875,-78.85,Theft
115180,117379,3,42.858,-78.823,Theft of Vehicle
115185,117384,3,42.897,-78.818,Robbery
115186,117385,3,42.855,-78.809,Theft
115190,117389,3,42.894,-78.822,Theft
115193,117392,3,42.893,-78.837,Robbery
115208,117407,3,42.895,-78.806,Breaking & Entering
115214,117413,3,42.87,-78.816,Theft
115223,117422,3,42.876,-78.827,Breaking & Entering
115224,117423,3,42.85,-78.802,Breaking & Entering
115237,117436,3,42.844,-78.826,Breaking & Entering
115246,117446,3,42.898,-78.807,Theft
115247,117447,3,42.859,-78.812,Theft of Vehicle
115248,117448,3,42.849,-78.827,Theft
115249,117449,3,42.833,-78.82,Theft
115253,117453,3,42.842,-78.821,Sexual Assault
115255,117455,3,42.891,-78.806,Theft
115272,117472,3,42.873,-78.841,Theft
115275,117475,3,42.853,-78.824,Assault
115285,117485,3,42.888,-78.814,Theft
115288,117488,3,42.886,-78.842,Assault
115293,117493,3,42.893,-78.841,Assault
115309,117509,3,42.86,-78.815,Theft
115313,117513,3,42.897,-78.826,Theft
115321,117521,3,42.851,-78.806,Other Sexual Offense
115327,117527,3,42.889,-78.808,Breaking & Entering
115337,117537,3,42.881,-78.8,Theft of Vehicle
115352,117552,3,42.854,-78.808,Theft
115361,117561,3,42.87,-78.804,Theft
115362,117562,3,42.86,-78.825,Theft
115368,117568,3,42.898,-78.835,Theft
115373,117573,3,42.891,-78.841,Assault
115383,117583,3,42.856,-78.825,Breaking & Entering
115385,117585,3,42.893,-78.84,Theft
115393,117593,3,42.886,-78.837,Assault
115399,117600,3,42.849,-78.828,Assault
115406,117607,3,42.892,-78.839,Assault
115415,117616,3,42.872,-78.832,Breaking & Entering
115429,117630,3,42.897,-78.819,Breaking & Entering
115434,117635,3,42.849,-78.801,Theft
115442,117643,3,42.892,-78.833,Breaking & Entering
115443,117644,3,42.858,-78.807,Robbery
115444,117645,3,42.897,-78.818,Assault
115446,117647,3,42.852,-78.828,Theft
115451,117652,3,42.85,-78.818,Assault
115454,117655,3,42.888,-78.807,Theft
115462,117663,3,42.87,-78.846,Breaking & Entering
115463,117664,3,42.871,-78.837,Assault
115472,117673,3,42.874,-78.844,Robbery
115485,117686,3,42.89,-78.802,Breaking & Entering
115487,117688,3,42.834,-78.803,Theft
115493,117694,3,42.848,-78.821,Theft of Vehicle
115496,117698,3,42.845,-78.828,Theft
115504,117706,3,42.894,-78.836,Assault
115511,117713,3,42.858,-78.831,Theft
115515,117717,3,42.851,-78.827,Assault
115519,117722,3,42.893,-78.828,Assault
115521,117724,3,42.893,-78.841,Assault
115525,117728,3,42.89,-78.832,Breaking & Entering
115530,117733,3,42.85,-78.803,Assault
115536,117739,3,42.856,-78.825,Assault
115539,117742,3,42.897,-78.814,Theft of Vehicle
115546,117750,3,42.86,-78.815,Theft
115549,117753,3,42.87,-78.85,Breaking & Entering
115552,117756,3,42.891,-78.833,Assault
115554,117758,3,42.89,-78.813,Breaking & Entering
115556,117760,3,42.898,-78.835,Breaking & Entering
115559,117763,3,42.895,-78.818,Breaking & Entering
115575,117779,3,42.894,-78.836,Theft
115579,117783,3,42.844,-78.832,Theft
115580,117784,3,42.868,-78.851,Theft
115582,117786,3,42.844,-78.821,Breaking & Entering
115584,117788,3,42.893,-78.806,Assault
115586,117790,3,42.848,-78.812,Other Sexual Offense
115589,117793,3,42.834,-78.81,Breaking & Entering
115591,117795,3,42.885,-78.814,Assault
115592,117796,3,42.888,-78.809,Theft
115593,117797,3,42.872,-78.821,Assault
115597,117801,3,42.859,-78.811,Robbery
115599,117803,3,42.893,-78.832,Assault
115601,117805,3,42.873,-78.851,Theft
115613,117817,3,42.837,-78.808,Breaking & Entering
115614,117818,3,42.882,-78.833,Other Sexual Offense
115623,117827,3,42.873,-78.802,Assault
115628,117832,3,42.882,-78.841,Theft of Vehicle
115634,117838,3,42.86,-78.814,Theft
115637,117841,3,42.853,-78.81,Breaking & Entering
115638,117843,3,42.899,-78.818,Assault
115639,117844,3,42.888,-78.846,Robbery
115646,117852,3,42.892,-78.824,Breaking & Entering
115665,117871,3,42.852,-78.825,Assault
115672,117878,3,42.877,-78.846,Assault
115679,117885,3,42.89,-78.804,Theft
115682,117888,3,42.854,-78.808,Theft
115690,117896,3,42.896,-78.832,Assault
115695,117901,3,42.851,-78.831,Theft
115709,117915,3,42.893,-78.838,Robbery
115715,117921,3,42.879,-78.836,Breaking & Entering
115717,117923,3,42.896,-78.821,Breaking & Entering
115718,117924,3,42.889,-78.841,Theft
115721,117927,3,42.856,-78.806,Assault
115727,117933,3,42.894,-78.835,Theft
115728,117934,3,42.854,-78.832,Assault
115731,117937,3,42.888,-78.8,Assault
115736,117942,3,42.884,-78.833,Theft of Vehicle
115740,117946,3,42.875,-78.831,Theft
115742,117948,3,42.863,-78.819,Theft
115752,117958,3,42.878,-78.849,Assault
115760,117966,3,42.841,-78.821,Theft of Vehicle
115764,117970,3,42.836,-78.803,Theft
115768,117974,3,42.897,-78.841,Assault
115771,117977,3,42.891,-78.812,Breaking & Entering
115786,117992,3,42.86,-78.816,Theft of Vehicle
115787,117993,3,42.861,-78.82,Breaking & Entering
115800,118006,3,42.834,-78.811,Assault
115804,118010,3,42.898,-78.807,Theft
115805,118011,3,42.856,-78.809,Breaking & Entering
115811,118017,3,42.878,-78.801,Theft
115814,118021,3,42.864,-78.8,Theft
115824,118031,3,42.896,-78.804,Robbery
115829,118036,3,42.893,-78.828,Breaking & Entering
115850,118057,3,42.855,-78.81,Robbery
115853,118060,3,42.893,-78.831,Robbery
115855,118063,3,42.862,-78.819,Assault
115856,118064,3,42.839,-78.819,Assault
115859,118067,3,42.87,-78.832,Breaking & Entering
115861,118069,3,42.884,-78.839,Theft
115868,118076,3,42.871,-78.805,Breaking & Entering
115871,118079,3,42.895,-78.838,Assault
115879,118087,3,42.842,-78.819,Theft
115888,118097,3,42.887,-78.803,Theft
115891,118100,3,42.856,-78.818,Theft
115897,118106,3,42.849,-78.817,Breaking & Entering
115898,118107,3,42.871,-78.834,Assault
115899,118108,3,42.858,-78.817,Robbery
115902,118111,3,42.849,-78.814,Assault
115903,118112,3,42.893,-78.839,Breaking & Entering
115907,118116,3,42.891,-78.8,Breaking & Entering
115909,118118,3,42.884,-78.841,Theft of Vehicle
115912,118121,3,42.88,-78.828,Theft
115913,118122,3,42.896,-78.834,Theft
115914,118123,3,42.899,-78.816,Assault
115916,118125,3,42.899,-78.835,Assault
115928,118137,3,42.845,-78.826,Theft
115930,118139,3,42.886,-78.842,Assault
115932,118141,3,42.858,-78.831,Theft
115935,118144,3,42.891,-78.83,Theft of Vehicle
115942,118151,3,42.898,-78.807,Theft
115944,118153,3,42.848,-78.824,Theft
115948,118157,3,42.852,-78.805,Theft of Vehicle
115954,118163,3,42.868,-78.81,Assault
115964,118173,3,42.856,-78.832,Breaking & Entering
115969,118178,3,42.873,-78.806,Theft
115972,118181,3,42.872,-78.813,Assault
115979,118188,3,42.87,-78.832,Theft of Vehicle
115985,118195,3,42.851,-78.806,Breaking & Entering
115987,118197,3,42.887,-78.837,Breaking & Entering
115992,118202,3,42.898,-78.818,Robbery
116010,118220,3,42.859,-78.804,Theft
116014,118224,3,42.86,-78.815,Robbery
116019,118229,3,42.89,-78.808,Sexual Assault
116021,118231,3,42.899,-78.84,Breaking & Entering
116029,118239,3,42.89,-78.802,Theft of Vehicle
116034,118244,3,42.877,-78.814,Theft
116036,118246,3,42.87,-78.808,Theft
116037,118247,3,42.858,-78.831,Theft
116038,118248,3,42.897,-78.834,Theft
116046,118256,3,42.889,-78.804,Assault
116050,118260,3,42.882,-78.845,Theft
116052,118262,3,42.872,-78.808,Theft
116061,118271,3,42.849,-78.803,Sexual Assault
116065,118275,3,42.859,-78.817,Breaking & Entering
116066,118276,3,42.855,-78.808,Robbery
116067,118277,3,42.856,-78.807,Theft
116070,118280,3,42.885,-78.839,Assault
116078,118288,3,42.897,-78.804,Assault
116079,118289,3,42.89,-78.834,Breaking & Entering
116080,118290,3,42.85,-78.83,Assault
116083,118293,3,42.877,-78.823,Theft
116098,118308,3,42.839,-78.809,Breaking & Entering
116103,118313,3,42.878,-78.816,Assault
116110,118320,3,42.879,-78.835,Assault
116113,118323,3,42.878,-78.804,Robbery
116119,118329,3,42.872,-78.811,Assault
116131,118341,3,42.898,-78.807,Theft
116133,118343,3,42.85,-78.813,Assault
116140,118350,3,42.898,-78.807,Theft
116146,118356,3,42.89,-78.802,Theft
116152,118362,3,42.868,-78.847,Breaking & Entering
116160,118370,3,42.893,-78.837,Theft
116163,118373,3,42.856,-78.828,Breaking & Entering
116165,118375,3,42.844,-78.832,Assault
116181,118391,3,42.85,-78.824,Robbery
116182,118392,3,42.885,-78.839,Theft of Vehicle
116194,118404,3,42.871,-78.811,Theft
116196,118406,3,42.848,-78.824,Theft
116199,118409,3,42.878,-78.836,Breaking & Entering
116201,118411,3,42.848,-78.824,Assault
116212,118423,3,42.886,-78.84,Assault
116213,118424,3,42.899,-78.819,Assault
116215,118426,3,42.871,-78.833,Breaking & Entering
116221,118432,3,42.879,-78.842,Theft
116224,118435,3,42.897,-78.816,Assault
116225,118436,3,42.851,-78.831,Assault
116256,118467,3,42.877,-78.827,Breaking & Entering
116258,118469,3,42.863,-78.821,Assault
116266,118477,3,42.876,-78.85,Theft
116272,118483,3,42.853,-78.828,Theft
116274,118485,3,42.857,-78.81,Theft
116281,118492,3,42.898,-78.816,Breaking & Entering
116286,118497,3,42.89,-78.815,Breaking & Entering
116287,118498,3,42.857,-78.824,Robbery
116298,118510,3,42.848,-78.824,Other Sexual Offense
116303,118515,3,42.885,-78.839,Assault
116305,118517,3,42.89,-78.8,Theft
116306,118518,3,42.897,-78.84,Theft
116308,118520,3,42.85,-78.816,Breaking & Entering
116312,118524,3,42.894,-78.828,Assault
116316,118528,3,42.849,-78.823,Theft
116332,118544,3,42.894,-78.827,Breaking & Entering
116334,118546,3,42.855,-78.81,Assault
116338,118550,3,42.896,-78.82,Theft
116342,118554,3,42.895,-78.825,Theft
116351,118563,3,42.857,-78.812,Assault
116359,118571,3,42.872,-78.813,Assault
116370,118583,3,42.853,-78.824,Other Sexual Offense
116372,118585,3,42.872,-78.811,Theft
116376,118589,3,42.896,-78.838,Breaking & Entering
116380,118593,3,42.858,-78.823,Breaking & Entering
116388,118601,3,42.893,-78.841,Theft
116389,118602,3,42.869,-78.828,Assault
116395,118608,3,42.852,-78.82,Breaking & Entering
116400,118614,3,42.875,-78.807,Theft
116402,118616,3,42.883,-78.808,Theft
116403,118617,3,42.896,-78.806,Theft
116406,118620,3,42.858,-78.825,Theft
116410,118624,3,42.883,-78.839,Breaking & Entering
116412,118626,3,42.899,-78.817,Assault
116416,118630,3,42.861,-78.812,Theft of Vehicle
116425,118639,3,42.843,-78.814,Theft
116428,118643,3,42.886,-78.804,Assault
116429,118644,3,42.889,-78.808,Breaking & Entering
116433,118648,3,42.893,-78.842,Theft
116437,118652,3,42.89,-78.844,Theft of Vehicle
116440,118655,3,42.89,-78.8,Assault
116441,118656,3,42.851,-78.806,Assault
116442,118658,3,42.897,-78.832,Theft
116448,118664,3,42.867,-78.846,Theft of Vehicle
116469,118685,3,42.853,-78.811,Assault
116473,118689,3,42.882,-78.834,Breaking & Entering
116475,118691,3,42.878,-78.801,Theft
116482,118698,3,42.85,-78.818,Theft
116484,118700,3,42.885,-78.815,Theft
116496,118712,3,42.841,-78.82,Assault
116500,118716,3,42.855,-78.806,Theft
116509,118726,3,42.848,-78.813,Assault
116513,118730,3,42.844,-78.83,Theft
116514,118731,3,42.869,-78.832,Assault
116530,118747,3,42.849,-78.813,Theft
116534,118751,3,42.896,-78.836,Assault
116551,118768,3,42.855,-78.812,Assault
116557,118774,3,42.851,-78.829,Assault
116563,118780,3,42.855,-78.833,Breaking & Entering
116565,118782,3,42.855,-78.809,Theft
116566,118783,3,42.86,-78.809,Assault
116570,118787,3,42.839,-78.824,Theft
116573,118790,3,42.854,-78.82,Assault
116578,118795,3,42.845,-78.801,Breaking & Entering
116585,118802,3,42.897,-78.814,Theft
116588,118805,3,42.839,-78.807,Breaking & Entering
116589,118806,3,42.886,-78.805,Assault
116590,118807,3,42.841,-78.826,Breaking & Entering
116597,118814,3,42.853,-78.804,Breaking & Entering
116599,118816,3,42.893,-78.838,Theft
116601,118818,3,42.837,-78.812,Theft
116606,118823,3,42.89,-78.802,Theft of Vehicle
116608,118825,3,42.886,-78.843,Assault
116620,118837,3,42.888,-78.816,Theft
116622,118839,3,42.887,-78.803,Theft
116624,118841,3,42.894,-78.827,Theft of Vehicle
116629,118846,3,42.867,-78.85,Breaking & Entering
116637,118854,3,42.865,-78.856,Breaking & Entering
116639,118856,3,42.858,-78.83,Sexual Assault
116646,118863,3,42.872,-78.843,Theft
116657,118874,3,42.882,-78.836,Assault
116664,118881,3,42.838,-78.812,Breaking & Entering
116665,118882,3,42.836,-78.825,Robbery
116675,118892,3,42.889,-78.808,Theft
116676,118893,3,42.888,-78.802,Breaking & Entering
116690,118907,3,42.853,-78.82,Breaking & Entering
116692,118909,3,42.885,-78.812,Theft
116693,118910,3,42.833,-78.806,Theft
116700,118917,3,42.852,-78.803,Theft of Vehicle
116701,118918,3,42.874,-78.817,Theft
116709,118926,3,42.875,-78.804,Theft of Vehicle
116714,118931,3,42.887,-78.807,Theft
116715,118932,3,42.859,-78.811,Assault
116718,118935,3,42.891,-78.824,Breaking & Entering
116725,118943,3,42.851,-78.817,Theft
116732,118950,3,42.886,-78.809,Theft of Vehicle
116756,118975,3,42.861,-78.821,Breaking & Entering
116773,118992,3,42.857,-78.828,Sexual Assault
116775,118994,3,42.848,-78.824,Assault
116777,118996,3,42.859,-78.833,Theft
116803,119022,3,42.898,-78.841,Theft
116810,119030,3,42.895,-78.842,Assault
116817,119037,3,42.844,-78.824,Sexual Assault
116826,119046,3,42.858,-78.813,Assault
116832,119052,3,42.894,-78.827,Breaking & Entering
116835,119055,3,42.889,-78.804,Theft of Vehicle
116847,119068,3,42.891,-78.814,Theft
116854,119075,3,42.869,-78.809,Assault
116860,119081,3,42.897,-78.84,Theft
116862,119083,3,42.857,-78.805,Assault
116872,119093,3,42.859,-78.814,Theft
116889,119111,3,42.858,-78.813,Theft
116900,119123,3,42.897,-78.817,Theft
116903,119126,3,42.879,-78.835,Theft
116907,119130,3,42.851,-78.829,Breaking & Entering
116911,119134,3,42.838,-78.808,Theft
116925,119149,3,42.848,-78.824,Theft
116927,119151,3,42.898,-78.815,Theft
116938,119162,3,42.896,-78.824,Breaking & Entering
116941,119165,3,42.874,-78.828,Theft
116947,119171,3,42.859,-78.809,Theft
116952,119176,3,42.857,-78.808,Breaking & Entering
116953,119177,3,42.848,-78.824,Assault
116956,119180,3,42.852,-78.823,Breaking & Entering
116970,119194,3,42.891,-78.825,Assault
116975,119199,3,42.87,-78.851,Theft
116978,119202,3,42.854,-78.808,Theft
116987,119211,3,42.876,-78.852,Breaking & Entering
116998,119222,3,42.841,-78.809,Theft
117006,119230,3,42.884,-78.842,Assault
117017,119241,3,42.893,-78.842,Robbery
117022,119246,3,42.878,-78.843,Assault
117028,119252,3,42.858,-78.831,Theft
117031,119255,3,42.887,-78.801,Theft
117048,119272,3,42.895,-78.838,Assault
117049,119273,3,42.896,-78.815,Theft
117050,119274,3,42.899,-78.831,Theft
117059,119283,3,42.896,-78.819,Breaking & Entering
117065,119289,3,42.888,-78.838,Robbery
117066,119290,3,42.892,-78.814,Breaking & Entering
117068,119292,3,42.855,-78.816,Theft
117079,119303,3,42.87,-78.839,Theft
117085,119309,3,42.869,-78.851,Theft
117087,119311,3,42.897,-78.818,Assault
117089,119314,3,42.89,-78.808,Breaking & Entering
117091,119316,3,42.874,-78.851,Assault
117115,119341,3,42.899,-78.82,Theft
117117,119343,3,42.891,-78.83,Assault
117125,119351,3,42.89,-78.806,Assault
117128,119354,3,42.892,-78.823,Breaking & Entering
117138,119364,3,42.866,-78.807,Theft of Vehicle
117141,119367,3,42.88,-78.846,Theft
117145,119371,3,42.856,-78.81,Assault
117147,119373,3,42.847,-78.826,Theft
117148,119374,3,42.857,-78.829,Robbery
117158,119384,3,42.835,-78.821,Theft
117161,119387,3,42.863,-78.818,Assault
117168,119394,3,42.873,-78.806,Robbery
117175,119401,3,42.859,-78.811,Assault
117186,119412,3,42.857,-78.83,Assault
117194,119421,3,42.888,-78.8,Assault
117196,119423,3,42.842,-78.828,Theft
117213,119441,3,42.852,-78.803,Theft
117215,119443,3,42.854,-78.807,Robbery
117224,119452,3,42.856,-78.836,Theft
117229,119457,3,42.855,-78.828,Breaking & Entering
117231,119459,3,42.88,-78.834,Theft
117232,119460,3,42.889,-78.808,Theft
117240,119468,3,42.896,-78.823,Robbery
117249,119478,3,42.889,-78.837,Theft
117252,119481,3,42.879,-78.842,Breaking & Entering
117260,119489,3,42.835,-78.824,Theft
117262,119491,3,42.857,-78.813,Assault
117269,119498,3,42.858,-78.812,Breaking & Entering
117276,119505,3,42.885,-78.803,Theft
117286,119515,3,42.866,-78.826,Theft of Vehicle
117301,119531,3,42.844,-78.828,Assault
117306,119536,3,42.871,-78.811,Theft
117309,119539,3,42.846,-78.821,Theft
117319,119549,3,42.869,-78.81,Assault
117326,119556,3,42.86,-78.822,Theft
117329,119559,3,42.858,-78.811,Theft
117345,119575,3,42.898,-78.807,Theft
117347,119577,3,42.837,-78.818,Breaking & Entering
117362,119592,3,42.832,-78.807,Theft of Vehicle
117365,119595,3,42.896,-78.82,Other Sexual Offense
117366,119596,3,42.857,-78.806,Sexual Assault
117379,119610,3,42.857,-78.806,Other Sexual Offense
117385,119616,3,42.899,-78.823,Breaking & Entering
117388,119619,3,42.899,-78.81,Theft
117392,119623,3,42.873,-78.806,Theft
117395,119626,3,42.876,-78.827,Assault
117421,119653,3,42.857,-78.812,Theft
117424,119656,3,42.893,-78.836,Breaking & Entering
117432,119664,3,42.893,-78.836,Robbery
117434,119666,3,42.89,-78.813,Theft
117437,119669,3,42.873,-78.825,Theft
117439,119671,3,42.845,-78.823,Theft
117440,119672,3,42.868,-78.808,Theft
117451,119683,3,42.895,-78.806,Assault
117454,119687,3,42.858,-78.81,Theft of Vehicle
117455,119688,3,42.896,-78.804,Theft
117456,119689,3,42.873,-78.801,Breaking & Entering
117460,119693,3,42.885,-78.811,Assault
117462,119695,3,42.871,-78.832,Assault
117474,119707,3,42.844,-78.815,Assault
117475,119708,3,42.873,-78.827,Theft of Vehicle
117478,119711,3,42.873,-78.808,Assault
117484,119717,3,42.874,-78.827,Theft
117485,119718,3,42.863,-78.813,Assault
117490,119723,3,42.888,-78.839,Sexual Assault
117493,119726,3,42.885,-78.808,Theft
117494,119727,3,42.851,-78.812,Theft
117501,119734,3,42.885,-78.805,Assault
117506,119739,3,42.896,-78.824,Theft
117511,119744,3,42.854,-78.819,Breaking & Entering
117512,119745,3,42.838,-78.832,Assault
117514,119747,3,42.883,-78.835,Assault
117521,119754,3,42.891,-78.833,Assault
117525,119758,3,42.889,-78.837,Robbery
117529,119762,3,42.881,-78.843,Assault
117534,119767,3,42.848,-78.822,Theft
117536,119769,3,42.843,-78.824,Theft
117539,119772,3,42.858,-78.818,Theft
117543,119776,3,42.86,-78.825,Theft
117553,119786,3,42.867,-78.832,Theft
117555,119788,3,42.892,-78.813,Breaking & Entering
117556,119789,3,42.896,-78.82,Assault
117562,119795,3,42.895,-78.82,Assault
117563,119796,3,42.896,-78.833,Breaking & Entering
117584,119817,3,42.893,-78.831,Breaking & Entering
117588,119821,3,42.834,-78.807,Theft
117594,119827,3,42.895,-78.828,Robbery
117600,119833,3,42.895,-78.83,Theft
117622,119855,3,42.89,-78.812,Theft
117632,119865,3,42.868,-78.828,Assault
117635,119868,3,42.885,-78.806,Assault
117638,119871,3,42.848,-78.824,Theft
117645,119878,3,42.892,-78.835,Robbery
117647,119880,3,42.888,-78.838,Breaking & Entering
117656,119890,3,42.858,-78.809,Breaking & Entering
117660,119894,3,42.846,-78.822,Theft
117674,119908,3,42.887,-78.814,Theft
117676,119910,3,42.89,-78.838,Theft
117681,119915,3,42.852,-78.83,Theft
117684,119918,3,42.89,-78.802,Assault
117685,119919,3,42.897,-78.814,Robbery
117692,119926,3,42.839,-78.824,Theft
117707,119941,3,42.889,-78.834,Theft
117712,119947,3,42.854,-78.833,Theft of Vehicle
117714,119949,3,42.893,-78.839,Assault
117724,119959,3,42.884,-78.828,Breaking & Entering
117729,119964,3,42.891,-78.825,Robbery
117730,119965,3,42.858,-78.813,Breaking & Entering
117733,119968,3,42.853,-78.804,Assault
117735,119970,3,42.852,-78.822,Theft
117736,119971,3,42.873,-78.819,Theft
117738,119973,3,42.885,-78.814,Theft of Vehicle
117740,119975,3,42.896,-78.823,Breaking & Entering
117743,119978,3,42.871,-78.835,Theft
117750,119985,3,42.848,-78.813,Theft
117753,119988,3,42.889,-78.808,Theft
117768,120003,3,42.842,-78.824,Assault
117770,120005,3,42.895,-78.826,Theft
117777,120013,3,42.89,-78.802,Theft
117790,120026,3,42.894,-78.821,Assault
117793,120029,3,42.864,-78.823,Theft
117794,120030,3,42.858,-78.818,Theft of Vehicle
117795,120031,3,42.891,-78.834,Breaking & Entering
117800,120036,3,42.898,-78.816,Assault
117805,120041,3,42.854,-78.823,Assault
117815,120051,3,42.872,-78.806,Theft of Vehicle
117825,120061,3,42.842,-78.815,Assault
117829,120065,3,42.848,-78.812,Theft
117831,120067,3,42.853,-78.828,Assault
117834,120070,3,42.87,-78.808,Theft
117838,120074,3,42.875,-78.834,Theft
117845,120082,3,42.849,-78.829,Breaking & Entering
117855,120092,3,42.896,-78.816,Assault
117873,120110,3,42.874,-78.804,Breaking & Entering
117875,120112,3,42.869,-78.85,Sexual Assault
117879,120116,3,42.896,-78.817,Robbery
117880,120117,3,42.852,-78.806,Theft
117883,120120,3,42.856,-78.809,Breaking & Entering
117910,120147,3,42.859,-78.805,Theft of Vehicle
117920,120157,3,42.895,-78.842,Robbery
117941,120178,3,42.866,-78.824,Theft
117945,120182,3,42.853,-78.832,Theft
117946,120183,3,42.85,-78.804,Assault
117952,120189,3,42.879,-78.835,Theft of Vehicle
117953,120190,3,42.866,-78.829,Theft
117955,120192,3,42.863,-78.819,Theft
117956,120193,3,42.869,-78.806,Breaking & Entering
117959,120197,3,42.871,-78.815,Breaking & Entering
117962,120200,3,42.897,-78.823,Breaking & Entering
117968,120206,3,42.851,-78.802,Breaking & Entering
117974,120212,3,42.838,-78.806,Theft
117976,120214,3,42.881,-78.8,Breaking & Entering
117977,120215,3,42.855,-78.828,Theft of Vehicle
117982,120220,3,42.897,-78.814,Assault
117983,120221,3,42.886,-78.817,Theft
117991,120229,3,42.875,-78.8,Assault
117992,120230,3,42.845,-78.824,Assault
117997,120235,3,42.893,-78.81,Theft
117998,120236,3,42.893,-78.821,Breaking & Entering
118002,120240,3,42.889,-78.806,Assault
118003,120241,3,42.854,-78.82,Assault
118012,120250,3,42.843,-78.82,Assault
118013,120251,3,42.858,-78.831,Theft
118027,120265,3,42.872,-78.807,Theft
118038,120276,3,42.872,-78.809,Theft
118046,120284,3,42.892,-78.84,Robbery
118053,120291,3,42.853,-78.819,Breaking & Entering
118062,120300,3,42.881,-78.835,Breaking & Entering
118065,120303,3,42.894,-78.828,Theft
118069,120307,3,42.852,-78.806,Breaking & Entering
118075,120313,3,42.876,-78.827,Breaking & Entering
118087,120325,3,42.892,-78.801,Robbery
118088,120326,3,42.892,-78.805,Other Sexual Offense
118092,120330,3,42.849,-78.821,Theft
118101,120339,3,42.87,-78.807,Assault
118103,120341,3,42.856,-78.834,Breaking & Entering
118113,120351,3,42.891,-78.8,Assault
118114,120352,3,42.896,-78.817,Theft
118137,120375,3,42.878,-78.801,Breaking & Entering
118138,120376,3,42.887,-78.839,Theft
118148,120386,3,42.894,-78.835,Assault
118149,120387,3,42.896,-78.816,Theft of Vehicle
118151,120389,3,42.892,-78.833,Robbery
118156,120394,3,42.842,-78.805,Theft
118159,120397,3,42.889,-78.8,Assault
118164,120402,3,42.893,-78.839,Assault
118170,120408,3,42.888,-78.809,Assault
118172,120410,3,42.85,-78.803,Theft
118173,120411,3,42.884,-78.845,Theft
118183,120421,3,42.861,-78.813,Theft
118186,120425,3,42.892,-78.83,Assault
118192,120431,3,42.871,-78.843,Theft of Vehicle
118198,120437,3,42.856,-78.81,Other Sexual Offense
118209,120449,3,42.889,-78.808,Theft
118214,120454,3,42.896,-78.82,Breaking & Entering
118223,120463,3,42.861,-78.813,Theft
118228,120468,3,42.858,-78.831,Assault
118242,120482,3,42.883,-78.844,Theft
118243,120483,3,42.896,-78.813,Theft
118245,120485,3,42.878,-78.834,Assault
118247,120487,3,42.851,-78.829,Assault
118260,120500,3,42.899,-78.823,Breaking & Entering
118265,120505,3,42.838,-78.833,Theft
118271,120511,3,42.847,-78.815,Assault
118277,120517,3,42.87,-78.846,Breaking & Entering
118280,120520,3,42.841,-78.825,Theft
118290,120530,3,42.897,-78.817,Assault
118294,120534,3,42.891,-78.814,Theft
118309,120549,3,42.897,-78.825,Theft of Vehicle
118311,120551,3,42.86,-78.816,Theft
118326,120566,3,42.871,-78.845,Assault
118340,120580,3,42.897,-78.814,Theft
118343,120583,3,42.897,-78.809,Sexual Assault
118353,120594,3,42.894,-78.809,Assault
118371,120613,3,42.833,-78.819,Theft
118376,120618,3,42.893,-78.834,Assault
118383,120625,3,42.895,-78.83,Theft
118396,120638,3,42.89,-78.836,Robbery
118400,120642,3,42.873,-78.819,Breaking & Entering
118406,120648,3,42.882,-78.834,Breaking & Entering
118413,120655,3,42.874,-78.805,Assault
118417,120659,3,42.876,-78.825,Assault
118419,120661,3,42.858,-78.831,Theft
118425,120667,3,42.885,-78.839,Theft of Vehicle
118432,120674,3,42.894,-78.836,Assault
118435,120677,3,42.892,-78.839,Theft
118437,120679,3,42.869,-78.813,Assault
118442,120684,3,42.87,-78.837,Assault
118446,120688,3,42.896,-78.824,Sexual Assault
118447,120689,3,42.85,-78.804,Breaking & Entering
118470,120713,3,42.881,-78.836,Breaking & Entering
118476,120719,3,42.898,-78.816,Assault
118477,120720,3,42.893,-78.814,Theft
118478,120721,3,42.837,-78.809,Breaking & Entering
118481,120724,3,42.858,-78.831,Theft
118486,120730,3,42.837,-78.813,Theft
118488,120732,3,42.836,-78.824,Assault
118499,120743,3,42.858,-78.811,Breaking & Entering
118502,120746,3,42.889,-78.834,Breaking & Entering
118504,120748,3,42.857,-78.808,Assault
118508,120752,3,42.872,-78.852,Theft
118510,120754,3,42.889,-78.814,Theft
118515,120759,3,42.89,-78.804,Robbery
118533,120777,3,42.896,-78.816,Theft of Vehicle
118539,120783,3,42.87,-78.809,Breaking & Entering
118544,120788,3,42.859,-78.826,Breaking & Entering
118546,120791,3,42.896,-78.817,Assault
118547,120792,3,42.879,-78.838,Breaking & Entering
118548,120793,3,42.886,-78.8,Assault
118554,120799,3,42.853,-78.826,Theft of Vehicle
118556,120801,3,42.852,-78.806,Theft
118560,120805,3,42.834,-78.813,Theft
118562,120807,3,42.896,-78.82,Robbery
118567,120812,3,42.874,-78.804,Assault
118579,120824,3,42.889,-78.814,Theft
118580,120825,3,42.859,-78.814,Assault
118590,120835,3,42.874,-78.804,Theft of Vehicle
118597,120843,3,42.871,-78.834,Breaking & Entering
118604,120850,3,42.848,-78.824,Theft of Vehicle
118607,120853,3,42.892,-78.839,Theft
118609,120855,3,42.89,-78.839,Robbery
118610,120856,3,42.894,-78.813,Theft
118628,120874,3,42.858,-78.809,Assault
118631,120877,3,42.837,-78.824,Breaking & Entering
118637,120883,3,42.872,-78.811,Theft
118638,120884,3,42.877,-78.811,Theft
118641,120887,3,42.883,-78.832,Robbery
118659,120905,3,42.852,-78.825,Theft of Vehicle
118662,120908,3,42.897,-78.816,Theft of Vehicle
118669,120915,3,42.889,-78.837,Breaking & Entering
118673,120919,3,42.893,-78.831,Theft
118675,120921,3,42.893,-78.837,Theft of Vehicle
118676,120922,3,42.838,-78.832,Assault
118684,120930,3,42.893,-78.83,Theft of Vehicle
118688,120934,3,42.857,-78.811,Theft
118689,120935,3,42.897,-78.819,Breaking & Entering
118703,120949,3,42.898,-78.835,Theft
118706,120952,3,42.841,-78.809,Theft
118719,120965,3,42.848,-78.812,Theft
118721,120967,3,42.859,-78.819,Theft
118728,120975,3,42.858,-78.831,Theft
118730,120977,3,42.873,-78.823,Theft
118736,120983,3,42.853,-78.821,Breaking & Entering
118739,120986,3,42.888,-78.839,Robbery
118749,120996,3,42.855,-78.809,Assault
118750,120997,3,42.837,-78.832,Theft
118753,121000,3,42.868,-78.85,Breaking & Entering
118754,121001,3,42.899,-78.823,Robbery
118757,121004,3,42.834,-78.825,Breaking & Entering
118767,121014,3,42.891,-78.837,Theft of Vehicle
118778,121025,3,42.848,-78.812,Theft
118781,121028,3,42.881,-78.847,Theft of Vehicle
118785,121034,3,42.892,-78.802,Assault
118787,121036,3,42.881,-78.84,Breaking & Entering
118805,121054,3,42.847,-78.822,Breaking & Entering
118814,121063,3,42.884,-78.829,Theft
118816,121065,3,42.89,-78.805,Theft
118832,121081,3,42.887,-78.801,Theft
118843,121092,3,42.835,-78.823,Assault
118854,121103,3,42.854,-78.828,Theft
118862,121111,3,42.883,-78.832,Assault
118863,121112,3,42.897,-78.814,Theft of Vehicle
118868,121117,3,42.835,-78.823,Assault
118883,121132,3,42.876,-78.83,Assault
118887,121136,3,42.891,-78.808,Assault
118889,121138,3,42.875,-78.81,Assault
118900,121149,3,42.857,-78.805,Theft
118903,121152,3,42.875,-78.831,Breaking & Entering
118912,121161,3,42.869,-78.828,Assault
118919,121168,3,42.876,-78.827,Breaking & Entering
118920,121169,3,42.836,-78.807,Breaking & Entering
118928,121177,3,42.843,-78.824,Theft
118929,121178,3,42.86,-78.815,Robbery
118932,121181,3,42.885,-78.804,Assault
118941,121190,3,42.896,-78.826,Assault
118942,121191,3,42.856,-78.816,Theft
118943,121192,3,42.841,-78.816,Breaking & Entering
118946,121195,3,42.854,-78.832,Breaking & Entering
118947,121196,3,42.841,-78.819,Theft
118951,121200,3,42.896,-78.825,Assault
118954,121203,3,42.884,-78.848,Theft
118957,121206,3,42.853,-78.812,Theft of Vehicle
118959,121208,3,42.853,-78.806,Breaking & Entering
118960,121209,3,42.835,-78.819,Theft of Vehicle
118972,121221,3,42.896,-78.82,Theft
118975,121224,3,42.858,-78.81,Theft
118983,121232,3,42.877,-78.845,Breaking & Entering
118991,121240,3,42.873,-78.825,Theft
118995,121244,3,42.867,-78.808,Assault
119003,121252,3,42.866,-78.821,Theft of Vehicle
119006,121255,3,42.893,-78.839,Breaking & Entering
119015,121264,3,42.858,-78.831,Theft
119027,121276,3,42.837,-78.802,Theft
119029,121278,3,42.855,-78.808,Theft
119031,121280,3,42.835,-78.826,Breaking & Entering
119035,121284,3,42.857,-78.827,Assault
119045,121294,3,42.885,-78.81,Assault
119049,121298,3,42.897,-78.804,Theft
119051,121300,3,42.879,-78.841,Robbery
119063,121312,3,42.852,-78.801,Sexual Assault
119067,121316,3,42.858,-78.811,Breaking & Entering
119068,121317,3,42.849,-78.83,Breaking & Entering
119072,121321,3,42.896,-78.838,Breaking & Entering
119073,121322,3,42.898,-78.815,Assault
119078,121327,3,42.881,-78.803,Theft
119083,121332,3,42.866,-78.851,Breaking & Entering
119084,121333,3,42.891,-78.803,Assault
119086,121335,3,42.876,-78.806,Theft
119092,121341,3,42.894,-78.807,Assault
119101,121350,3,42.884,-78.839,Theft of Vehicle
119104,121353,3,42.856,-78.818,Theft of Vehicle
119120,121369,3,42.85,-78.823,Assault
119124,121373,3,42.887,-78.807,Theft of Vehicle
119126,121375,3,42.892,-78.807,Theft
119130,121379,3,42.854,-78.819,Theft
119133,121382,3,42.852,-78.831,Breaking & Entering
119136,121385,3,42.893,-78.822,Theft of Vehicle
119143,121392,3,42.887,-78.841,Theft
119147,121396,3,42.873,-78.822,Theft
119159,121408,3,42.894,-78.835,Assault
119165,121414,3,42.896,-78.821,Breaking & Entering
119175,121424,3,42.893,-78.829,Breaking & Entering
119187,121436,3,42.893,-78.841,Theft
119192,121441,3,42.849,-78.803,Breaking & Entering
119196,121445,3,42.851,-78.823,Assault
119201,121450,3,42.854,-78.801,Theft
119222,121471,3,42.868,-78.808,Theft of Vehicle
119229,121479,3,42.897,-78.819,Breaking & Entering
119230,121480,3,42.896,-78.836,Theft
119232,121482,3,42.881,-78.801,Theft
119236,121486,3,42.89,-78.805,Theft
119250,121500,3,42.898,-78.836,Assault
119251,121501,3,42.85,-78.816,Theft
119255,121505,3,42.893,-78.839,Theft
119257,121507,3,42.848,-78.832,Breaking & Entering
119260,121510,3,42.855,-78.832,Assault
119264,121514,3,42.853,-78.807,Robbery
119266,121516,3,42.86,-78.821,Theft
119275,121525,3,42.847,-78.824,Theft
119280,121530,3,42.897,-78.838,Assault
119296,121546,3,42.838,-78.804,Theft
119299,121549,3,42.836,-78.807,Theft
119307,121558,3,42.894,-78.835,Theft
119312,121563,3,42.887,-78.802,Breaking & Entering
119314,121565,3,42.889,-78.808,Theft
119323,121574,3,42.889,-78.808,Assault
119325,121576,3,42.833,-78.805,Theft
119326,121577,3,42.86,-78.807,Breaking & Entering
119328,121579,3,42.86,-78.825,Theft
119330,121581,3,42.898,-78.807,Theft
119333,121584,3,42.853,-78.802,Theft
119334,121585,3,42.86,-78.818,Theft
119341,121592,3,42.879,-78.849,Assault
119344,121595,3,42.855,-78.827,Theft
119352,121603,3,42.851,-78.809,Theft
119355,121606,3,42.866,-78.851,Theft
119364,121615,3,42.891,-78.812,Theft of Vehicle
119372,121623,3,42.888,-78.815,Theft
119380,121631,3,42.896,-78.837,Assault
119390,121641,3,42.893,-78.842,Theft
119395,121646,3,42.832,-78.813,Breaking & Entering
119400,121651,3,42.876,-78.83,Theft
119409,121660,3,42.897,-78.839,Breaking & Entering
119412,121663,3,42.898,-78.832,Assault
119417,121668,3,42.872,-78.811,Robbery
119418,121669,3,42.889,-78.808,Theft
119427,121678,3,42.871,-78.83,Theft
119434,121685,3,42.881,-78.833,Breaking & Entering
119444,121695,3,42.848,-78.812,Assault
119445,121696,3,42.895,-78.833,Breaking & Entering
119447,121698,3,42.892,-78.803,Breaking & Entering
119453,121704,3,42.872,-78.813,Assault
119476,121727,3,42.899,-78.81,Theft
119478,121729,3,42.897,-78.816,Theft
119499,121750,3,42.858,-78.831,Theft of Vehicle
119501,121752,3,42.885,-78.841,Theft of Vehicle
119503,121754,3,42.893,-78.834,Breaking & Entering
119504,121755,3,42.892,-78.844,Assault
119509,121760,3,42.888,-78.8,Theft
119512,121763,3,42.836,-78.819,Theft
119515,121766,3,42.899,-78.815,Theft
119532,121783,3,42.894,-78.821,Assault
119533,121784,3,42.887,-78.842,Assault
119537,121788,3,42.859,-78.81,Theft
119539,121790,3,42.846,-78.827,Assault
119542,121793,3,42.894,-78.834,Robbery
119543,121794,3,42.89,-78.806,Theft of Vehicle
119548,121799,3,42.858,-78.823,Assault
119558,121809,3,42.851,-78.822,Assault
119560,121811,3,42.869,-78.811,Theft
119564,121815,3,42.886,-78.817,Theft
119571,121822,3,42.877,-78.828,Breaking & Entering
119574,121825,3,42.843,-78.823,Breaking & Entering
119583,121834,3,42.893,-78.833,Assault
119597,121849,3,42.896,-78.823,Assault
119598,121850,3,42.856,-78.823,Theft
119604,121856,3,42.846,-78.821,Assault
119614,121866,3,42.88,-78.802,Theft
119620,121872,3,42.849,-78.812,Theft
119637,121890,3,42.892,-78.812,Breaking & Entering
119641,121894,3,42.847,-78.827,Assault
119644,121897,3,42.885,-78.84,Theft of Vehicle
119649,121902,3,42.896,-78.82,Assault
119663,121916,3,42.833,-78.821,Assault
119672,121925,3,42.852,-78.816,Theft
119674,121927,3,42.889,-78.841,Theft of Vehicle
119688,121941,3,42.898,-78.836,Assault
119689,121942,3,42.847,-78.832,Breaking & Entering
119699,121952,3,42.857,-78.829,Theft
119702,121955,3,42.893,-78.839,Robbery
119705,121958,3,42.854,-78.808,Theft
119712,121965,3,42.893,-78.82,Sexual Assault
119716,121969,3,42.847,-78.824,Assault
119717,121970,3,42.894,-78.836,Breaking & Entering
119725,121978,3,42.833,-78.806,Theft of Vehicle
119726,121979,3,42.885,-78.839,Theft
119738,121991,3,42.898,-78.831,Assault
119746,121999,3,42.874,-78.809,Assault
119754,122007,3,42.847,-78.82,Theft
119757,122010,3,42.893,-78.833,Assault
119758,122011,3,42.853,-78.832,Assault
119767,122020,3,42.894,-78.825,Assault
119772,122025,3,42.888,-78.836,Assault
119776,122029,3,42.88,-78.84,Theft
119778,122031,3,42.847,-78.824,Theft
119784,122037,3,42.844,-78.827,Theft
119785,122038,3,42.869,-78.829,Assault
119791,122044,3,42.892,-78.833,Theft
119804,122057,3,42.874,-78.804,Breaking & Entering
119805,122058,3,42.854,-78.825,Theft
119807,122060,3,42.863,-78.802,Theft
119810,122063,3,42.85,-78.831,Theft
119815,122068,3,42.87,-78.803,Breaking & Entering
119816,122069,3,42.848,-78.832,Theft
119819,122072,3,42.895,-78.803,Theft
119830,122084,3,42.888,-78.815,Assault
119834,122088,3,42.853,-78.811,Theft
119838,122092,3,42.883,-78.845,Theft of Vehicle
119841,122095,3,42.896,-78.816,Assault
119842,122096,3,42.85,-78.803,Breaking & Entering
119849,122103,3,42.899,-78.831,Robbery
119863,122117,3,42.892,-78.807,Assault
119864,122118,3,42.897,-78.817,Theft
119867,122121,3,42.855,-78.81,Theft
119869,122123,3,42.872,-78.806,Theft
119870,122124,3,42.884,-78.802,Theft of Vehicle
119878,122132,3,42.858,-78.815,Theft
119883,122137,3,42.858,-78.817,Breaking & Entering
119884,122138,3,42.879,-78.836,Theft
119887,122141,3,42.873,-78.806,Theft of Vehicle
119900,122154,3,42.851,-78.823,Assault
119914,122168,3,42.858,-78.813,Theft of Vehicle
119921,122175,3,42.861,-78.838,Theft
119925,122179,3,42.875,-78.829,Breaking & Entering
119927,122181,3,42.868,-78.816,Theft of Vehicle
119928,122182,3,42.859,-78.835,Theft
119932,122186,3,42.884,-78.839,Theft
119940,122194,3,42.864,-78.824,Breaking & Entering
119941,122195,3,42.89,-78.802,Theft
119942,122196,3,42.898,-78.801,Breaking & Entering
119956,122210,3,42.857,-78.829,Assault
119958,122212,3,42.89,-78.807,Theft
119965,122219,3,42.857,-78.812,Theft
119970,122224,3,42.848,-78.824,Theft
119971,122225,3,42.856,-78.807,Theft
119985,122240,3,42.877,-78.802,Theft
119987,122242,3,42.892,-78.83,Assault
119988,122243,3,42.853,-78.811,Theft
119992,122247,3,42.852,-78.804,Breaking & Entering
119994,122249,3,42.897,-78.838,Breaking & Entering
119996,122251,3,42.871,-78.831,Theft
120004,122259,3,42.867,-78.808,Breaking & Entering
120006,122262,3,42.898,-78.83,Breaking & Entering
120009,122265,3,42.897,-78.817,Theft
120010,122266,3,42.852,-78.803,Theft
120017,122273,3,42.892,-78.832,Breaking & Entering
120018,122274,3,42.888,-78.809,Theft
120019,122275,3,42.898,-78.815,Theft
120026,122282,3,42.837,-78.803,Theft
120029,122285,3,42.847,-78.819,Breaking & Entering
120030,122286,3,42.891,-78.803,Breaking & Entering
120040,122296,3,42.875,-78.806,Breaking & Entering
120063,122319,3,42.848,-78.812,Theft
120064,122320,3,42.851,-78.802,Assault
120075,122331,3,42.849,-78.812,Theft
120083,122340,3,42.872,-78.801,Theft
120084,122341,3,42.89,-78.832,Breaking & Entering
120086,122343,3,42.878,-78.849,Theft
120088,122345,3,42.856,-78.811,Theft
120092,122349,3,42.875,-78.8,Breaking & Entering
120095,122352,3,42.873,-78.844,Theft of Vehicle
120101,122358,3,42.858,-78.813,Robbery
120108,122365,3,42.845,-78.811,Theft
120110,122367,3,42.896,-78.818,Theft
120115,122372,3,42.872,-78.815,Assault
120118,122375,3,42.892,-78.806,Breaking & Entering
120120,122377,3,42.886,-78.843,Theft
120123,122380,3,42.859,-78.82,Theft
120125,122382,3,42.892,-78.832,Theft
120126,122383,3,42.85,-78.815,Assault
120129,122386,3,42.844,-78.825,Theft
120138,122395,3,42.85,-78.826,Theft
120139,122396,3,42.859,-78.811,Theft
120142,122399,3,42.856,-78.827,Breaking & Entering
120146,122403,3,42.891,-78.834,Assault
120148,122405,3,42.891,-78.809,Theft
120153,122410,3,42.898,-78.839,Assault
120168,122426,3,42.874,-78.826,Theft
120170,122428,3,42.896,-78.824,Breaking & Entering
120176,122434,3,42.867,-78.812,Theft
120183,122441,3,42.856,-78.826,Theft
120186,122444,3,42.855,-78.81,Assault
120188,122446,3,42.872,-78.807,Assault
120189,122447,3,42.892,-78.823,Breaking & Entering
120190,122448,3,42.878,-78.833,Assault
120192,122450,3,42.857,-78.812,Theft
120196,122454,3,42.889,-78.811,Theft
120206,122464,3,42.851,-78.803,Breaking & Entering
120207,122465,3,42.884,-78.829,Theft
120208,122466,3,42.872,-78.807,Theft
120210,122468,3,42.871,-78.83,Assault
120211,122469,3,42.888,-78.8,Theft
120220,122478,3,42.897,-78.819,Assault
120223,122481,3,42.897,-78.838,Assault
120228,122486,3,42.886,-78.805,Assault
120230,122488,3,42.873,-78.809,Assault
120234,122492,3,42.833,-78.824,Robbery
120237,122495,3,42.87,-78.834,Assault
120238,122496,3,42.896,-78.817,Theft
120251,122509,3,42.894,-78.819,Theft
120261,122519,3,42.873,-78.841,Breaking & Entering
120265,122523,3,42.878,-78.808,Assault
120284,122543,3,42.852,-78.805,Theft
120291,122550,3,42.856,-78.824,Robbery
120301,122560,3,42.886,-78.841,Robbery
120309,122568,3,42.85,-78.815,Theft
120327,122587,3,42.895,-78.842,Breaking & Entering
120333,122594,3,42.888,-78.84,Breaking & Entering
120351,122612,3,42.883,-78.832,Theft
120354,122616,3,42.857,-78.829,Theft of Vehicle
120357,122619,3,42.888,-78.808,Theft
120358,122620,3,42.869,-78.85,Assault
120360,122622,3,42.872,-78.851,Assault
120362,122624,3,42.854,-78.83,Breaking & Entering
120364,122626,3,42.832,-78.811,Assault
120368,122630,3,42.898,-78.807,Theft
120374,122637,3,42.88,-78.847,Theft of Vehicle
120381,122644,3,42.841,-78.824,Breaking & Entering
120393,122656,3,42.896,-78.82,Sexual Assault
120407,122670,3,42.874,-78.827,Assault
120413,122676,3,42.892,-78.815,Breaking & Entering
120417,122680,3,42.892,-78.804,Assault
120419,122682,3,42.85,-78.801,Theft
120420,122683,3,42.877,-78.802,Theft
120424,122687,3,42.875,-78.85,Theft
120431,122694,3,42.851,-78.803,Breaking & Entering
120436,122699,3,42.833,-78.82,Breaking & Entering
120438,122701,3,42.857,-78.826,Breaking & Entering
120446,122709,3,42.887,-78.803,Theft
120450,122713,3,42.892,-78.837,Robbery
120457,122720,3,42.894,-78.832,Breaking & Entering
120468,122731,3,42.858,-78.831,Theft
120469,122732,3,42.895,-78.83,Theft
120472,122735,3,42.891,-78.816,Theft
120474,122737,3,42.869,-78.808,Breaking & Entering
120475,122738,3,42.873,-78.811,Theft
120482,122745,3,42.851,-78.805,Breaking & Entering
120489,122752,3,42.861,-78.81,Assault
120493,122756,3,42.885,-78.84,Theft
120506,122769,3,42.849,-78.813,Theft
120511,122774,3,42.896,-78.834,Theft of Vehicle
120513,122776,3,42.874,-78.825,Theft
120514,122778,3,42.893,-78.841,Theft
120515,122779,3,42.887,-78.808,Theft
120527,122791,3,42.895,-78.841,Theft
120537,122801,3,42.894,-78.824,Theft
120539,122803,3,42.85,-78.804,Theft of Vehicle
120540,122804,3,42.892,-78.833,Breaking & Entering
120541,122806,3,42.878,-78.834,Breaking & Entering
120542,122807,3,42.886,-78.815,Theft
120552,122817,3,42.837,-78.826,Breaking & Entering
120562,122828,3,42.872,-78.843,Sexual Assault
120564,122830,3,42.889,-78.812,Breaking & Entering
120571,122838,3,42.869,-78.837,Theft
120573,122840,3,42.867,-78.857,Theft
120576,122843,3,42.837,-78.802,Theft
120583,122850,3,42.89,-78.833,Breaking & Entering
120585,122852,3,42.844,-78.829,Theft
120586,122853,3,42.888,-78.839,Theft
120587,122854,3,42.861,-78.839,Assault
120589,122856,3,42.862,-78.819,Theft
120605,122872,3,42.858,-78.813,Theft
120607,122874,3,42.86,-78.814,Theft
120610,122877,3,42.881,-78.834,Assault
120614,122881,3,42.895,-78.819,Breaking & Entering
120618,122885,3,42.897,-78.825,Robbery
120619,122886,3,42.87,-78.832,Assault
120637,122904,3,42.889,-78.837,Assault
120641,122908,3,42.897,-78.823,Breaking & Entering
120647,122914,3,42.896,-78.82,Theft
120650,122917,3,42.852,-78.825,Assault
120654,122921,3,42.839,-78.821,Theft
120663,122930,3,42.852,-78.822,Theft
120664,122931,3,42.893,-78.841,Theft
120675,122942,3,42.879,-78.846,Theft of Vehicle
120679,122946,3,42.842,-78.823,Assault
120680,122947,3,42.851,-78.816,Theft
120682,122949,3,42.878,-78.833,Breaking & Entering
120684,122951,3,42.886,-78.815,Assault
120688,122955,3,42.872,-78.806,Assault
120692,122959,3,42.894,-78.836,Breaking & Entering
120695,122962,3,42.848,-78.832,Theft of Vehicle
120698,122965,3,42.892,-78.832,Breaking & Entering
120699,122966,3,42.893,-78.84,Theft
120701,122968,3,42.872,-78.81,Theft of Vehicle
120703,122970,3,42.896,-78.833,Theft of Vehicle
120705,122972,3,42.897,-78.816,Assault
120708,122975,3,42.871,-78.834,Robbery
120722,122989,3,42.849,-78.814,Theft
120730,122997,3,42.85,-78.818,Theft
120731,122998,3,42.89,-78.807,Assault
120739,123006,3,42.87,-78.833,Assault
120750,123018,3,42.854,-78.808,Theft
120751,123020,3,42.851,-78.825,Theft
120759,123028,3,42.895,-78.817,Assault
120778,123048,3,42.897,-78.836,Assault
120779,123049,3,42.878,-78.833,Theft
120784,123054,3,42.862,-78.815,Theft of Vehicle
120792,123062,3,42.899,-78.834,Robbery
120794,123064,3,42.885,-78.811,Assault
120795,123065,3,42.854,-78.825,Assault
120802,123072,3,42.868,-78.811,Breaking & Entering
120808,123078,3,42.878,-78.801,Theft
120813,123083,3,42.897,-78.804,Breaking & Entering
120824,123094,3,42.857,-78.812,Theft
120825,123095,3,42.896,-78.815,Assault
120835,123105,3,42.853,-78.819,Breaking & Entering
120839,123109,3,42.894,-78.835,Theft
120847,123117,3,42.873,-78.842,Assault
120850,123120,3,42.837,-78.803,Theft
120865,123135,3,42.856,-78.81,Breaking & Entering
120868,123139,3,42.88,-78.839,Breaking & Entering
120870,123141,3,42.855,-78.831,Assault
120871,123142,3,42.851,-78.827,Assault
120874,123145,3,42.898,-78.807,Theft
120875,123146,3,42.851,-78.813,Breaking & Entering
120876,123147,3,42.889,-78.808,Theft
120898,123169,3,42.854,-78.821,Theft
120902,123173,3,42.891,-78.83,Theft
120904,123175,3,42.891,-78.826,Sexual Assault
120908,123179,3,42.858,-78.83,Theft
120910,123181,3,42.869,-78.83,Theft of Vehicle
120917,123188,3,42.868,-78.855,Theft of Vehicle
120928,123199,3,42.892,-78.824,Breaking & Entering
120929,123200,3,42.888,-78.838,Breaking & Entering
120935,123206,3,42.842,-78.829,Assault
120936,123207,3,42.896,-78.809,Breaking & Entering
120952,123223,3,42.844,-78.823,Theft
120962,123233,3,42.885,-78.826,Robbery
120964,123235,3,42.89,-78.832,Breaking & Entering
120977,123248,3,42.848,-78.824,Theft
120988,123260,3,42.89,-78.805,Theft
120990,123262,3,42.853,-78.819,Assault
120994,123266,3,42.869,-78.831,Breaking & Entering
120995,123267,3,42.878,-78.801,Theft
121004,123276,3,42.882,-78.807,Theft
121007,123279,3,42.889,-78.808,Theft
121011,123283,3,42.854,-78.809,Assault
121012,123284,3,42.898,-78.824,Theft
121013,123285,3,42.895,-78.815,Robbery
121016,123288,3,42.886,-78.803,Theft
121022,123294,3,42.866,-78.847,Breaking & Entering
121025,123298,3,42.874,-78.824,Theft
121029,123302,3,42.898,-78.807,Theft
121038,123311,3,42.878,-78.801,Theft
121039,123312,3,42.87,-78.811,Breaking & Entering
121043,123316,3,42.874,-78.809,Assault
121045,123318,3,42.87,-78.834,Breaking & Entering
121047,123320,3,42.851,-78.832,Assault
121054,123327,3,42.855,-78.806,Theft
121055,123328,3,42.849,-78.813,Breaking & Entering
121082,123355,3,42.896,-78.815,Theft of Vehicle
121086,123359,3,42.85,-78.815,Theft
121096,123369,3,42.852,-78.825,Theft
121103,123376,3,42.848,-78.808,Theft
121111,123384,3,42.898,-78.807,Theft
121115,123388,3,42.897,-78.819,Theft
121121,123394,3,42.857,-78.833,Assault
121124,123397,3,42.896,-78.823,Robbery
121130,123403,3,42.861,-78.82,Assault
121131,123404,3,42.895,-78.823,Theft of Vehicle
121142,123415,3,42.853,-78.811,Assault
121145,123418,3,42.871,-78.831,Theft
121149,123422,3,42.871,-78.838,Theft
121153,123426,3,42.895,-78.836,Theft
121158,123431,3,42.86,-78.825,Theft
121160,123433,3,42.844,-78.826,Assault
121167,123440,3,42.843,-78.817,Theft
121170,123443,3,42.898,-78.817,Theft of Vehicle
121171,123444,3,42.898,-78.807,Theft
121173,123446,3,42.898,-78.839,Assault
121179,123452,3,42.861,-78.821,Theft
121187,123460,3,42.889,-78.807,Assault
121196,123469,3,42.876,-78.843,Theft
121200,123473,3,42.892,-78.832,Theft
121201,123474,3,42.847,-78.824,Breaking & Entering
121202,123475,3,42.89,-78.811,Theft
121208,123481,3,42.842,-78.818,Breaking & Entering
121209,123482,3,42.854,-78.827,Assault
121210,123483,3,42.868,-78.809,Theft
121215,123488,3,42.895,-78.836,Theft
121228,123502,3,42.887,-78.845,Assault
121235,123509,3,42.859,-78.826,Assault
121244,123518,3,42.866,-78.829,Theft
121256,123530,3,42.853,-78.823,Breaking & Entering
121260,123534,3,42.869,-78.808,Theft
121262,123536,3,42.876,-78.852,Breaking & Entering
121263,123537,3,42.853,-78.804,Theft
121264,123538,3,42.858,-78.831,Theft
121265,123539,3,42.893,-78.838,Theft
121267,123541,3,42.854,-78.808,Breaking & Entering
121268,123542,3,42.865,-78.826,Theft
121270,123544,3,42.892,-78.83,Theft
121277,123552,3,42.87,-78.849,Theft of Vehicle
121281,123556,3,42.856,-78.829,Breaking & Entering
121285,123560,3,42.848,-78.808,Theft
121286,123561,3,42.855,-78.818,Theft
121292,123567,3,42.854,-78.834,Theft
121309,123585,3,42.889,-78.814,Theft
121311,123587,3,42.885,-78.839,Theft
121328,123604,3,42.862,-78.819,Theft
121347,123623,3,42.855,-78.834,Assault
121351,123627,3,42.896,-78.818,Robbery
121357,123633,3,42.894,-78.821,Theft
121361,123637,3,42.888,-78.8,Assault
121369,123645,3,42.872,-78.815,Robbery
121375,123651,3,42.843,-78.822,Theft of Vehicle
121377,123653,3,42.885,-78.84,Assault
121382,123658,3,42.851,-78.825,Theft
121385,123661,3,42.891,-78.83,Theft
121388,123664,3,42.884,-78.839,Robbery
121390,123666,3,42.895,-78.833,Robbery
121391,123667,3,42.865,-78.825,Theft of Vehicle
121392,123668,3,42.852,-78.815,Breaking & Entering
121394,123670,3,42.895,-78.816,Theft of Vehicle
121404,123680,3,42.893,-78.84,Theft
121414,123690,3,42.892,-78.842,Assault
121418,123694,3,42.897,-78.815,Theft
121421,123697,3,42.848,-78.802,Breaking & Entering
121427,123703,3,42.893,-78.837,Theft
121440,123716,3,42.898,-78.807,Theft
121444,123720,3,42.883,-78.808,Theft
121448,123724,3,42.888,-78.801,Theft
121450,123726,3,42.835,-78.823,Assault
121453,123729,3,42.861,-78.814,Theft
121456,123732,3,42.856,-78.809,Theft
121462,123738,3,42.879,-78.842,Assault
121466,123742,3,42.894,-78.82,Theft of Vehicle
121477,123753,3,42.897,-78.806,Theft of Vehicle
121514,123790,3,42.856,-78.832,Theft
121516,123792,3,42.858,-78.831,Theft
121521,123797,3,42.861,-78.817,Breaking & Entering
121530,123806,3,42.892,-78.831,Assault
121531,123807,3,42.843,-78.824,Assault
121543,123819,3,42.885,-78.839,Theft
121546,123822,3,42.893,-78.828,Theft of Vehicle
121555,123831,3,42.893,-78.825,Theft
121560,123836,3,42.849,-78.818,Theft
121565,123841,3,42.87,-78.832,Assault
121566,123842,3,42.879,-78.836,Theft
121578,123855,3,42.856,-78.801,Breaking & Entering
121583,123860,3,42.898,-78.807,Theft
121592,123869,3,42.855,-78.833,Theft
121593,123870,3,42.895,-78.833,Theft of Vehicle
121597,123874,3,42.866,-78.823,Assault
121598,123875,3,42.895,-78.84,Breaking & Entering
121602,123879,3,42.852,-78.802,Theft
121607,123884,3,42.889,-78.84,Theft of Vehicle
121608,123885,3,42.838,-78.806,Breaking & Entering
121611,123889,3,42.897,-78.817,Theft of Vehicle
121612,123890,3,42.845,-78.824,Theft
121628,123906,3,42.841,-78.819,Breaking & Entering
121635,123914,3,42.888,-78.801,Breaking & Entering
121641,123920,3,42.898,-78.817,Breaking & Entering
121646,123925,3,42.845,-78.808,Breaking & Entering
121648,123927,3,42.893,-78.841,Theft
121655,123934,3,42.873,-78.807,Assault
121668,123947,3,42.867,-78.824,Theft
121672,123952,3,42.842,-78.815,Theft of Vehicle
121677,123957,3,42.842,-78.823,Theft
121683,123963,3,42.868,-78.837,Theft
121689,123969,3,42.854,-78.808,Assault
121703,123983,3,42.896,-78.837,Breaking & Entering
121710,123990,3,42.88,-78.814,Theft
121713,123993,3,42.866,-78.804,Theft
121714,123994,3,42.864,-78.818,Theft
121722,124002,3,42.854,-78.826,Theft
121723,124003,3,42.883,-78.839,Theft
121729,124009,3,42.876,-78.817,Theft of Vehicle
121740,124020,3,42.869,-78.848,Breaking & Entering
121741,124021,3,42.887,-78.808,Assault
121745,124025,3,42.893,-78.839,Assault
121747,124027,3,42.894,-78.843,Theft of Vehicle
121753,124033,3,42.865,-78.827,Theft
121758,124038,3,42.871,-78.831,Assault
121762,124042,3,42.872,-78.82,Theft of Vehicle
121764,124044,3,42.871,-78.811,Breaking & Entering
121767,124047,3,42.856,-78.837,Theft
121771,124051,3,42.838,-78.824,Theft
121789,124069,3,42.846,-78.801,Theft
121797,124077,3,42.897,-78.838,Breaking & Entering
121801,124081,3,42.828,-78.824,Theft
121816,124096,3,42.87,-78.809,Breaking & Entering
121820,124100,3,42.876,-78.843,Assault
121822,124102,3,42.873,-78.81,Assault
121824,124104,3,42.884,-78.839,Theft
121843,124123,3,42.88,-78.844,Robbery
121863,124145,3,42.892,-78.81,Robbery
121867,124149,3,42.862,-78.802,Theft
121872,124154,3,42.873,-78.808,Theft
121885,124167,3,42.891,-78.805,Theft
121890,124172,3,42.859,-78.805,Breaking & Entering
121892,124174,3,42.857,-78.823,Breaking & Entering
121895,124177,3,42.894,-78.821,Theft of Vehicle
121910,124192,3,42.89,-78.814,Assault
121913,124195,3,42.896,-78.819,Breaking & Entering
121916,124198,3,42.876,-78.83,Theft of Vehicle
121930,124212,3,42.857,-78.816,Theft
121932,124214,3,42.844,-78.824,Other Sexual Offense
121942,124224,3,42.85,-78.812,Breaking & Entering
121943,124225,3,42.896,-78.81,Breaking & Entering
121945,124227,3,42.898,-78.822,Theft
121958,124241,3,42.848,-78.824,Theft
121964,124247,3,42.888,-78.835,Breaking & Entering
121967,124250,3,42.895,-78.826,Breaking & Entering
121975,124258,3,42.881,-78.801,Theft
121980,124263,3,42.847,-78.824,Theft of Vehicle
121981,124264,3,42.849,-78.82,Assault
121992,124275,3,42.899,-78.817,Breaking & Entering
122005,124288,3,42.853,-78.826,Robbery
122007,124290,3,42.855,-78.827,Breaking & Entering
122010,124293,3,42.897,-78.834,Breaking & Entering
122014,124297,3,42.894,-78.819,Breaking & Entering
122016,124299,3,42.877,-78.843,Theft of Vehicle
122017,124300,3,42.898,-78.832,Breaking & Entering
122020,124303,3,42.853,-78.832,Assault
122030,124313,3,42.851,-78.824,Theft
122039,124322,3,42.845,-78.828,Theft
122040,124323,3,42.859,-78.814,Theft of Vehicle
122054,124337,3,42.888,-78.802,Assault
122056,124339,3,42.895,-78.825,Assault
122060,124343,3,42.895,-78.839,Breaking & Entering
122063,124346,3,42.859,-78.811,Theft of Vehicle
122065,124348,3,42.858,-78.83,Theft
122072,124355,3,42.889,-78.81,Breaking & Entering
122074,124357,3,42.871,-78.809,Theft
122075,124358,3,42.889,-78.84,Theft
122076,124359,3,42.894,-78.825,Robbery
122090,124374,3,42.877,-78.847,Breaking & Entering
122106,124390,3,42.872,-78.805,Breaking & Entering
122110,124394,3,42.872,-78.834,Theft of Vehicle
122111,124395,3,42.878,-78.802,Breaking & Entering
122112,124396,3,42.895,-78.822,Robbery
122113,124397,3,42.888,-78.837,Theft
122117,124401,3,42.871,-78.836,Theft
122121,124405,3,42.861,-78.814,Other Sexual Offense
122122,124406,3,42.893,-78.821,Breaking & Entering
122127,124412,3,42.878,-78.801,Theft
122133,124418,3,42.895,-78.83,Assault
122134,124419,3,42.894,-78.82,Assault
122135,124420,3,42.885,-78.824,Assault
122137,124422,3,42.852,-78.832,Breaking & Entering
122138,124423,3,42.841,-78.824,Theft
122144,124429,3,42.848,-78.824,Sexual Assault
122147,124432,3,42.855,-78.809,Assault
122150,124435,3,42.885,-78.814,Theft of Vehicle
122152,124437,3,42.856,-78.808,Breaking & Entering
122154,124439,3,42.881,-78.801,Theft
122162,124447,3,42.855,-78.8,Theft of Vehicle
122165,124450,3,42.845,-78.828,Theft of Vehicle
122172,124457,3,42.888,-78.84,Breaking & Entering
122176,124461,3,42.863,-78.813,Theft of Vehicle
122183,124468,3,42.882,-78.841,Theft
122188,124473,3,42.899,-78.837,Theft
122190,124475,3,42.849,-78.803,Breaking & Entering
122194,124479,3,42.848,-78.812,Assault
122197,124482,3,42.894,-78.822,Breaking & Entering
122198,124483,3,42.845,-78.832,Assault
122201,124486,3,42.873,-78.814,Theft of Vehicle
122207,124492,3,42.848,-78.824,Robbery
122226,124511,3,42.896,-78.819,Theft
122235,124520,3,42.871,-78.809,Theft of Vehicle
122236,124521,3,42.888,-78.802,Breaking & Entering
122238,124523,3,42.896,-78.824,Theft
122242,124527,3,42.89,-78.803,Theft
122243,124528,3,42.875,-78.827,Breaking & Entering
122253,124538,3,42.833,-78.809,Breaking & Entering
122254,124539,3,42.858,-78.811,Theft of Vehicle
122258,124543,3,42.894,-78.81,Theft
122265,124550,3,42.853,-78.832,Theft
122268,124553,3,42.88,-78.844,Assault
122277,124562,3,42.898,-78.835,Breaking & Entering
122282,124568,3,42.858,-78.833,Breaking & Entering
122295,124581,3,42.899,-78.817,Breaking & Entering
122296,124582,3,42.885,-78.839,Assault
122301,124587,3,42.884,-78.839,Theft
122305,124591,3,42.897,-78.838,Theft
122315,124601,3,42.837,-78.817,Theft
122338,124624,3,42.886,-78.844,Theft
122341,124627,3,42.832,-78.811,Assault
122345,124631,3,42.894,-78.825,Theft
122349,124635,3,42.893,-78.839,Assault
122353,124639,3,42.857,-78.833,Breaking & Entering
122366,124653,3,42.854,-78.818,Theft
122370,124657,3,42.871,-78.831,Breaking & Entering
122386,124674,3,42.892,-78.805,Theft
122390,124678,3,42.887,-78.846,Robbery
122391,124679,3,42.858,-78.817,Theft
122398,124686,3,42.844,-78.832,Theft
122401,124689,3,42.874,-78.806,Assault
122408,124696,3,42.873,-78.82,Assault
122411,124699,3,42.854,-78.831,Theft
122417,124705,3,42.893,-78.843,Theft of Vehicle
122419,124707,3,42.889,-78.808,Theft
122420,124708,3,42.896,-78.804,Assault
122424,124712,3,42.848,-78.812,Theft
122428,124717,3,42.891,-78.837,Assault
122436,124725,3,42.856,-78.811,Assault
122444,124733,3,42.876,-78.815,Theft
122450,124739,3,42.889,-78.814,Theft of Vehicle
122454,124743,3,42.861,-78.817,Assault
122459,124748,3,42.888,-78.803,Assault
122475,124764,3,42.852,-78.821,Breaking & Entering
122478,124767,3,42.856,-78.81,Theft of Vehicle
122479,124768,3,42.895,-78.831,Assault
122481,124770,3,42.858,-78.831,Theft
122482,124771,3,42.852,-78.813,Assault
122483,124772,3,42.862,-78.815,Theft
122487,124776,3,42.888,-78.816,Theft
122491,124780,3,42.897,-78.838,Assault
122497,124786,3,42.854,-78.806,Theft of Vehicle
122498,124787,3,42.893,-78.838,Assault
122509,124799,3,42.872,-78.82,Theft
122512,124802,3,42.887,-78.814,Theft
122519,124810,3,42.886,-78.8,Theft
122521,124812,3,42.886,-78.84,Assault
122539,124831,3,42.889,-78.843,Assault
122541,124833,3,42.85,-78.815,Theft
122558,124850,3,42.884,-78.831,Breaking & Entering
122563,124855,3,42.853,-78.828,Theft of Vehicle
122572,124864,3,42.898,-78.807,Theft
122575,124867,3,42.855,-78.833,Breaking & Entering
122576,124868,3,42.869,-78.809,Theft
122579,124871,3,42.88,-78.835,Breaking & Entering
122581,124873,3,42.873,-78.806,Assault
122585,124877,3,42.893,-78.803,Theft
122589,124881,3,42.892,-78.833,Theft
122590,124882,3,42.894,-78.821,Theft
122597,124890,3,42.852,-78.817,Theft
122604,124897,3,42.858,-78.831,Theft
122607,124900,3,42.875,-78.85,Theft
122628,124921,3,42.896,-78.819,Assault
122629,124922,3,42.868,-78.805,Theft
122638,124931,3,42.841,-78.81,Theft
122639,124932,3,42.863,-78.812,Assault
122640,124933,3,42.86,-78.807,Breaking & Entering
122649,124942,3,42.898,-78.82,Breaking & Entering
122651,124944,3,42.85,-78.815,Theft
122653,124946,3,42.844,-78.829,Theft
122657,124950,3,42.849,-78.803,Theft
122674,124967,3,42.882,-78.832,Breaking & Entering
122679,124972,3,42.879,-78.807,Theft
122685,124978,3,42.853,-78.819,Robbery
122692,124986,3,42.85,-78.815,Robbery
122696,124990,3,42.847,-78.824,Theft
122698,124992,3,42.849,-78.821,Breaking & Entering
122705,124999,3,42.874,-78.81,Breaking & Entering
122706,125000,3,42.899,-78.819,Breaking & Entering
122712,125006,3,42.879,-78.839,Theft
122715,125009,3,42.856,-78.831,Assault
122718,125012,3,42.896,-78.816,Sexual Assault
122729,125024,3,42.844,-78.826,Sexual Assault
122730,125025,3,42.886,-78.841,Breaking & Entering
122735,125030,3,42.855,-78.81,Theft
122737,125032,3,42.858,-78.831,Assault
122744,125039,3,42.892,-78.844,Assault
122747,125042,3,42.889,-78.838,Theft
122748,125043,3,42.874,-78.809,Breaking & Entering
122752,125047,3,42.85,-78.822,Theft
122753,125048,3,42.858,-78.825,Theft
122755,125050,3,42.854,-78.808,Assault
122759,125054,3,42.871,-78.823,Robbery
122763,125058,3,42.899,-78.815,Theft of Vehicle
122775,125070,3,42.851,-78.827,Assault
122788,125083,3,42.895,-78.838,Assault
122799,125094,3,42.889,-78.808,Theft
122802,125097,3,42.895,-78.806,Theft
122804,125099,3,42.895,-78.826,Assault
122806,125103,3,42.894,-78.83,Theft
122810,125107,3,42.873,-78.806,Theft
122820,125117,3,42.849,-78.814,Theft
122830,125127,3,42.854,-78.809,Breaking & Entering
122835,125132,3,42.893,-78.833,Assault
122843,125140,3,42.891,-78.804,Assault
122844,125141,3,42.893,-78.837,Robbery
122845,125142,3,42.893,-78.821,Theft
122850,125147,3,42.858,-78.814,Theft
122851,125148,3,42.857,-78.812,Theft
122863,125160,3,42.886,-78.839,Assault
122887,125185,3,42.898,-78.807,Theft
122888,125186,3,42.857,-78.817,Theft
122892,125190,3,42.897,-78.836,Assault
122895,125193,3,42.897,-78.834,Theft of Vehicle
122896,125194,3,42.884,-78.824,Theft
122900,125198,3,42.893,-78.81,Breaking & Entering
122907,125206,3,42.836,-78.819,Theft of Vehicle
122913,125212,3,42.841,-78.824,Theft
122914,125213,3,42.858,-78.83,Theft
122915,125214,3,42.854,-78.831,Theft
122922,125221,3,42.895,-78.828,Robbery
122923,125222,3,42.858,-78.81,Assault
122924,125223,3,42.881,-78.832,Theft
122931,125230,3,42.843,-78.82,Breaking & Entering
122934,125234,3,42.873,-78.818,Theft
122940,125240,3,42.842,-78.824,Assault
122950,125250,3,42.894,-78.836,Breaking & Entering
122956,125256,3,42.896,-78.832,Assault
122957,125257,3,42.87,-78.849,Breaking & Entering
122964,125264,3,42.899,-78.819,Robbery
122975,125275,3,42.863,-78.821,Theft of Vehicle
122979,125279,3,42.879,-78.832,Assault
122981,125281,3,42.839,-78.821,Theft
122985,125285,3,42.885,-78.814,Theft
122990,125290,3,42.875,-78.804,Robbery
122991,125291,3,42.893,-78.827,Assault
122994,125294,3,42.895,-78.826,Theft
123000,125300,3,42.871,-78.831,Theft
123001,125301,3,42.844,-78.826,Theft of Vehicle
123005,125305,3,42.848,-78.812,Theft
123011,125311,3,42.893,-78.839,Assault
123013,125313,3,42.875,-78.844,Assault
123014,125314,3,42.897,-78.814,Assault
123022,125322,3,42.896,-78.816,Assault
123025,125325,3,42.884,-78.846,Breaking & Entering
123028,125328,3,42.85,-78.826,Assault
123037,125337,3,42.871,-78.809,Theft of Vehicle
123044,125344,3,42.889,-78.808,Theft
123047,125347,3,42.869,-78.806,Theft
123053,125353,3,42.896,-78.8,Sexual Assault
123054,125354,3,42.889,-78.814,Theft of Vehicle
123056,125356,3,42.894,-78.835,Robbery
123066,125367,3,42.857,-78.824,Theft
123073,125374,3,42.878,-78.836,Theft
123081,125382,3,42.864,-78.825,Theft
123082,125383,3,42.851,-78.829,Theft of Vehicle
123083,125384,3,42.893,-78.839,Assault
123085,125386,3,42.837,-78.809,Breaking & Entering
123091,125392,3,42.847,-78.815,Theft
123094,125395,3,42.853,-78.832,Assault
123095,125396,3,42.859,-78.825,Theft
123108,125409,3,42.837,-78.824,Assault
123109,125410,3,42.866,-78.838,Breaking & Entering
123124,125425,3,42.86,-78.817,Theft
123128,125429,3,42.845,-78.824,Theft
123132,125433,3,42.854,-78.808,Breaking & Entering
123150,125451,3,42.892,-78.809,Assault
123154,125455,3,42.837,-78.826,Breaking & Entering
123157,125458,3,42.898,-78.803,Theft
123164,125465,3,42.892,-78.838,Theft
123165,125466,3,42.851,-78.809,Breaking & Entering
123173,125474,3,42.895,-78.838,Theft
123189,125491,3,42.872,-78.807,Robbery
123196,125498,3,42.868,-78.804,Theft
123204,125506,3,42.883,-78.833,Theft
123228,125530,3,42.859,-78.833,Breaking & Entering
123253,125555,3,42.857,-78.811,Robbery
123254,125556,3,42.89,-78.803,Theft
123256,125558,3,42.892,-78.838,Theft
123258,125560,3,42.892,-78.807,Theft
123260,125562,3,42.853,-78.81,Assault
123266,125568,3,42.853,-78.811,Theft
123272,125574,3,42.877,-78.816,Theft of Vehicle
123274,125576,3,42.85,-78.814,Theft
123282,125584,3,42.898,-78.802,Theft
123289,125591,3,42.866,-78.824,Assault
123295,125597,3,42.873,-78.817,Theft of Vehicle
123296,125598,3,42.836,-78.809,Theft
123299,125601,3,42.893,-78.808,Theft
123303,125605,3,42.896,-78.819,Assault
123304,125606,3,42.855,-78.81,Assault
123306,125608,3,42.89,-78.813,Sexual Assault
123308,125610,3,42.843,-78.809,Theft
123322,125624,3,42.891,-78.832,Breaking & Entering
123327,125629,3,42.856,-78.817,Theft
123332,125634,3,42.892,-78.839,Theft
123333,125635,3,42.877,-78.835,Breaking & Entering
123340,125642,3,42.894,-78.821,Theft
123341,125643,3,42.854,-78.81,Theft
123345,125647,3,42.872,-78.815,Assault
123349,125651,3,42.857,-78.829,Theft
123359,125661,3,42.876,-78.815,Theft
123361,125663,3,42.893,-78.826,Theft
123366,125668,3,42.887,-78.842,Breaking & Entering
123375,125677,3,42.873,-78.806,Assault
123383,125685,3,42.848,-78.832,Theft
123385,125687,3,42.869,-78.829,Theft
123396,125698,3,42.879,-78.843,Breaking & Entering
123400,125702,3,42.833,-78.824,Theft
123409,125711,3,42.86,-78.813,Breaking & Entering
123412,125714,3,42.878,-78.801,Theft
123417,125719,3,42.889,-78.837,Assault
123444,125746,3,42.897,-78.803,Breaking & Entering
123445,125747,3,42.895,-78.842,Homicide
123450,125752,3,42.855,-78.81,Theft
123454,125756,3,42.895,-78.807,Assault
123458,125760,3,42.897,-78.818,Assault
123460,125762,3,42.857,-78.829,Theft
123463,125765,3,42.857,-78.827,Theft of Vehicle
123466,125768,3,42.895,-78.819,Assault
123467,125769,3,42.898,-78.839,Robbery
123470,125772,3,42.849,-78.801,Theft
123483,125785,3,42.893,-78.837,Theft
123487,125789,3,42.875,-78.85,Theft
123490,125792,3,42.878,-78.801,Theft
123495,125797,3,42.847,-78.832,Breaking & Entering
123500,125802,3,42.855,-78.827,Robbery
123502,125804,3,42.843,-78.82,Breaking & Entering
123516,125818,3,42.854,-78.821,Breaking & Entering
123517,125819,3,42.898,-78.84,Breaking & Entering
123518,125820,3,42.833,-78.813,Breaking & Entering
123525,125827,3,42.875,-78.829,Assault
123532,125834,3,42.893,-78.819,Breaking & Entering
123536,125838,3,42.873,-78.802,Theft
123541,125843,3,42.836,-78.849,Theft of Vehicle
123545,125847,3,42.862,-78.813,Breaking & Entering
123568,125870,3,42.856,-78.806,Assault
123594,125896,3,42.856,-78.802,Assault
123601,125903,3,42.895,-78.822,Breaking & Entering
123603,125905,3,42.859,-78.807,Theft
123604,125906,3,42.893,-78.837,Theft
123607,125909,3,42.851,-78.825,Breaking & Entering
123612,125914,3,42.858,-78.831,Theft
123628,125930,3,42.853,-78.837,Theft
123636,125938,3,42.899,-78.818,Breaking & Entering
123645,125947,3,42.87,-78.834,Robbery
123646,125948,3,42.875,-78.828,Theft
123650,125952,3,42.889,-78.808,Theft
123653,125955,3,42.848,-78.824,Other Sexual Offense
123655,125957,3,42.868,-78.811,Theft
123657,125959,3,42.897,-78.818,Theft
123664,125966,3,42.869,-78.832,Breaking & Entering
123669,125971,3,42.872,-78.82,Theft of Vehicle
123675,125977,3,42.839,-78.82,Theft
123681,125983,3,42.896,-78.824,Assault
123686,125988,3,42.852,-78.823,Assault
123691,125993,3,42.868,-78.846,Theft
123701,126003,3,42.896,-78.8,Breaking & Entering
123713,126016,3,42.893,-78.837,Theft
123714,126017,3,42.869,-78.835,Theft
123722,126025,3,42.865,-78.844,Theft of Vehicle
123723,126026,3,42.837,-78.811,Theft
123727,126030,3,42.849,-78.823,Breaking & Entering
123728,126031,3,42.873,-78.811,Assault
123739,126043,3,42.87,-78.805,Assault
123744,126048,3,42.895,-78.837,Theft
123750,126054,3,42.874,-78.81,Assault
123756,126060,3,42.888,-78.837,Theft
123776,126080,3,42.852,-78.809,Assault
123780,126084,3,42.889,-78.838,Theft
123781,126085,3,42.866,-78.829,Theft
123783,126087,3,42.848,-78.824,Assault
123789,126093,3,42.899,-78.818,Breaking & Entering
123794,126098,3,42.848,-78.812,Theft
123801,126105,3,42.856,-78.828,Theft
123802,126106,3,42.896,-78.816,Theft
123803,126108,3,42.862,-78.813,Assault
123807,126112,3,42.89,-78.837,Theft
123811,126116,3,42.897,-78.82,Assault
123815,126120,3,42.847,-78.824,Theft
123819,126125,3,42.871,-78.837,Assault
123820,126127,3,42.849,-78.816,Theft
123822,126129,3,42.868,-78.808,Theft
123829,126136,3,42.854,-78.801,Breaking & Entering
123833,126141,3,42.89,-78.806,Breaking & Entering
123836,126144,3,42.899,-78.819,Assault
123842,126150,3,42.889,-78.8,Breaking & Entering
123843,126151,3,42.837,-78.817,Breaking & Entering
123850,126158,3,42.845,-78.823,Assault
123853,126161,3,42.852,-78.825,Theft
123855,126163,3,42.874,-78.827,Theft
123857,126165,3,42.852,-78.826,Assault
123862,126170,3,42.87,-78.845,Theft of Vehicle
123868,126176,3,42.853,-78.807,Theft
123872,126180,3,42.868,-78.851,Theft
123873,126182,3,42.884,-78.833,Breaking & Entering
123878,126187,3,42.894,-78.836,Robbery
123880,126189,3,42.871,-78.807,Assault
123886,126195,3,42.873,-78.807,Robbery
123895,126204,3,42.884,-78.846,Theft
123900,126209,3,42.858,-78.813,Breaking & Entering
123908,126217,3,42.857,-78.832,Theft
123910,126219,3,42.899,-78.832,Breaking & Entering
123914,126223,3,42.847,-78.832,Assault
123916,126225,3,42.89,-78.8,Breaking & Entering
123926,126235,3,42.897,-78.819,Assault
123937,126246,3,42.849,-78.803,Breaking & Entering
123942,126251,3,42.85,-78.825,Theft
123951,126260,3,42.876,-78.844,Theft of Vehicle
123956,126265,3,42.898,-78.833,Breaking & Entering
123964,126273,3,42.839,-78.804,Theft of Vehicle
123966,126275,3,42.841,-78.82,Robbery
123968,126277,3,42.894,-78.828,Breaking & Entering
123985,126294,3,42.858,-78.83,Theft
123990,126299,3,42.868,-78.809,Theft
123995,126304,3,42.87,-78.845,Theft
123996,126305,3,42.867,-78.851,Breaking & Entering
123999,126308,3,42.873,-78.826,Robbery
124007,126316,3,42.851,-78.804,Assault
124010,126319,3,42.844,-78.828,Theft
124012,126321,3,42.883,-78.829,Theft
124033,126342,3,42.872,-78.814,Theft
124039,126349,3,42.872,-78.801,Robbery
124047,126357,3,42.872,-78.807,Breaking & Entering
124048,126358,3,42.849,-78.812,Assault
124060,126370,3,42.854,-78.833,Robbery
124061,126371,3,42.872,-78.812,Theft
124062,126372,3,42.846,-78.823,Theft
124075,126385,3,42.857,-78.806,Assault
124076,126386,3,42.848,-78.812,Theft
124077,126387,3,42.889,-78.805,Theft
124085,126395,3,42.879,-78.835,Theft
124096,126406,3,42.896,-78.817,Robbery
124099,126409,3,42.848,-78.812,Assault
124104,126414,3,42.851,-78.823,Theft
124107,126417,3,42.856,-78.814,Breaking & Entering
124116,126426,3,42.855,-78.807,Other Sexual Offense
124120,126430,3,42.855,-78.808,Theft
124121,126431,3,42.882,-78.8,Theft
124123,126433,3,42.884,-78.824,Assault
124129,126439,3,42.866,-78.848,Assault
124130,126440,3,42.89,-78.832,Breaking & Entering
124135,126445,3,42.852,-78.805,Assault
124157,126468,3,42.889,-78.844,Theft of Vehicle
124163,126474,3,42.893,-78.837,Theft
124168,126479,3,42.893,-78.831,Assault
124180,126491,3,42.882,-78.833,Breaking & Entering
124181,126492,3,42.895,-78.826,Robbery
124190,126501,3,42.894,-78.82,Assault
124191,126502,3,42.896,-78.825,Assault
124204,126515,3,42.888,-78.814,Theft
124211,126522,3,42.852,-78.827,Breaking & Entering
124213,126524,3,42.855,-78.81,Theft
124220,126531,3,42.866,-78.822,Assault
124223,126534,3,42.884,-78.846,Assault
124230,126541,3,42.837,-78.824,Breaking & Entering
124234,126545,3,42.889,-78.842,Breaking & Entering
124239,126550,3,42.884,-78.841,Robbery
124243,126554,3,42.844,-78.828,Breaking & Entering
124248,126559,3,42.832,-78.809,Theft
124249,126560,3,42.841,-78.824,Theft
124251,126562,3,42.892,-78.833,Theft
124253,126564,3,42.85,-78.803,Robbery
124256,126567,3,42.858,-78.825,Robbery
124259,126570,3,42.847,-78.824,Theft
124270,126581,3,42.847,-78.832,Theft
124279,126590,3,42.846,-78.824,Robbery
124281,126592,3,42.888,-78.814,Theft of Vehicle
124285,126596,3,42.899,-78.818,Assault
124294,126605,3,42.888,-78.815,Theft
124297,126608,3,42.856,-78.829,Theft
124312,126623,3,42.855,-78.808,Theft
124313,126624,3,42.878,-78.801,Theft
124316,126627,3,42.873,-78.81,Theft of Vehicle
124319,126631,3,42.856,-78.825,Assault
124321,126633,3,42.894,-78.836,Theft
124328,126640,3,42.888,-78.8,Theft
124334,126646,3,42.884,-78.839,Assault
124337,126649,3,42.874,-78.844,Theft
124338,126650,3,42.898,-78.84,Robbery
124357,126669,3,42.884,-78.846,Theft
124360,126672,3,42.853,-78.831,Assault
124361,126673,3,42.875,-78.81,Breaking & Entering
124362,126674,3,42.857,-78.812,Theft
124372,126684,3,42.897,-78.838,Assault
124382,126695,3,42.863,-78.82,Theft
124388,126701,3,42.874,-78.804,Theft
124390,126703,3,42.869,-78.819,Robbery
124395,126708,3,42.832,-78.811,Assault
124404,126717,3,42.858,-78.831,Theft
124407,126720,3,42.895,-78.83,Assault
124408,126721,3,42.895,-78.836,Assault
124412,126725,3,42.857,-78.804,Theft of Vehicle
124414,126727,3,42.846,-78.824,Theft
124422,126735,3,42.888,-78.803,Theft
124425,126738,3,42.882,-78.841,Homicide
124431,126744,3,42.895,-78.828,Theft of Vehicle
124439,126752,3,42.85,-78.803,Theft
124460,126773,3,42.872,-78.811,Theft
124468,126781,3,42.883,-78.808,Theft
124472,126785,3,42.87,-78.848,Breaking & Entering
124478,126791,3,42.897,-78.836,Theft
124482,126795,3,42.896,-78.838,Assault
124498,126812,3,42.888,-78.838,Robbery
124503,126817,3,42.873,-78.812,Assault
124508,126822,3,42.898,-78.84,Theft
124511,126825,3,42.894,-78.841,Assault
124530,126844,3,42.87,-78.835,Breaking & Entering
124534,126848,3,42.848,-78.824,Theft
124537,126851,3,42.844,-78.824,Assault
124538,126852,3,42.889,-78.814,Theft
124541,126855,3,42.858,-78.831,Theft
124548,126862,3,42.853,-78.832,Theft
124556,126870,3,42.896,-78.82,Theft
124565,126879,3,42.889,-78.838,Sexual Assault
124566,126880,3,42.889,-78.806,Sexual Assault
124568,126882,3,42.869,-78.812,Assault
124570,126884,3,42.856,-78.818,Assault
124583,126897,3,42.887,-78.807,Assault
124584,126898,3,42.896,-78.826,Theft
124587,126901,3,42.851,-78.827,Theft
124600,126915,3,42.894,-78.835,Theft
124602,126917,3,42.893,-78.837,Robbery
124624,126939,3,42.893,-78.837,Theft
124628,126943,3,42.851,-78.831,Assault
124631,126946,3,42.87,-78.815,Theft
124633,126948,3,42.85,-78.831,Breaking & Entering
124636,126951,3,42.87,-78.808,Breaking & Entering
124660,126975,3,42.897,-78.814,Theft
124671,126987,3,42.867,-78.807,Breaking & Entering
124674,126990,3,42.888,-78.838,Assault
124693,127009,3,42.871,-78.833,Theft of Vehicle
124697,127013,3,42.871,-78.83,Theft
124703,127019,3,42.85,-78.817,Assault
124706,127022,3,42.887,-78.815,Other Sexual Offense
124707,127023,3,42.844,-78.83,Theft
124712,127028,3,42.879,-78.836,Theft
124717,127033,3,42.846,-78.832,Theft of Vehicle
124720,127036,3,42.85,-78.804,Theft
124722,127038,3,42.897,-78.821,Robbery
124726,127042,3,42.884,-78.824,Robbery
124727,127043,3,42.854,-78.822,Breaking & Entering
124734,127050,3,42.869,-78.833,Breaking & Entering
124751,127068,3,42.878,-78.801,Theft
124755,127072,3,42.87,-78.809,Assault
124757,127074,3,42.85,-78.823,Theft of Vehicle
124764,127081,3,42.893,-78.837,Theft
124766,127083,3,42.849,-78.823,Theft
124767,127084,3,42.859,-78.825,Assault
124780,127097,3,42.847,-78.831,Assault
124790,127107,3,42.873,-78.85,Breaking & Entering
124800,127117,3,42.899,-78.815,Other Sexual Offense
124802,127119,3,42.835,-78.821,Assault
124810,127128,3,42.873,-78.846,Theft
124823,127141,3,42.854,-78.809,Theft
124829,127147,3,42.832,-78.815,Theft
124830,127148,3,42.895,-78.838,Breaking & Entering
124837,127155,3,42.892,-78.815,Theft
124838,127156,3,42.837,-78.824,Assault
124854,127172,3,42.892,-78.802,Assault
124866,127184,3,42.846,-78.802,Theft
124867,127185,3,42.834,-78.816,Assault
124879,127198,3,42.845,-78.822,Breaking & Entering
124888,127207,3,42.855,-78.834,Theft
124896,127215,3,42.892,-78.832,Assault
124906,127225,3,42.896,-78.816,Assault
124908,127227,3,42.853,-78.807,Theft
124910,127229,3,42.848,-78.824,Assault
124914,127233,3,42.897,-78.814,Sexual Assault
124926,127245,3,42.856,-78.809,Other Sexual Offense
124937,127256,3,42.889,-78.801,Theft
124941,127261,3,42.855,-78.821,Theft
124944,127264,3,42.871,-78.843,Breaking & Entering
124949,127269,3,42.881,-78.843,Robbery
124950,127270,3,42.898,-78.839,Robbery
124951,127271,3,42.861,-78.813,Assault
124962,127282,3,42.848,-78.832,Theft
124969,127289,3,42.873,-78.805,Robbery
124975,127295,3,42.898,-78.816,Assault
124981,127301,3,42.895,-78.836,Assault
124983,127303,3,42.85,-78.815,Theft
124984,127304,3,42.855,-78.825,Assault
124987,127307,3,42.894,-78.808,Assault
124995,127315,3,42.853,-78.815,Theft
125017,127337,3,42.887,-78.845,Breaking & Entering
125027,127347,3,42.833,-78.824,Theft
125030,127351,3,42.858,-78.815,Assault
125035,127356,3,42.858,-78.831,Theft
125056,127377,3,42.888,-78.803,Theft
125058,127379,3,42.873,-78.829,Theft
125059,127380,3,42.852,-78.803,Theft
125060,127381,3,42.889,-78.835,Assault
125064,127385,3,42.897,-78.805,Theft of Vehicle
125065,127386,3,42.899,-78.817,Theft
125069,127390,3,42.842,-78.821,Breaking & Entering
125084,127405,3,42.87,-78.805,Assault
125089,127410,3,42.868,-78.856,Theft of Vehicle
125098,127419,3,42.89,-78.804,Assault
125099,127420,3,42.875,-78.802,Sexual Assault
125107,127428,3,42.895,-78.823,Breaking & Entering
125110,127431,3,42.898,-78.818,Assault
125116,127437,3,42.883,-78.832,Breaking & Entering
125117,127438,3,42.857,-78.815,Theft
125125,127446,3,42.856,-78.818,Theft
125127,127448,3,42.89,-78.834,Breaking & Entering
125129,127450,3,42.883,-78.849,Breaking & Entering
125134,127455,3,42.855,-78.815,Breaking & Entering
125135,127456,3,42.86,-78.806,Theft of Vehicle
125136,127457,3,42.873,-78.806,Assault
125147,127468,3,42.884,-78.835,Theft of Vehicle
125159,127481,3,42.844,-78.825,Robbery
125162,127484,3,42.893,-78.841,Theft
125167,127489,3,42.894,-78.835,Breaking & Entering
125168,127490,3,42.887,-78.816,Assault
125172,127494,3,42.853,-78.832,Breaking & Entering
125176,127498,3,42.891,-78.83,Theft
125179,127501,3,42.889,-78.838,Theft
125182,127504,3,42.862,-78.813,Theft
125185,127507,3,42.852,-78.81,Breaking & Entering
125187,127509,3,42.857,-78.812,Theft
125193,127515,3,42.862,-78.818,Theft
125196,127518,3,42.889,-78.808,Theft
125200,127522,3,42.888,-78.805,Assault
125206,127528,3,42.894,-78.804,Theft
125219,127541,3,42.875,-78.803,Assault
125226,127548,3,42.892,-78.826,Breaking & Entering
125234,127556,3,42.89,-78.845,Breaking & Entering
125236,127558,3,42.898,-78.815,Assault
125240,127562,3,42.856,-78.807,Theft
125252,127574,3,42.873,-78.807,Assault
125278,127601,3,42.86,-78.825,Theft
125283,127606,3,42.856,-78.828,Assault
125287,127610,3,42.883,-78.849,Sexual Assault
125292,127615,3,42.845,-78.826,Theft
125297,127620,3,42.87,-78.828,Theft
125302,127625,3,42.834,-78.818,Theft
125303,127626,3,42.896,-78.815,Theft
125315,127638,3,42.85,-78.803,Theft
125316,127639,3,42.874,-78.806,Breaking & Entering
125326,127650,3,42.889,-78.812,Theft
125332,127656,3,42.894,-78.828,Breaking & Entering
125350,127675,3,42.891,-78.805,Breaking & Entering
125352,127677,3,42.871,-78.845,Theft
125360,127685,3,42.839,-78.808,Theft
125365,127690,3,42.877,-78.846,Breaking & Entering
125373,127698,3,42.893,-78.842,Breaking & Entering
125385,127710,3,42.887,-78.804,Theft
125389,127714,3,42.858,-78.813,Theft
125392,127717,3,42.845,-78.811,Theft
125410,127735,3,42.897,-78.818,Theft
125412,127737,3,42.857,-78.812,Theft
125416,127741,3,42.857,-78.83,Breaking & Entering
125423,127748,3,42.896,-78.817,Sexual Assault
125440,127765,3,42.891,-78.806,Assault
125442,127767,3,42.891,-78.826,Theft
125447,127772,3,42.873,-78.827,Theft
125449,127774,3,42.843,-78.823,Theft
125459,127784,3,42.88,-78.835,Breaking & Entering
125469,127794,3,42.853,-78.804,Assault
125481,127806,3,42.873,-78.806,Assault
125487,127812,3,42.834,-78.81,Theft
125493,127818,3,42.897,-78.821,Theft
125498,127823,3,42.889,-78.809,Breaking & Entering
125505,127830,3,42.853,-78.832,Robbery
125506,127831,3,42.852,-78.815,Assault
125508,127833,3,42.878,-78.849,Theft
125512,127837,3,42.899,-78.835,Assault
125514,127839,3,42.851,-78.822,Theft
125518,127843,3,42.857,-78.813,Theft
125542,127868,3,42.892,-78.826,Breaking & Entering
125545,127871,3,42.858,-78.831,Theft
125550,127876,3,42.835,-78.819,Breaking & Entering
125555,127881,3,42.872,-78.844,Assault
125568,127897,3,42.885,-78.811,Theft
125582,127911,3,42.883,-78.807,Theft
125585,127914,3,42.896,-78.831,Breaking & Entering
125597,127927,3,42.891,-78.808,Assault
125614,127944,3,42.858,-78.83,Theft
125621,127951,3,42.882,-78.832,Theft
125629,127959,3,42.886,-78.84,Assault
125632,127962,3,42.854,-78.83,Theft
125655,127985,3,42.867,-78.849,Assault
125659,127989,3,42.852,-78.827,Assault
125667,127997,3,42.85,-78.824,Assault
125674,128004,3,42.85,-78.823,Assault
125675,128005,3,42.838,-78.81,Breaking & Entering
125686,128016,3,42.858,-78.831,Theft
125693,128023,3,42.841,-78.806,Theft
125698,128029,3,42.89,-78.802,Theft of Vehicle
125701,128032,3,42.873,-78.826,Breaking & Entering
125704,128035,3,42.883,-78.832,Theft
125706,128037,3,42.838,-78.812,Theft
125708,128039,3,42.858,-78.81,Breaking & Entering
125711,128042,3,42.843,-78.82,Theft
125717,128049,3,42.886,-78.802,Assault
125722,128054,3,42.899,-78.82,Theft
125730,128062,3,42.898,-78.836,Theft
125737,128069,3,42.856,-78.823,Theft
125740,128072,3,42.837,-78.825,Breaking & Entering
125748,128080,3,42.892,-78.838,Theft
125749,128081,3,42.889,-78.814,Theft
125754,128086,3,42.898,-78.807,Theft
125758,128090,3,42.853,-78.808,Theft
125771,128103,3,42.896,-78.82,Robbery
125776,128108,3,42.898,-78.819,Breaking & Entering
125784,128116,3,42.85,-78.825,Theft
125788,128120,3,42.872,-78.837,Assault
125789,128121,3,42.873,-78.813,Theft
125795,128127,3,42.895,-78.819,Breaking & Entering
125806,128138,3,42.877,-78.827,Robbery
125807,128139,3,42.833,-78.824,Assault
125817,128149,3,42.897,-78.832,Theft
125818,128150,3,42.856,-78.823,Theft
125821,128153,3,42.888,-78.837,Assault
125828,128160,3,42.863,-78.819,Assault
125831,128163,3,42.881,-78.84,Breaking & Entering
125833,128165,3,42.898,-78.82,Breaking & Entering
125836,128168,3,42.867,-78.807,Breaking & Entering
125847,128180,3,42.894,-78.825,Theft
125849,128182,3,42.833,-78.822,Theft
125866,128200,3,42.89,-78.802,Assault
125868,128202,3,42.897,-78.805,Assault
125869,128203,3,42.867,-78.823,Assault
125871,128205,3,42.862,-78.8,Breaking & Entering
125873,128207,3,42.852,-78.814,Assault
125876,128210,3,42.866,-78.848,Theft
125877,128211,3,42.896,-78.818,Theft
125883,128217,3,42.857,-78.812,Theft
125884,128218,3,42.86,-78.826,Breaking & Entering
125889,128223,3,42.856,-78.818,Theft
125895,128229,3,42.843,-78.823,Theft of Vehicle
125910,128245,3,42.887,-78.808,Theft
125911,128246,3,42.894,-78.821,Assault
125912,128247,3,42.843,-78.824,Assault
125915,128250,3,42.897,-78.814,Theft of Vehicle
125920,128255,3,42.89,-78.808,Theft
125921,128256,3,42.856,-78.827,Theft of Vehicle
125923,128258,3,42.851,-78.83,Assault
125925,128260,3,42.892,-78.832,Breaking & Entering
125926,128261,3,42.888,-78.837,Theft of Vehicle
125929,128264,3,42.888,-78.841,Breaking & Entering
125944,128279,3,42.886,-78.805,Breaking & Entering
125953,128288,3,42.876,-78.843,Theft
125954,128289,3,42.888,-78.805,Assault
125972,128307,3,42.869,-78.849,Theft
125982,128317,3,42.879,-78.839,Breaking & Entering
125987,128322,3,42.867,-78.839,Assault
125990,128325,3,42.872,-78.811,Theft of Vehicle
126003,128339,3,42.87,-78.832,Assault
126005,128341,3,42.837,-78.809,Theft
126006,128342,3,42.853,-78.807,Theft
126012,128348,3,42.858,-78.812,Theft
126015,128351,3,42.878,-78.813,Theft
126023,128359,3,42.893,-78.831,Theft
126033,128369,3,42.87,-78.848,Assault
126037,128373,3,42.867,-78.847,Assault
126051,128387,3,42.892,-78.825,Theft
126066,128402,3,42.856,-78.818,Breaking & Entering
126078,128414,3,42.892,-78.83,Breaking & Entering
126091,128427,3,42.897,-78.809,Robbery
126097,128433,3,42.865,-78.823,Theft
126106,128442,3,42.895,-78.833,Breaking & Entering
126108,128444,3,42.84,-78.861,Theft
126112,128448,3,42.876,-78.852,Theft
126113,128449,3,42.894,-78.835,Theft
126127,128463,3,42.886,-78.8,Assault
126128,128464,3,42.888,-78.844,Theft of Vehicle
126130,128466,3,42.858,-78.811,Assault
126131,128467,3,42.892,-78.831,Assault
126133,128469,3,42.899,-78.81,Theft
126139,128475,3,42.835,-78.826,Theft
126141,128477,3,42.889,-78.808,Theft
126147,128483,3,42.845,-78.809,Theft
126155,128492,3,42.891,-78.802,Breaking & Entering
126157,128494,3,42.898,-78.807,Theft
126166,128503,3,42.88,-78.841,Breaking & Entering
126205,128542,3,42.869,-78.831,Assault
126217,128554,3,42.885,-78.839,Theft of Vehicle
126219,128556,3,42.847,-78.815,Theft
126229,128566,3,42.87,-78.805,Theft of Vehicle
126233,128570,3,42.848,-78.823,Breaking & Entering
126248,128586,3,42.85,-78.83,Theft of Vehicle
126255,128593,3,42.876,-78.846,Breaking & Entering
126271,128609,3,42.899,-78.817,Assault
126273,128611,3,42.869,-78.85,Theft
126277,128615,3,42.862,-78.811,Breaking & Entering
126278,128616,3,42.849,-78.812,Assault
126281,128619,3,42.859,-78.816,Breaking & Entering
126293,128631,3,42.879,-78.845,Theft
126295,128633,3,42.853,-78.806,Theft
126298,128637,3,42.898,-78.807,Theft
126299,128638,3,42.848,-78.824,Sexual Assault
126307,128646,3,42.88,-78.839,Breaking & Entering
126316,128655,3,42.833,-78.803,Theft
126321,128660,3,42.871,-78.834,Assault
126322,128661,3,42.856,-78.824,Breaking & Entering
126325,128664,3,42.873,-78.825,Theft of Vehicle
126334,128673,3,42.897,-78.84,Assault
126338,128677,3,42.84,-78.818,Theft
126344,128683,3,42.89,-78.808,Theft of Vehicle
126351,128690,3,42.855,-78.809,Theft
126353,128692,3,42.891,-78.843,Assault
126363,128702,3,42.877,-78.813,Theft
126365,128704,3,42.858,-78.831,Theft
126372,128711,3,42.851,-78.802,Assault
126375,128714,3,42.89,-78.802,Theft
126380,128719,3,42.858,-78.81,Breaking & Entering
126384,128723,3,42.891,-78.834,Assault
126388,128727,3,42.869,-78.83,Theft of Vehicle
126400,128740,3,42.899,-78.819,Theft
126401,128741,3,42.893,-78.837,Theft
126404,128744,3,42.876,-78.83,Assault
126406,128746,3,42.894,-78.835,Assault
126407,128747,3,42.871,-78.832,Theft
126409,128749,3,42.876,-78.83,Theft
126417,128757,3,42.855,-78.821,Robbery
126429,128770,3,42.89,-78.806,Assault
126446,128787,3,42.869,-78.809,Assault
126448,128789,3,42.879,-78.841,Theft
126460,128801,3,42.893,-78.807,Theft
126461,128802,3,42.878,-78.815,Theft of Vehicle
126467,128808,3,42.854,-78.808,Theft
126478,128819,3,42.874,-78.809,Theft
126483,128824,3,42.897,-78.824,Assault
126484,128825,3,42.872,-78.808,Assault
126486,128827,3,42.896,-78.826,Theft
126499,128840,3,42.89,-78.815,Assault
126507,128848,3,42.869,-78.809,Assault
126515,128856,3,42.898,-78.831,Breaking & Entering
126516,128857,3,42.884,-78.839,Robbery
126517,128858,3,42.872,-78.805,Theft of Vehicle
126522,128863,3,42.86,-78.826,Theft
126526,128867,3,42.894,-78.842,Robbery
126529,128870,3,42.869,-78.845,Theft
126553,128895,3,42.845,-78.824,Theft
126559,128901,3,42.851,-78.81,Robbery
126560,128902,3,42.895,-78.83,Theft
126578,128921,3,42.875,-78.826,Breaking & Entering
126586,128929,3,42.855,-78.808,Robbery
126587,128930,3,42.857,-78.811,Theft
126604,128947,3,42.845,-78.827,Theft
126606,128949,3,42.835,-78.809,Theft
126610,128954,3,42.854,-78.812,Breaking & Entering
126618,128962,3,42.884,-78.824,Assault
126620,128964,3,42.839,-78.824,Theft
126623,128967,3,42.848,-78.812,Assault
126631,128976,3,42.872,-78.836,Robbery
126641,128987,3,42.874,-78.807,Robbery
126644,128990,3,42.868,-78.851,Breaking & Entering
126649,128995,3,42.883,-78.836,Theft
126655,129001,3,42.892,-78.834,Breaking & Entering
126657,129003,3,42.899,-78.82,Assault
126659,129005,3,42.892,-78.826,Breaking & Entering
126660,129006,3,42.854,-78.805,Theft of Vehicle
126661,129007,3,42.841,-78.824,Theft
126668,129014,3,42.848,-78.812,Theft
126674,129020,3,42.873,-78.819,Theft
126686,129032,3,42.856,-78.827,Assault
126687,129033,3,42.846,-78.821,Breaking & Entering
126699,129046,3,42.888,-78.837,Theft
126707,129055,3,42.886,-78.805,Sexual Assault
126710,129058,3,42.889,-78.815,Theft
126720,129068,3,42.84,-78.822,Breaking & Entering
126721,129069,3,42.85,-78.823,Theft of Vehicle
126728,129076,3,42.856,-78.819,Breaking & Entering
126729,129077,3,42.896,-78.823,Breaking & Entering
126731,129079,3,42.87,-78.8,Breaking & Entering
126749,129097,3,42.852,-78.809,Breaking & Entering
126758,129106,3,42.889,-78.836,Breaking & Entering
126765,129113,3,42.857,-78.833,Theft
126766,129114,3,42.859,-78.816,Theft of Vehicle
126767,129115,3,42.895,-78.842,Theft
126776,129125,3,42.885,-78.839,Theft of Vehicle
126784,129133,3,42.894,-78.816,Theft
126787,129136,3,42.839,-78.824,Theft
126794,129143,3,42.881,-78.801,Assault
126809,129158,3,42.898,-78.818,Breaking & Entering
126816,129165,3,42.872,-78.82,Robbery
126837,129186,3,42.869,-78.849,Assault
126838,129187,3,42.872,-78.822,Theft
126852,129201,3,42.87,-78.811,Theft
126856,129205,3,42.874,-78.801,Breaking & Entering
126864,129213,3,42.893,-78.837,Robbery
126887,129236,3,42.842,-78.806,Assault
126893,129242,3,42.852,-78.828,Breaking & Entering
126894,129243,3,42.857,-78.807,Theft
126903,129252,3,42.892,-78.832,Assault
126905,129254,3,42.871,-78.807,Theft
126921,129270,3,42.85,-78.815,Theft
126922,129271,3,42.836,-78.809,Assault
126924,129273,3,42.898,-78.801,Breaking & Entering
126926,129275,3,42.841,-78.811,Breaking & Entering
126929,129278,3,42.868,-78.85,Assault
126941,129291,3,42.876,-78.803,Assault
126942,129292,3,42.855,-78.809,Theft of Vehicle
126946,129296,3,42.895,-78.807,Theft
126949,129299,3,42.894,-78.836,Robbery
126951,129302,3,42.891,-78.81,Theft
126963,129314,3,42.861,-78.819,Sexual Offense
126967,129318,3,42.897,-78.802,Theft
126971,129322,3,42.893,-78.839,Theft
126972,129323,3,42.874,-78.827,Assault
126974,129325,3,42.867,-78.847,Breaking & Entering
126980,129332,3,42.858,-78.831,Theft
126984,129336,3,42.868,-78.837,Theft
126987,129339,3,42.895,-78.823,Assault
126988,129340,3,42.877,-78.812,Theft
126990,129342,3,42.89,-78.8,Assault
127003,129356,3,42.857,-78.811,Assault
127005,129358,3,42.887,-78.839,Robbery
127009,129362,3,42.894,-78.825,Assault
127021,129374,3,42.869,-78.809,Theft of Vehicle
127025,129378,3,42.846,-78.827,Assault
127031,129384,3,42.85,-78.803,Assault
127032,129385,3,42.889,-78.815,Breaking & Entering
127037,129391,3,42.853,-78.824,Theft
127039,129393,3,42.894,-78.837,Theft
127041,129395,3,42.89,-78.803,Assault
127061,129415,3,42.837,-78.826,Assault
127069,129424,3,42.896,-78.841,Theft
127071,129426,3,42.891,-78.835,Theft
127075,129430,3,42.869,-78.85,Robbery
127077,129432,3,42.872,-78.813,Theft of Vehicle
127084,129439,3,42.857,-78.833,Theft
127085,129440,3,42.856,-78.824,Theft
127088,129443,3,42.853,-78.802,Theft
127097,129452,3,42.847,-78.819,Theft
127100,129455,3,42.896,-78.824,Theft
127111,129466,3,42.835,-78.807,Theft
127114,129469,3,42.894,-78.83,Theft
127115,129470,3,42.851,-78.825,Theft
127117,129472,3,42.894,-78.829,Breaking & Entering
127129,129484,3,42.847,-78.833,Theft
127131,129486,3,42.891,-78.844,Breaking & Entering
127137,129493,3,42.896,-78.839,Breaking & Entering
127138,129494,3,42.887,-78.8,Theft
127140,129496,3,42.897,-78.84,Robbery
127144,129500,3,42.891,-78.83,Breaking & Entering
127149,129505,3,42.872,-78.801,Robbery
127153,129509,3,42.898,-78.807,Theft of Vehicle
127161,129517,3,42.842,-78.818,Breaking & Entering
127162,129518,3,42.895,-78.827,Robbery
127170,129526,3,42.888,-78.8,Theft
127173,129529,3,42.837,-78.825,Assault
127181,129537,3,42.857,-78.812,Theft
127185,129541,3,42.893,-78.831,Assault
127191,129547,3,42.891,-78.83,Assault
127195,129551,3,42.879,-78.835,Breaking & Entering
127197,129553,3,42.896,-78.814,Assault
127200,129556,3,42.893,-78.843,Breaking & Entering
127203,129559,3,42.86,-78.813,Assault
127205,129561,3,42.873,-78.827,Breaking & Entering
127206,129562,3,42.893,-78.839,Theft
127210,129566,3,42.896,-78.837,Robbery
127212,129568,3,42.898,-78.814,Theft of Vehicle
127217,129573,3,42.885,-78.814,Assault
127229,129585,3,42.859,-78.808,Breaking & Entering
127241,129597,3,42.898,-78.822,Assault
127264,129620,3,42.857,-78.815,Assault
127268,129624,3,42.854,-78.832,Breaking & Entering
127270,129626,3,42.895,-78.829,Breaking & Entering
127273,129629,3,42.895,-78.827,Theft
127290,129646,3,42.898,-78.814,Assault
127297,129654,3,42.898,-78.824,Breaking & Entering
127303,129660,3,42.873,-78.843,Theft of Vehicle
127310,129667,3,42.887,-78.816,Theft
127320,129677,3,42.895,-78.838,Robbery
127321,129678,3,42.897,-78.814,Theft
127324,129681,3,42.845,-78.832,Breaking & Entering
127326,129683,3,42.896,-78.803,Theft
127330,129687,3,42.888,-78.809,Theft of Vehicle
127333,129690,3,42.891,-78.826,Assault
127334,129691,3,42.894,-78.808,Breaking & Entering
127335,129692,3,42.858,-78.814,Theft
127344,129701,3,42.897,-78.839,Breaking & Entering
127350,129707,3,42.896,-78.842,Breaking & Entering
127362,129720,3,42.866,-78.822,Theft
127388,129746,3,42.887,-78.805,Theft
127400,129758,3,42.893,-78.837,Breaking & Entering
127409,129767,3,42.898,-78.8,Breaking & Entering
127412,129770,3,42.871,-78.83,Robbery
127417,129775,3,42.852,-78.812,Theft of Vehicle
127418,129776,3,42.855,-78.811,Theft
127421,129779,3,42.897,-78.836,Assault
127433,129791,3,42.896,-78.824,Breaking & Entering
127442,129800,3,42.833,-78.824,Assault
127451,129809,3,42.848,-78.824,Theft
127457,129815,3,42.858,-78.831,Theft
127460,129818,3,42.882,-78.83,Breaking & Entering
127474,129833,3,42.854,-78.82,Theft
127475,129834,3,42.896,-78.809,Theft
127476,129835,3,42.894,-78.84,Breaking & Entering
127478,129837,3,42.868,-78.849,Breaking & Entering
127483,129842,3,42.889,-78.837,Theft
127484,129843,3,42.898,-78.839,Assault
127495,129854,3,42.899,-78.831,Theft
127500,129859,3,42.869,-78.832,Theft
127507,129866,3,42.899,-78.815,Breaking & Entering
127512,129871,3,42.88,-78.814,Theft
127513,129872,3,42.889,-78.814,Other Sexual Offense
127520,129879,3,42.87,-78.852,Breaking & Entering
127523,129882,3,42.883,-78.839,Theft
127534,129893,3,42.859,-78.825,Theft
127535,129894,3,42.898,-78.816,Breaking & Entering
127539,129898,3,42.856,-78.832,Assault
127540,129899,3,42.877,-78.81,Theft
127547,129906,3,42.895,-78.836,Breaking & Entering
127548,129907,3,42.853,-78.808,Other Sexual Offense
127550,129909,3,42.897,-78.82,Robbery
127555,129914,3,42.858,-78.826,Assault
127561,129920,3,42.852,-78.811,Theft
127566,129925,3,42.858,-78.805,Theft
127573,129932,3,42.89,-78.812,Theft
127575,129934,3,42.892,-78.805,Theft
127576,129935,3,42.898,-78.832,Breaking & Entering
127578,129937,3,42.899,-78.833,Assault
127583,129942,3,42.868,-78.85,Breaking & Entering
127589,129948,3,42.842,-78.809,Assault
127590,129949,3,42.858,-78.831,Theft
127600,129960,3,42.89,-78.833,Assault
127605,129965,3,42.894,-78.828,Breaking & Entering
127611,129971,3,42.877,-78.828,Assault
127613,129973,3,42.861,-78.817,Assault
127618,129978,3,42.895,-78.831,Theft
127628,129989,3,42.888,-78.804,Theft
127639,130000,3,42.888,-78.837,Assault
127648,130009,3,42.859,-78.828,Theft
127651,130012,3,42.858,-78.825,Theft
127668,130029,3,42.846,-78.827,Assault
127673,130034,3,42.897,-78.822,Theft
127675,130036,3,42.888,-78.8,Breaking & Entering
127678,130039,3,42.893,-78.838,Robbery
127691,130052,3,42.897,-78.819,Theft
127701,130063,3,42.878,-78.836,Robbery
127707,130069,3,42.841,-78.826,Theft of Vehicle
127715,130077,3,42.895,-78.825,Theft
127717,130079,3,42.887,-78.805,Breaking & Entering
127718,130080,3,42.858,-78.811,Breaking & Entering
127719,130081,3,42.845,-78.822,Breaking & Entering
127722,130084,3,42.894,-78.822,Robbery
127740,130102,3,42.85,-78.82,Theft
127750,130112,3,42.89,-78.808,Assault
127754,130116,3,42.879,-78.8,Theft
127761,130123,3,42.893,-78.838,Theft
127765,130127,3,42.854,-78.816,Breaking & Entering
127766,130128,3,42.856,-78.807,Theft
127771,130133,3,42.896,-78.836,Theft
127781,130143,3,42.861,-78.801,Breaking & Entering
127785,130148,3,42.897,-78.809,Breaking & Entering
127786,130149,3,42.863,-78.813,Assault
127789,130152,3,42.86,-78.807,Theft
127791,130154,3,42.896,-78.837,Theft
127795,130158,3,42.842,-78.82,Breaking & Entering
127796,130159,3,42.849,-78.829,Breaking & Entering
127811,130174,3,42.867,-78.805,Theft
127817,130180,3,42.89,-78.8,Assault
127824,130187,3,42.888,-78.809,Assault
127831,130194,3,42.849,-78.802,Theft
127839,130203,3,42.893,-78.837,Theft
127843,130207,3,42.857,-78.835,Theft
127846,130210,3,42.897,-78.819,Assault
127855,130219,3,42.867,-78.847,Theft
127858,130222,3,42.889,-78.806,Assault
127861,130226,3,42.852,-78.832,Breaking & Entering
127862,130227,3,42.855,-78.811,Theft of Vehicle
127866,130231,3,42.867,-78.832,Assault
127871,130236,3,42.884,-78.824,Assault
127884,130249,3,42.898,-78.82,Theft of Vehicle
127890,130255,3,42.854,-78.825,Assault
127904,130269,3,42.89,-78.806,Breaking & Entering
127906,130271,3,42.887,-78.836,Assault
127910,130275,3,42.888,-78.809,Theft
127911,130276,3,42.889,-78.812,Theft of Vehicle
127912,130277,3,42.874,-78.802,Assault
127914,130280,3,42.854,-78.824,Theft
127918,130284,3,42.89,-78.802,Theft of Vehicle
127919,130285,3,42.873,-78.81,Breaking & Entering
127921,130287,3,42.888,-78.804,Breaking & Entering
127927,130293,3,42.857,-78.829,Assault
127934,130300,3,42.894,-78.824,Assault
127936,130302,3,42.851,-78.802,Breaking & Entering
127937,130303,3,42.858,-78.813,Theft
127938,130304,3,42.841,-78.809,Theft
127942,130308,3,42.854,-78.807,Breaking & Entering
127946,130312,3,42.892,-78.835,Breaking & Entering
127948,130314,3,42.893,-78.804,Theft
127950,130316,3,42.877,-78.811,Theft
127952,130318,3,42.861,-78.811,Theft
127965,130331,3,42.892,-78.811,Theft of Vehicle
127972,130338,3,42.895,-78.809,Robbery
127975,130341,3,42.866,-78.805,Theft
127983,130349,3,42.859,-78.818,Homicide
127987,130353,3,42.898,-78.815,Assault
127992,130358,3,42.892,-78.827,Theft
127995,130361,3,42.883,-78.835,Robbery
127997,130363,3,42.851,-78.81,Assault
128002,130368,3,42.874,-78.809,Assault
128005,130371,3,42.876,-78.807,Theft
128015,130381,3,42.848,-78.822,Assault
128017,130383,3,42.856,-78.811,Assault
128030,130397,3,42.898,-78.807,Theft
128034,130401,3,42.84,-78.819,Theft
128038,130405,3,42.876,-78.827,Theft of Vehicle
128040,130407,3,42.888,-78.802,Assault
128046,130413,3,42.847,-78.816,Breaking & Entering
128052,130419,3,42.893,-78.803,Assault
128056,130423,3,42.889,-78.835,Assault
128057,130424,3,42.878,-78.848,Robbery
128063,130430,3,42.858,-78.816,Breaking & Entering
128084,130452,3,42.866,-78.848,Theft
128090,130458,3,42.895,-78.834,Theft
128092,130460,3,42.855,-78.831,Breaking & Entering
128097,130465,3,42.885,-78.81,Theft
128104,130472,3,42.895,-78.807,Theft
128109,130477,3,42.892,-78.809,Theft of Vehicle
128110,130478,3,42.837,-78.804,Theft
128112,130480,3,42.882,-78.8,Theft
128115,130483,3,42.89,-78.809,Theft of Vehicle
128117,130485,3,42.85,-78.82,Robbery
128121,130489,3,42.896,-78.836,Assault
128137,130505,3,42.897,-78.804,Breaking & Entering
128146,130514,3,42.855,-78.831,Theft
128149,130517,3,42.852,-78.821,Breaking & Entering
128151,130519,3,42.866,-78.821,Breaking & Entering
128152,130520,3,42.894,-78.805,Breaking & Entering
128153,130521,3,42.858,-78.813,Assault
128165,130533,3,42.883,-78.835,Theft
128166,130534,3,42.858,-78.819,Assault
128169,130537,3,42.888,-78.808,Robbery
128173,130541,3,42.879,-78.838,Robbery
128176,130544,3,42.855,-78.818,Assault
128182,130550,3,42.861,-78.81,Theft
128185,130553,3,42.852,-78.802,Breaking & Entering
128187,130555,3,42.888,-78.802,Theft
128198,130566,3,42.883,-78.844,Theft
128219,130587,3,42.837,-78.808,Theft of Vehicle
128232,130600,3,42.887,-78.803,Homicide
128241,130609,3,42.898,-78.831,Theft
128243,130611,3,42.895,-78.816,Breaking & Entering
128264,130632,3,42.895,-78.822,Theft
128266,130634,3,42.895,-78.838,Breaking & Entering
128267,130635,3,42.892,-78.804,Theft
128279,130648,3,42.892,-78.833,Breaking & Entering
128283,130652,3,42.894,-78.835,Assault
128285,130654,3,42.837,-78.823,Theft
128288,130657,3,42.896,-78.802,Assault
128292,130661,3,42.856,-78.833,Breaking & Entering
128305,130674,3,42.869,-78.806,Assault
128314,130683,3,42.857,-78.812,Assault
128322,130691,3,42.894,-78.835,Theft
128328,130697,3,42.895,-78.839,Assault
128330,130699,3,42.835,-78.823,Theft
128336,130705,3,42.875,-78.826,Theft
128343,130712,3,42.847,-78.811,Assault
128347,130716,3,42.874,-78.824,Assault
128358,130727,3,42.88,-78.843,Theft
128362,130731,3,42.856,-78.809,Theft
128363,130732,3,42.891,-78.838,Assault
128368,130737,3,42.833,-78.818,Assault
128369,130738,3,42.899,-78.837,Theft
128376,130745,3,42.884,-78.824,Assault
128378,130747,3,42.855,-78.833,Theft
128386,130755,3,42.883,-78.832,Theft
128391,130760,3,42.862,-78.819,Robbery
128396,130767,3,42.887,-78.845,Breaking & Entering
128400,130772,3,42.893,-78.842,Breaking & Entering
128417,130789,3,42.886,-78.819,Theft
128422,130794,3,42.891,-78.831,Breaking & Entering
128423,130795,3,42.894,-78.83,Assault
128424,130796,3,42.885,-78.806,Breaking & Entering
128428,130800,3,42.844,-78.826,Assault
128443,130815,3,42.86,-78.808,Assault
128471,130843,3,42.887,-78.815,Assault
128472,130845,3,42.869,-78.817,Breaking & Entering
128474,130847,3,42.858,-78.807,Assault
128486,130860,3,42.886,-78.82,Theft of Vehicle
128495,130869,3,42.889,-78.836,Breaking & Entering
128499,130873,3,42.862,-78.815,Breaking & Entering
128500,130874,3,42.86,-78.806,Assault
128513,130887,3,42.856,-78.824,Theft
128520,130894,3,42.869,-78.829,Theft
128524,130898,3,42.845,-78.824,Theft
128541,130915,3,42.88,-78.842,Theft
128546,130920,3,42.897,-78.817,Theft
128552,130926,3,42.848,-78.813,Theft of Vehicle
128557,130931,3,42.897,-78.816,Theft
128558,130932,3,42.869,-78.805,Theft
128562,130936,3,42.889,-78.808,Theft
128568,130942,3,42.85,-78.803,Theft
128572,130946,3,42.898,-78.816,Breaking & Entering
128574,130948,3,42.867,-78.849,Breaking & Entering
128581,130955,3,42.883,-78.834,Theft
128587,130961,3,42.87,-78.811,Theft
128592,130966,3,42.847,-78.838,Breaking & Entering
128597,130971,3,42.838,-78.824,Robbery
128599,130973,3,42.857,-78.803,Assault
128601,130975,3,42.895,-78.839,Theft of Vehicle
128604,130978,3,42.889,-78.811,Theft
128605,130979,3,42.896,-78.814,Theft
128611,130985,3,42.892,-78.827,Breaking & Entering
128617,130991,3,42.872,-78.804,Breaking & Entering
128618,130992,3,42.85,-78.831,Breaking & Entering
128620,130994,3,42.883,-78.842,Theft
128621,130995,3,42.891,-78.809,Breaking & Entering
128624,130998,3,42.858,-78.831,Theft
128640,131014,3,42.854,-78.814,Theft
128643,131017,3,42.846,-78.834,Assault
128656,131030,3,42.872,-78.805,Theft
128665,131039,3,42.842,-78.805,Theft
128670,131044,3,42.875,-78.83,Breaking & Entering
128673,131047,3,42.833,-78.821,Assault
128679,131053,3,42.854,-78.825,Theft
128680,131054,3,42.898,-78.816,Assault
128686,131060,3,42.882,-78.835,Breaking & Entering
128689,131063,3,42.87,-78.808,Breaking & Entering
128694,131068,3,42.856,-78.824,Theft
128698,131073,3,42.876,-78.824,Theft of Vehicle
128705,131080,3,42.857,-78.835,Breaking & Entering
128710,131085,3,42.894,-78.823,Assault
128713,131088,3,42.853,-78.804,Theft
128717,131092,3,42.851,-78.827,Assault
128727,131102,3,42.89,-78.804,Assault
128731,131106,3,42.854,-78.811,Assault
128733,131108,3,42.891,-78.802,Assault
128734,131109,3,42.846,-78.83,Breaking & Entering
128735,131110,3,42.892,-78.838,Assault
128740,131115,3,42.898,-78.82,Theft
128743,131118,3,42.898,-78.815,Theft
128744,131119,3,42.89,-78.832,Breaking & Entering
128750,131125,3,42.873,-78.812,Assault
128751,131126,3,42.893,-78.821,Breaking & Entering
128753,131128,3,42.869,-78.833,Assault
128759,131134,3,42.876,-78.827,Assault
128765,131140,3,42.883,-78.835,Breaking & Entering
128768,131143,3,42.848,-78.827,Theft
128773,131148,3,42.884,-78.833,Theft
128777,131152,3,42.886,-78.805,Assault
128788,131163,3,42.847,-78.822,Theft
128792,131167,3,42.84,-78.803,Theft
128800,131175,3,42.898,-78.801,Breaking & Entering
128802,131177,3,42.85,-78.803,Theft
128803,131178,3,42.877,-78.841,Breaking & Entering
128805,131180,3,42.848,-78.832,Breaking & Entering
128807,131182,3,42.852,-78.822,Theft
128809,131184,3,42.898,-78.807,Theft
128822,131197,3,42.872,-78.803,Assault
128825,131200,3,42.889,-78.836,Robbery
128832,131207,3,42.854,-78.834,Breaking & Entering
128838,131213,3,42.866,-78.83,Theft
128839,131214,3,42.842,-78.82,Assault
128847,131222,3,42.87,-78.809,Theft of Vehicle
128851,131226,3,42.859,-78.835,Theft
128859,131234,3,42.897,-78.816,Breaking & Entering
128865,131240,3,42.852,-78.827,Theft
128871,131246,3,42.861,-78.802,Theft
128873,131248,3,42.887,-78.803,Assault
128875,131250,3,42.895,-78.829,Robbery
128888,131263,3,42.893,-78.841,Assault
128895,131270,3,42.895,-78.829,Theft
128905,131280,3,42.854,-78.809,Theft
128909,131284,3,42.864,-78.825,Assault
128913,131288,3,42.843,-78.828,Theft
128916,131291,3,42.855,-78.809,Breaking & Entering
128927,131302,3,42.848,-78.824,Assault
128930,131305,3,42.89,-78.813,Assault
128936,131311,3,42.899,-78.818,Theft
128938,131313,3,42.847,-78.833,Theft
128941,131316,3,42.848,-78.824,Assault
128943,131318,3,42.858,-78.825,Assault
128946,131321,3,42.849,-78.802,Theft
128947,131322,3,42.872,-78.801,Assault
128949,131324,3,42.852,-78.818,Breaking & Entering
128953,131328,3,42.842,-78.832,Assault
128956,131331,3,42.873,-78.825,Theft
128957,131332,3,42.848,-78.824,Theft
128962,131337,3,42.853,-78.828,Robbery
128966,131341,3,42.835,-78.809,Theft
128967,131342,3,42.887,-78.816,Breaking & Entering
128968,131343,3,42.89,-78.809,Theft
128969,131344,3,42.896,-78.823,Breaking & Entering
128972,131348,3,42.898,-78.807,Theft
128980,131356,3,42.856,-78.828,Assault
128990,131366,3,42.848,-78.832,Breaking & Entering
128991,131367,3,42.872,-78.821,Theft
128992,131368,3,42.868,-78.808,Assault
128998,131374,3,42.858,-78.831,Theft
129003,131380,3,42.848,-78.824,Assault
129008,131385,3,42.863,-78.816,Theft
129012,131389,3,42.872,-78.852,Theft
129017,131394,3,42.896,-78.836,Assault
129019,131396,3,42.896,-78.825,Assault
129026,131404,3,42.897,-78.814,Theft of Vehicle
129043,131422,3,42.854,-78.803,Theft
129050,131429,3,42.871,-78.811,Breaking & Entering
129056,131436,3,42.85,-78.814,Breaking & Entering
129060,131440,3,42.852,-78.809,Breaking & Entering
129062,131442,3,42.89,-78.801,Assault
129063,131443,3,42.888,-78.805,Breaking & Entering
129067,131447,3,42.877,-78.833,Assault
129069,131449,3,42.897,-78.834,Theft
129071,131451,3,42.889,-78.808,Theft
129078,131458,3,42.857,-78.812,Theft
129088,131469,3,42.896,-78.827,Breaking & Entering
129091,131472,3,42.883,-78.83,Theft
129108,131489,3,42.896,-78.816,Assault
129115,131497,3,42.85,-78.832,Assault
129116,131498,3,42.852,-78.826,Breaking & Entering
129117,131499,3,42.888,-78.81,Assault
129118,131500,3,42.871,-78.837,Theft of Vehicle
129119,131501,3,42.848,-78.824,Theft
129123,131505,3,42.896,-78.807,Assault
129132,131514,3,42.87,-78.846,Theft
129143,131525,3,42.897,-78.818,Theft
129145,131527,3,42.893,-78.827,Theft
129147,131529,3,42.896,-78.816,Assault
129158,131540,3,42.896,-78.827,Sexual Assault
129160,131542,3,42.885,-78.844,Breaking & Entering
129162,131544,3,42.835,-78.817,Theft of Vehicle
129164,131546,3,42.845,-78.812,Assault
129165,131547,3,42.853,-78.811,Breaking & Entering
129167,131549,3,42.849,-78.863,Theft
129169,131551,3,42.858,-78.834,Breaking & Entering
129173,131555,3,42.871,-78.834,Theft
129175,131557,3,42.898,-78.836,Robbery
129183,131565,3,42.898,-78.807,Theft of Vehicle
129194,131576,3,42.855,-78.821,Breaking & Entering
129205,131587,3,42.89,-78.806,Breaking & Entering
129210,131592,3,42.844,-78.825,Theft
129216,131598,3,42.899,-78.818,Theft
129220,131602,3,42.896,-78.838,Breaking & Entering
129225,131607,3,42.894,-78.835,Assault
129227,131609,3,42.849,-78.823,Assault
129229,131611,3,42.882,-78.833,Assault
129232,131614,3,42.858,-78.831,Assault
129246,131628,3,42.86,-78.811,Theft
129253,131635,3,42.894,-78.832,Assault
129267,131649,3,42.836,-78.824,Theft
129275,131657,3,42.865,-78.823,Sexual Assault
129286,131668,3,42.893,-78.822,Breaking & Entering
129300,131682,3,42.886,-78.814,Theft
129303,131685,3,42.848,-78.824,Assault
129308,131690,3,42.89,-78.805,Assault
129320,131702,3,42.873,-78.81,Breaking & Entering
129328,131710,3,42.861,-78.807,Theft of Vehicle
129336,131718,3,42.886,-78.837,Breaking & Entering
129340,131722,3,42.828,-78.83,Assault
129342,131724,3,42.889,-78.84,Theft
129344,131726,3,42.851,-78.81,Theft
129347,131729,3,42.845,-78.825,Theft
129353,131735,3,42.872,-78.813,Assault
129354,131736,3,42.898,-78.807,Theft
129374,131756,3,42.851,-78.801,Breaking & Entering
129381,131763,3,42.892,-78.81,Breaking & Entering
129399,131782,3,42.89,-78.803,Theft
129405,131788,3,42.898,-78.807,Theft
129406,131789,3,42.842,-78.816,Breaking & Entering
129421,131805,3,42.87,-78.805,Theft
129423,131807,3,42.859,-78.82,Theft
129426,131810,3,42.843,-78.829,Breaking & Entering
129427,131811,3,42.897,-78.8,Theft
129432,131816,3,42.859,-78.858,Breaking & Entering
129449,131834,3,42.881,-78.834,Theft of Vehicle
129451,131836,3,42.899,-78.822,Assault
129454,131839,3,42.896,-78.806,Breaking & Entering
129458,131843,3,42.855,-78.806,Breaking & Entering
129459,131844,3,42.89,-78.801,Assault
129465,131851,3,42.851,-78.831,Theft
129469,131855,3,42.879,-78.838,Theft
129479,131865,3,42.893,-78.841,Theft
129482,131868,3,42.892,-78.844,Assault
129484,131870,3,42.896,-78.805,Assault
129486,131872,3,42.855,-78.81,Theft
129489,131875,3,42.859,-78.835,Breaking & Entering
129493,131879,3,42.886,-78.82,Breaking & Entering
129494,131880,3,42.873,-78.844,Theft
129497,131883,3,42.85,-78.803,Assault
129498,131884,3,42.89,-78.801,Theft
129500,131886,3,42.88,-78.842,Assault
129505,131891,3,42.895,-78.822,Breaking & Entering
129515,131902,3,42.854,-78.808,Assault
129522,131909,3,42.851,-78.827,Other Sexual Offense
129524,131911,3,42.853,-78.824,Theft
129532,131919,3,42.848,-78.813,Theft
129534,131921,3,42.867,-78.804,Theft
129542,131929,3,42.857,-78.812,Theft
129544,131931,3,42.87,-78.808,Breaking & Entering
129551,131938,3,42.833,-78.822,Assault
129552,131939,3,42.893,-78.839,Other Sexual Offense
129554,131941,3,42.896,-78.818,Assault
129555,131942,3,42.888,-78.809,Assault
129557,131944,3,42.845,-78.86,Theft
129559,131946,3,42.894,-78.806,Theft
129561,131948,3,42.893,-78.839,Theft
129563,131950,3,42.894,-78.841,Assault
129566,131953,3,42.898,-78.839,Assault
129573,131960,3,42.88,-78.844,Breaking & Entering
129576,131963,3,42.892,-78.827,Breaking & Entering
129590,131977,3,42.858,-78.817,Breaking & Entering
129599,131986,3,42.878,-78.816,Assault
129601,131988,3,42.893,-78.84,Theft
129606,131993,3,42.854,-78.82,Assault
129611,131998,3,42.872,-78.8,Assault
129615,132002,3,42.854,-78.808,Assault
129616,132003,3,42.859,-78.824,Breaking & Entering
129618,132005,3,42.891,-78.831,Theft of Vehicle
129633,132022,3,42.85,-78.815,Theft
129641,132030,3,42.86,-78.809,Assault
129646,132035,3,42.874,-78.817,Assault
129652,132041,3,42.844,-78.825,Breaking & Entering
129653,132042,3,42.853,-78.803,Breaking & Entering
129666,132055,3,42.867,-78.851,Other Sexual Offense
129670,132059,3,42.867,-78.849,Breaking & Entering
129671,132060,3,42.889,-78.81,Assault
129681,132070,3,42.876,-78.823,Breaking & Entering
129686,132075,3,42.871,-78.833,Breaking & Entering
129709,132098,3,42.87,-78.834,Other Sexual Offense
129716,132105,3,42.897,-78.807,Theft
129720,132109,3,42.88,-78.846,Breaking & Entering
129723,132112,3,42.891,-78.836,Assault
129725,132114,3,42.897,-78.819,Assault
129727,132116,3,42.834,-78.818,Theft
129734,132123,3,42.897,-78.814,Assault
129736,132125,3,42.895,-78.838,Assault
129737,132126,3,42.847,-78.801,Theft
129741,132130,3,42.848,-78.829,Theft
129743,132132,3,42.899,-78.823,Breaking & Entering
129749,132138,3,42.871,-78.834,Theft
129753,132142,3,42.894,-78.835,Theft
129768,132157,3,42.881,-78.801,Theft
129785,132174,3,42.896,-78.83,Theft of Vehicle
129788,132177,3,42.858,-78.815,Breaking & Entering
129795,132184,3,42.892,-78.842,Assault
129802,132192,3,42.846,-78.826,Theft
129812,132202,3,42.895,-78.827,Robbery
129816,132206,3,42.896,-78.82,Assault
129819,132209,3,42.853,-78.808,Theft
129823,132213,3,42.872,-78.85,Breaking & Entering
129825,132215,3,42.868,-78.847,Breaking & Entering
129827,132217,3,42.849,-78.832,Theft
129828,132218,3,42.853,-78.828,Breaking & Entering
129831,132221,3,42.841,-78.824,Theft
129845,132235,3,42.852,-78.806,Breaking & Entering
129848,132238,3,42.895,-78.823,Breaking & Entering
129855,132245,3,42.841,-78.822,Assault
129856,132246,3,42.868,-78.81,Theft
129869,132259,3,42.852,-78.823,Breaking & Entering
129880,132270,3,42.896,-78.809,Other Sexual Offense
129891,132281,3,42.856,-78.81,Assault
129895,132285,3,42.856,-78.81,Breaking & Entering
129896,132286,3,42.853,-78.81,Breaking & Entering
129899,132289,3,42.886,-78.844,Theft
129910,132300,3,42.895,-78.804,Assault
129911,132301,3,42.876,-78.816,Breaking & Entering
129919,132309,3,42.898,-78.819,Breaking & Entering
129928,132319,3,42.898,-78.807,Theft
129933,132325,3,42.87,-78.847,Breaking & Entering
129942,132334,3,42.837,-78.82,Theft
129958,132352,3,42.851,-78.822,Theft of Vehicle
129960,132354,3,42.896,-78.826,Breaking & Entering
129963,132357,3,42.89,-78.802,Robbery
129972,132367,3,42.889,-78.844,Theft
129973,132368,3,42.894,-78.834,Assault
129976,132371,3,42.848,-78.812,Assault
129982,132377,3,42.887,-78.837,Theft
129987,132382,3,42.854,-78.816,Theft
129988,132383,3,42.869,-78.83,Assault
129989,132384,3,42.89,-78.842,Theft
129991,132386,3,42.896,-78.817,Theft
129999,132394,3,42.896,-78.841,Breaking & Entering
130012,132407,3,42.85,-78.821,Theft
130017,132412,3,42.856,-78.811,Assault
130020,132415,3,42.846,-78.832,Theft
130021,132416,3,42.855,-78.801,Theft
130028,132423,3,42.85,-78.814,Theft
130030,132425,3,42.87,-78.836,Breaking & Entering
130033,132428,3,42.872,-78.801,Robbery
130034,132429,3,42.842,-78.818,Theft
130037,132432,3,42.897,-78.805,Theft
130066,132461,3,42.885,-78.84,Robbery
130069,132464,3,42.886,-78.839,Theft
130072,132467,3,42.855,-78.81,Theft of Vehicle
130073,132468,3,42.87,-78.846,Assault
130075,132470,3,42.882,-78.843,Breaking & Entering
130076,132471,3,42.841,-78.825,Breaking & Entering
130077,132472,3,42.86,-78.825,Theft
130080,132475,3,42.871,-78.821,Assault
130087,132482,3,42.869,-78.836,Assault
130088,132483,3,42.891,-78.837,Assault
130091,132486,3,42.847,-78.824,Theft
130100,132495,3,42.849,-78.812,Assault
130101,132496,3,42.845,-78.825,Theft of Vehicle
130105,132500,3,42.897,-78.818,Theft
130107,132502,3,42.879,-78.802,Theft
130130,132526,3,42.893,-78.839,Theft
130135,132531,3,42.894,-78.822,Breaking & Entering
130143,132539,3,42.855,-78.812,Theft
130147,132543,3,42.858,-78.832,Theft
130162,132558,3,42.856,-78.811,Theft
130163,132559,3,42.852,-78.819,Theft
130170,132566,3,42.885,-78.814,Theft
130182,132579,3,42.869,-78.831,Other Sexual Offense
130216,132613,3,42.898,-78.819,Theft
130220,132617,3,42.855,-78.817,Theft
130226,132623,3,42.855,-78.81,Theft
130227,132624,3,42.853,-78.807,Theft
130245,132642,3,42.856,-78.825,Theft
130247,132644,3,42.854,-78.807,Breaking & Entering
130256,132653,3,42.847,-78.801,Breaking & Entering
130264,132661,3,42.886,-78.837,Breaking & Entering
130268,132665,3,42.85,-78.803,Assault
130273,132670,3,42.872,-78.842,Theft
130277,132674,3,42.856,-78.828,Breaking & Entering
130281,132678,3,42.888,-78.841,Breaking & Entering
130294,132691,3,42.875,-78.805,Theft
130299,132696,3,42.879,-78.84,Assault
130303,132700,3,42.883,-78.836,Robbery
130307,132704,3,42.851,-78.833,Breaking & Entering
130308,132705,3,42.845,-78.823,Theft
130316,132713,3,42.879,-78.838,Theft of Vehicle
130318,132715,3,42.895,-78.824,Theft
130326,132723,3,42.892,-78.825,Theft of Vehicle
130327,132724,3,42.841,-78.81,Assault
130328,132725,3,42.848,-78.832,Robbery
130335,132732,3,42.892,-78.83,Theft of Vehicle
130337,132734,3,42.896,-78.804,Breaking & Entering
130355,132752,3,42.885,-78.838,Assault
130363,132760,3,42.837,-78.827,Robbery
130364,132761,3,42.837,-78.812,Assault
130371,132768,3,42.888,-78.808,Breaking & Entering
130377,132774,3,42.866,-78.848,Theft
130385,132782,3,42.871,-78.815,Assault
130390,132787,3,42.898,-78.807,Theft
130399,132796,3,42.871,-78.832,Assault
130409,132806,3,42.856,-78.81,Theft
130411,132808,3,42.898,-78.808,Breaking & Entering
130419,132816,3,42.89,-78.803,Theft
130420,132817,3,42.855,-78.81,Assault
130423,132820,3,42.856,-78.802,Theft
130424,132821,3,42.885,-78.814,Robbery
130427,132824,3,42.858,-78.813,Theft of Vehicle
130444,132841,3,42.893,-78.839,Theft
130452,132849,3,42.856,-78.808,Breaking & Entering
130464,132861,3,42.853,-78.805,Assault
130466,132863,3,42.869,-78.808,Assault
130469,132866,3,42.871,-78.851,Other Sexual Offense
130483,132880,3,42.841,-78.824,Theft
130492,132889,3,42.853,-78.828,Breaking & Entering
130495,132892,3,42.897,-78.838,Breaking & Entering
130511,132908,3,42.855,-78.827,Assault
130512,132909,3,42.869,-78.831,Breaking & Entering
130517,132914,3,42.879,-78.836,Assault
130532,132929,3,42.87,-78.8,Assault
130536,132933,3,42.898,-78.831,Theft
130537,132934,3,42.837,-78.824,Theft
130538,132935,3,42.858,-78.823,Breaking & Entering
130544,132941,3,42.89,-78.832,Breaking & Entering
130545,132942,3,42.894,-78.834,Theft of Vehicle
130553,132950,3,42.857,-78.825,Other Sexual Offense
130555,132952,3,42.847,-78.824,Assault
130557,132954,3,42.897,-78.826,Breaking & Entering
130561,132958,3,42.857,-78.829,Assault
130562,132959,3,42.898,-78.815,Breaking & Entering
130573,132970,3,42.858,-78.82,Theft
130576,132973,3,42.868,-78.849,Theft
130580,132977,3,42.857,-78.83,Theft
130582,132979,3,42.853,-78.808,Theft
130583,132980,3,42.87,-78.849,Assault
130589,132986,3,42.878,-78.834,Breaking & Entering
130590,132987,3,42.853,-78.824,Robbery
130606,133003,3,42.841,-78.824,Theft
130618,133015,3,42.852,-78.801,Assault
130620,133017,3,42.867,-78.851,Robbery
130622,133019,3,42.898,-78.819,Assault
130626,133023,3,42.872,-78.809,Theft
130629,133026,3,42.841,-78.809,Robbery
130630,133027,3,42.856,-78.809,Theft
130632,133029,3,42.891,-78.833,Theft
130634,133031,3,42.889,-78.81,Assault
130637,133034,3,42.855,-78.807,Assault
130645,133042,3,42.844,-78.824,Assault
130646,133043,3,42.851,-78.806,Assault
130652,133049,3,42.884,-78.829,Theft
130654,133051,3,42.851,-78.803,Breaking & Entering
130660,133057,3,42.852,-78.817,Theft
130666,133063,3,42.894,-78.805,Assault
130668,133065,3,42.887,-78.815,Theft
130670,133067,3,42.89,-78.832,Assault
130675,133072,3,42.85,-78.803,Assault
130676,133073,3,42.89,-78.809,Breaking & Entering
130680,133077,3,42.871,-78.835,Breaking & Entering
130682,133079,3,42.833,-78.815,Assault
130683,133080,3,42.872,-78.811,Theft
130684,133081,3,42.855,-78.826,Assault
130716,133113,3,42.85,-78.815,Robbery
130718,133115,3,42.899,-78.818,Breaking & Entering
130722,133119,3,42.835,-78.805,Breaking & Entering
130728,133125,3,42.87,-78.851,Theft
130730,133127,3,42.855,-78.809,Assault
130731,133128,3,42.854,-78.801,Assault
130732,133129,3,42.868,-78.802,Theft
130743,133140,3,42.873,-78.81,Assault
130744,133141,3,42.898,-78.807,Theft
130745,133142,3,42.899,-78.821,Assault
130746,133143,3,42.893,-78.832,Robbery
130750,133147,3,42.892,-78.833,Breaking & Entering
130763,133160,3,42.848,-78.824,Assault
130781,133178,3,42.852,-78.824,Breaking & Entering
130783,133180,3,42.898,-78.816,Theft
130790,133187,3,42.897,-78.835,Assault
130799,133197,3,42.899,-78.836,Theft
130811,133209,3,42.849,-78.802,Theft
130814,133212,3,42.857,-78.807,Breaking & Entering
130820,133219,3,42.844,-78.824,Breaking & Entering
130821,133220,3,42.871,-78.833,Theft
130822,133221,3,42.879,-78.836,Theft
130841,133240,3,42.898,-78.841,Assault
130842,133241,3,42.855,-78.808,Theft
130844,133243,3,42.896,-78.82,Assault
130846,133245,3,42.842,-78.823,Theft
130847,133246,3,42.841,-78.824,Theft
130857,133256,3,42.858,-78.831,Theft
130858,133257,3,42.853,-78.83,Theft
130863,133262,3,42.861,-78.813,Theft
130865,133264,3,42.891,-78.826,Theft of Vehicle
130872,133271,3,42.891,-78.806,Theft of Vehicle
130889,133288,3,42.884,-78.835,Theft
130893,133293,3,42.899,-78.83,Theft
130906,133306,3,42.89,-78.808,Assault
130909,133309,3,42.899,-78.818,Breaking & Entering
130910,133310,3,42.898,-78.814,Theft of Vehicle
130914,133314,3,42.879,-78.845,Theft
130915,133315,3,42.887,-78.809,Other Sexual Offense
130927,133327,3,42.85,-78.823,Breaking & Entering
130932,133332,3,42.861,-78.82,Assault
130933,133333,3,42.856,-78.829,Breaking & Entering
130940,133340,3,42.872,-78.82,Assault
130941,133341,3,42.897,-78.814,Breaking & Entering
130954,133354,3,42.894,-78.834,Theft of Vehicle
130955,133355,3,42.852,-78.83,Breaking & Entering
130956,133356,3,42.858,-78.813,Theft
130968,133368,3,42.894,-78.834,Breaking & Entering
130971,133371,3,42.894,-78.809,Assault
130974,133374,3,42.896,-78.816,Assault
130978,133378,3,42.898,-78.831,Theft
130988,133388,3,42.851,-78.817,Theft
130989,133389,3,42.858,-78.822,Theft of Vehicle
130990,133390,3,42.895,-78.803,Assault
130991,133391,3,42.869,-78.831,Theft
130993,133393,3,42.867,-78.849,Theft of Vehicle
131002,133402,3,42.857,-78.812,Robbery
131004,133404,3,42.89,-78.811,Assault
131010,133410,3,42.867,-78.8,Theft
131016,133416,3,42.848,-78.823,Assault
131024,133424,3,42.894,-78.843,Assault
131027,133427,3,42.895,-78.833,Breaking & Entering
131036,133436,3,42.848,-78.824,Assault
131040,133440,3,42.897,-78.825,Theft
131041,133441,3,42.898,-78.807,Theft
131080,133480,3,42.89,-78.8,Assault
131089,133489,3,42.832,-78.814,Theft
131090,133490,3,42.899,-78.819,Assault
131093,133493,3,42.849,-78.814,Assault
131096,133496,3,42.839,-78.817,Theft of Vehicle
131118,133519,3,42.888,-78.809,Assault
131131,133532,3,42.893,-78.838,Robbery
131133,133534,3,42.856,-78.811,Assault
131139,133540,3,42.848,-78.824,Theft
131144,133545,3,42.889,-78.836,Theft
131150,133551,3,42.885,-78.811,Theft
131159,133560,3,42.885,-78.839,Robbery
131160,133561,3,42.852,-78.823,Theft
131162,133563,3,42.898,-78.817,Breaking & Entering
131163,133564,3,42.866,-78.851,Theft
131182,133583,3,42.836,-78.816,Theft of Vehicle
131189,133590,3,42.844,-78.826,Theft
131190,133591,3,42.852,-78.806,Assault
131191,133592,3,42.856,-78.824,Theft
131200,133601,3,42.859,-78.828,Theft
131206,133607,3,42.889,-78.837,Breaking & Entering
131217,133618,3,42.896,-78.825,Robbery
131219,133620,3,42.869,-78.831,Breaking & Entering
131224,133625,3,42.892,-78.834,Assault
131230,133631,3,42.873,-78.85,Theft
131235,133636,3,42.843,-78.82,Assault
131247,133649,3,42.886,-78.843,Assault
131250,133652,3,42.898,-78.831,Assault
131265,133667,3,42.885,-78.805,Breaking & Entering
131266,133668,3,42.847,-78.832,Breaking & Entering
131270,133672,3,42.875,-78.824,Breaking & Entering
131274,133676,3,42.863,-78.801,Theft
131275,133677,3,42.891,-78.8,Theft of Vehicle
131277,133679,3,42.879,-78.834,Theft
131279,133681,3,42.872,-78.806,Theft of Vehicle
131288,133691,3,42.88,-78.84,Theft
131289,133692,3,42.894,-78.82,Theft
131291,133694,3,42.875,-78.843,Theft of Vehicle
131300,133703,3,42.856,-78.828,Assault
131304,133707,3,42.847,-78.811,Theft
131319,133722,3,42.896,-78.826,Theft
131323,133726,3,42.841,-78.812,Theft
131326,133729,3,42.857,-78.821,Breaking & Entering
131336,133739,3,42.847,-78.824,Assault
131338,133741,3,42.842,-78.821,Assault
131339,133742,3,42.841,-78.824,Theft
131346,133749,3,42.886,-78.842,Assault
131349,133752,3,42.886,-78.807,Assault
131350,133753,3,42.888,-78.838,Assault
131354,133757,3,42.896,-78.815,Theft
131369,133772,3,42.851,-78.802,Theft of Vehicle
131372,133775,3,42.888,-78.814,Theft of Vehicle
131375,133778,3,42.885,-78.801,Assault
131378,133781,3,42.899,-78.817,Theft of Vehicle
131379,133782,3,42.879,-78.833,Theft
131382,133785,3,42.874,-78.811,Assault
131384,133787,3,42.859,-78.808,Theft
131385,133788,3,42.894,-78.826,Assault
131389,133792,3,42.873,-78.825,Breaking & Entering
131391,133794,3,42.853,-78.803,Assault
131392,133795,3,42.853,-78.824,Assault
131396,133799,3,42.85,-78.802,Breaking & Entering
131417,133820,3,42.887,-78.837,Assault
131420,133823,3,42.858,-78.831,Theft
131422,133825,3,42.861,-78.859,Theft
131424,133827,3,42.852,-78.805,Theft
131426,133829,3,42.896,-78.819,Assault
131431,133834,3,42.872,-78.805,Theft
131432,133835,3,42.851,-78.825,Assault
131437,133840,3,42.868,-78.837,Breaking & Entering
131438,133841,3,42.856,-78.809,Assault
131440,133843,3,42.898,-78.815,Theft
131446,133849,3,42.887,-78.843,Theft
131451,133854,3,42.882,-78.841,Theft
131456,133859,3,42.854,-78.806,Theft
131485,133888,3,42.847,-78.801,Assault
131487,133890,3,42.834,-78.816,Breaking & Entering
131493,133896,3,42.871,-78.837,Theft
131509,133913,3,42.89,-78.804,Assault
131511,133915,3,42.887,-78.801,Other Sexual Offense
131512,133916,3,42.857,-78.812,Robbery
131513,133917,3,42.886,-78.844,Other Sexual Offense
131516,133920,3,42.856,-78.807,Assault
131525,133930,3,42.869,-78.846,Theft of Vehicle
131526,133931,3,42.866,-78.807,Assault
131528,133933,3,42.836,-78.818,Theft
131530,133935,3,42.86,-78.807,Theft
131534,133939,3,42.899,-78.815,Breaking & Entering
131538,133943,3,42.858,-78.805,Theft
131544,133949,3,42.881,-78.84,Assault
131547,133952,3,42.884,-78.839,Theft
131548,133953,3,42.86,-78.814,Assault
131558,133963,3,42.868,-78.808,Theft
131560,133966,3,42.892,-78.803,Theft of Vehicle
131563,133969,3,42.828,-78.83,Theft
131565,133971,3,42.896,-78.821,Theft of Vehicle
131567,133973,3,42.848,-78.823,Breaking & Entering
131580,133986,3,42.853,-78.824,Theft
131587,133993,3,42.894,-78.821,Breaking & Entering
131607,134013,3,42.893,-78.843,Breaking & Entering
131609,134015,3,42.886,-78.841,Theft of Vehicle
131610,134016,3,42.89,-78.802,Breaking & Entering
131611,134017,3,42.838,-78.833,Theft
131617,134023,3,42.847,-78.833,Theft
131620,134026,3,42.858,-78.813,Theft of Vehicle
131634,134040,3,42.881,-78.841,Assault
131643,134049,3,42.854,-78.82,Breaking & Entering
131644,134050,3,42.833,-78.824,Theft
131666,134072,3,42.867,-78.847,Assault
131667,134073,3,42.893,-78.84,Breaking & Entering
131702,134110,3,42.876,-78.825,Theft of Vehicle
131705,134113,3,42.899,-78.823,Theft
131706,134114,3,42.892,-78.84,Assault
131707,134115,3,42.847,-78.824,Assault
131713,134121,3,42.898,-78.807,Theft
131717,134125,3,42.877,-78.845,Breaking & Entering
131723,134131,3,42.886,-78.844,Assault
131726,134134,3,42.883,-78.835,Assault
131740,134148,3,42.851,-78.804,Theft of Vehicle
131741,134149,3,42.897,-78.838,Theft
131742,134150,3,42.856,-78.817,Assault
131752,134160,3,42.854,-78.812,Breaking & Entering
131754,134162,3,42.852,-78.807,Robbery
131755,134163,3,42.891,-78.805,Breaking & Entering
131757,134165,3,42.853,-78.831,Assault
131768,134178,3,42.842,-78.818,Theft
131773,134183,3,42.867,-78.823,Theft
131775,134185,3,42.849,-78.821,Theft
131782,134192,3,42.88,-78.842,Breaking & Entering
131794,134204,3,42.885,-78.81,Robbery
131797,134207,3,42.886,-78.806,Theft
131807,134217,3,42.897,-78.831,Breaking & Entering
131813,134223,3,42.838,-78.818,Theft
131815,134225,3,42.896,-78.817,Assault
131817,134227,3,42.881,-78.84,Breaking & Entering
131828,134238,3,42.873,-78.825,Assault
131830,134240,3,42.852,-78.805,Theft
131831,134241,3,42.845,-78.801,Theft
131834,134245,3,42.872,-78.834,Theft
131835,134246,3,42.87,-78.801,Theft
131836,134247,3,42.848,-78.824,Theft
131838,134249,3,42.884,-78.839,Assault
131839,134250,3,42.893,-78.823,Assault
131847,134258,3,42.842,-78.81,Theft
131850,134261,3,42.899,-78.818,Assault
131866,134277,3,42.878,-78.846,Theft
131881,134292,3,42.897,-78.831,Assault
131883,134294,3,42.833,-78.824,Assault
131891,134302,3,42.858,-78.817,Theft
131893,134304,3,42.855,-78.81,Assault
131894,134305,3,42.885,-78.81,Theft
131897,134308,3,42.895,-78.817,Theft
131900,134311,3,42.84,-78.824,Robbery
131903,134314,3,42.881,-78.84,Breaking & Entering
131917,134328,3,42.854,-78.813,Theft
131923,134334,3,42.855,-78.812,Theft
131926,134337,3,42.89,-78.804,Breaking & Entering
131931,134342,3,42.86,-78.816,Theft
131936,134348,3,42.841,-78.818,Assault
131939,134351,3,42.841,-78.824,Theft
131943,134355,3,42.894,-78.839,Theft of Vehicle
131944,134356,3,42.838,-78.811,Theft
131954,134366,3,42.896,-78.824,Assault
131958,134370,3,42.849,-78.812,Theft
131963,134375,3,42.891,-78.808,Theft
131966,134378,3,42.893,-78.839,Assault
131974,134386,3,42.897,-78.838,Theft
131975,134387,3,42.898,-78.816,Breaking & Entering
131976,134388,3,42.872,-78.806,Theft
131986,134399,3,42.861,-78.812,Other Sexual Offense
131987,134400,3,42.848,-78.824,Theft of Vehicle
131988,134401,3,42.892,-78.844,Assault
131992,134405,3,42.87,-78.834,Theft
131995,134408,3,42.872,-78.805,Breaking & Entering
132002,134415,3,42.898,-78.815,Assault
132025,134438,3,42.877,-78.827,Theft of Vehicle
132029,134442,3,42.885,-78.804,Breaking & Entering
132035,134448,3,42.896,-78.825,Assault
132050,134463,3,42.87,-78.832,Assault
132056,134469,3,42.853,-78.824,Assault
132065,134478,3,42.866,-78.848,Theft
132078,134491,3,42.848,-78.824,Sexual Assault
132089,134502,3,42.847,-78.801,Assault
132093,134506,3,42.894,-78.837,Robbery
132105,134518,3,42.852,-78.806,Theft
132110,134523,3,42.859,-78.814,Theft
132121,134534,3,42.891,-78.805,Theft
132124,134537,3,42.857,-78.812,Assault
132125,134538,3,42.872,-78.8,Assault
132136,134550,3,42.885,-78.84,Theft of Vehicle
132138,134552,3,42.885,-78.811,Theft
132143,134557,3,42.854,-78.821,Breaking & Entering
132145,134559,3,42.891,-78.825,Assault
132152,134566,3,42.872,-78.836,Theft
132153,134567,3,42.894,-78.833,Assault
132155,134569,3,42.87,-78.805,Theft
132156,134570,3,42.855,-78.808,Assault
132157,134571,3,42.851,-78.822,Breaking & Entering
132167,134581,3,42.847,-78.824,Theft
132180,134596,3,42.855,-78.808,Breaking & Entering
132183,134599,3,42.875,-78.803,Breaking & Entering
132186,134602,3,42.898,-78.8,Theft
132192,134608,3,42.899,-78.819,Assault
132193,134609,3,42.895,-78.827,Theft of Vehicle
132195,134611,3,42.866,-78.805,Breaking & Entering
132198,134614,3,42.874,-78.803,Assault
132202,134618,3,42.853,-78.824,Theft
132204,134620,3,42.877,-78.849,Breaking & Entering
132207,134623,3,42.89,-78.802,Theft
132209,134625,3,42.851,-78.805,Theft
132210,134626,3,42.868,-78.803,Theft
132211,134627,3,42.898,-78.814,Theft
132218,134634,3,42.892,-78.827,Sexual Assault
132223,134639,3,42.833,-78.822,Theft
132224,134640,3,42.854,-78.808,Theft
132226,134642,3,42.895,-78.825,Theft
132233,134649,3,42.898,-78.806,Breaking & Entering
132236,134652,3,42.896,-78.8,Breaking & Entering
132240,134656,3,42.873,-78.806,Breaking & Entering
132242,134658,3,42.85,-78.801,Breaking & Entering
132246,134662,3,42.888,-78.802,Robbery
132264,134680,3,42.896,-78.82,Breaking & Entering
132269,134685,3,42.857,-78.822,Theft
132278,134694,3,42.861,-78.81,Theft
132280,134696,3,42.877,-78.849,Breaking & Entering
132301,134718,3,42.873,-78.844,Theft of Vehicle
132302,134719,3,42.893,-78.815,Breaking & Entering
132306,134723,3,42.854,-78.807,Breaking & Entering
132308,134725,3,42.848,-78.822,Theft
132314,134731,3,42.837,-78.809,Theft
132316,134733,3,42.876,-78.804,Breaking & Entering
132320,134737,3,42.883,-78.836,Theft of Vehicle
132332,134749,3,42.842,-78.83,Assault
132334,134751,3,42.854,-78.829,Sexual Assault
132338,134755,3,42.885,-78.813,Breaking & Entering
132340,134757,3,42.891,-78.833,Theft
132343,134760,3,42.841,-78.824,Assault
132349,134766,3,42.893,-78.837,Theft
132354,134771,3,42.888,-78.8,Theft
132365,134783,3,42.896,-78.817,Assault
132371,134789,3,42.898,-78.807,Theft
132374,134792,3,42.898,-78.839,Theft
132384,134802,3,42.896,-78.809,Breaking & Entering
132394,134812,3,42.839,-78.824,Theft
132405,134823,3,42.853,-78.823,Breaking & Entering
132406,134824,3,42.853,-78.816,Theft
132412,134830,3,42.898,-78.832,Breaking & Entering
132414,134832,3,42.895,-78.827,Theft
132415,134833,3,42.853,-78.824,Theft
132416,134834,3,42.899,-78.835,Theft
132431,134849,3,42.838,-78.833,Theft
132437,134855,3,42.889,-78.803,Theft
132443,134861,3,42.857,-78.831,Assault
132444,134862,3,42.895,-78.837,Robbery
132448,134866,3,42.896,-78.816,Theft of Vehicle
132450,134868,3,42.897,-78.825,Assault
132451,134869,3,42.872,-78.8,Theft of Vehicle
132465,134884,3,42.88,-78.842,Theft of Vehicle
132468,134887,3,42.869,-78.83,Assault
132471,134890,3,42.886,-78.806,Assault
132480,134899,3,42.873,-78.804,Assault
132482,134901,3,42.858,-78.813,Assault
132483,134902,3,42.862,-78.813,Assault
132492,134911,3,42.858,-78.819,Assault
132495,134914,3,42.853,-78.821,Theft
132499,134918,3,42.896,-78.805,Theft
132500,134919,3,42.858,-78.813,Breaking & Entering
132503,134922,3,42.852,-78.823,Theft
132507,134926,3,42.869,-78.849,Assault
132513,134932,3,42.866,-78.822,Theft
132515,134934,3,42.898,-78.836,Assault
132516,134935,3,42.875,-78.826,Assault
132525,134944,3,42.876,-78.843,Assault
132527,134946,3,42.848,-78.824,Theft
132532,134951,3,42.849,-78.822,Theft of Vehicle
132534,134953,3,42.895,-78.83,Assault
132536,134955,3,42.873,-78.841,Breaking & Entering
132539,134958,3,42.858,-78.831,Theft
132544,134963,3,42.861,-78.814,Breaking & Entering
132545,134964,3,42.861,-78.81,Assault
132547,134966,3,42.892,-78.805,Breaking & Entering
132560,134979,3,42.88,-78.844,Breaking & Entering
132562,134981,3,42.851,-78.81,Assault
132575,134994,3,42.841,-78.817,Theft
132579,134998,3,42.893,-78.826,Breaking & Entering
132582,135001,3,42.892,-78.803,Theft
132585,135006,3,42.837,-78.824,Theft of Vehicle
132591,135012,3,42.896,-78.823,Theft
132597,135018,3,42.858,-78.831,Assault
132600,135021,3,42.859,-78.833,Breaking & Entering
132602,135023,3,42.896,-78.805,Theft
132607,135028,3,42.854,-78.809,Assault
132608,135029,3,42.842,-78.822,Theft
132613,135034,3,42.86,-78.825,Theft
132620,135041,3,42.869,-78.828,Assault
132622,135043,3,42.898,-78.82,Breaking & Entering
132633,135054,3,42.871,-78.843,Assault
132643,135064,3,42.871,-78.852,Sexual Assault
132645,135066,3,42.892,-78.838,Theft
132650,135071,3,42.89,-78.837,Theft of Vehicle
132652,135073,3,42.894,-78.824,Breaking & Entering
132656,135077,3,42.867,-78.801,Breaking & Entering
132665,135086,3,42.885,-78.824,Theft
132669,135090,3,42.891,-78.813,Assault
132687,135109,3,42.888,-78.845,Breaking & Entering
132689,135111,3,42.88,-78.85,Breaking & Entering
132690,135112,3,42.873,-78.829,Breaking & Entering
132691,135113,3,42.897,-78.817,Theft of Vehicle
132693,135115,3,42.833,-78.824,Assault
132703,135125,3,42.858,-78.807,Theft of Vehicle
132716,135138,3,42.898,-78.833,Theft
132739,135161,3,42.833,-78.82,Theft
132757,135179,3,42.857,-78.812,Theft
132760,135182,3,42.854,-78.829,Theft
132772,135194,3,42.854,-78.832,Breaking & Entering
132778,135200,3,42.848,-78.824,Sexual Assault
132789,135211,3,42.854,-78.804,Assault
132793,135216,3,42.896,-78.835,Breaking & Entering
132794,135217,3,42.893,-78.837,Theft
132796,135219,3,42.858,-78.826,Assault
132797,135220,3,42.868,-78.848,Breaking & Entering
132801,135224,3,42.889,-78.8,Theft of Vehicle
132814,135237,3,42.887,-78.84,Assault
132815,135238,3,42.898,-78.807,Theft
132819,135242,3,42.856,-78.833,Assault
132825,135248,3,42.846,-78.823,Theft
132830,135254,3,42.858,-78.809,Theft
132836,135260,3,42.845,-78.809,Assault
132838,135262,3,42.858,-78.823,Assault
132842,135266,3,42.896,-78.817,Assault
132846,135270,3,42.899,-78.838,Theft
132848,135272,3,42.89,-78.81,Breaking & Entering
132852,135276,3,42.885,-78.839,Theft
132856,135280,3,42.892,-78.83,Robbery
132859,135283,3,42.844,-78.828,Theft
132870,135294,3,42.862,-78.809,Theft
132879,135303,3,42.854,-78.808,Theft
132881,135305,3,42.894,-78.835,Theft
132888,135312,3,42.848,-78.824,Other Sexual Offense
132895,135319,3,42.858,-78.831,Theft
132896,135320,3,42.898,-78.819,Breaking & Entering
132905,135330,3,42.853,-78.834,Theft
132909,135334,3,42.896,-78.816,Breaking & Entering
132915,135341,3,42.881,-78.833,Assault
132917,135343,3,42.852,-78.805,Breaking & Entering
132925,135351,3,42.859,-78.815,Theft
132927,135353,3,42.851,-78.81,Robbery
132937,135363,3,42.833,-78.806,Breaking & Entering
132940,135366,3,42.891,-78.833,Assault
132949,135375,3,42.896,-78.802,Theft
132957,135383,3,42.856,-78.832,Assault
132958,135384,3,42.833,-78.824,Theft
132960,135386,3,42.883,-78.836,Theft
132975,135401,3,42.89,-78.802,Breaking & Entering
132976,135402,3,42.897,-78.836,Theft
132981,135407,3,42.832,-78.815,Theft
132982,135408,3,42.886,-78.803,Breaking & Entering
132990,135416,3,42.877,-78.848,Theft
132997,135423,3,42.86,-78.81,Breaking & Entering
133001,135427,3,42.884,-78.841,Assault
133004,135430,3,42.869,-78.846,Theft
133018,135444,3,42.895,-78.827,Assault
133024,135450,3,42.84,-78.808,Theft
133028,135454,3,42.858,-78.832,Assault
133034,135460,3,42.872,-78.806,Theft
133036,135462,3,42.856,-78.806,Assault
133038,135464,3,42.858,-78.807,Breaking & Entering
133043,135469,3,42.861,-78.814,Theft
133046,135472,3,42.84,-78.847,Theft
133056,135483,3,42.894,-78.835,Robbery
133061,135488,3,42.851,-78.819,Theft
133066,135493,3,42.85,-78.833,Theft
133082,135509,3,42.853,-78.824,Theft
133088,135516,3,42.852,-78.817,Theft of Vehicle
133105,135534,3,42.838,-78.808,Theft
133106,135535,3,42.89,-78.804,Assault
133109,135538,3,42.874,-78.828,Breaking & Entering
133117,135546,3,42.893,-78.832,Breaking & Entering
133118,135547,3,42.853,-78.832,Breaking & Entering
133133,135563,3,42.856,-78.823,Theft of Vehicle
133136,135566,3,42.897,-78.837,Assault
133144,135574,3,42.838,-78.816,Theft
133148,135578,3,42.876,-78.83,Theft
133155,135585,3,42.853,-78.824,Assault
133159,135589,3,42.851,-78.821,Theft
133160,135590,3,42.893,-78.808,Theft
133164,135594,3,42.885,-78.802,Breaking & Entering
133165,135595,3,42.89,-78.8,Theft
133172,135602,3,42.853,-78.801,Assault
133175,135605,3,42.873,-78.818,Theft
133176,135606,3,42.893,-78.837,Theft
133182,135612,3,42.853,-78.821,Theft
133186,135616,3,42.897,-78.814,Theft
133187,135617,3,42.895,-78.83,Theft
133188,135618,3,42.85,-78.832,Assault
133195,135625,3,42.852,-78.813,Theft
133200,135630,3,42.899,-78.833,Breaking & Entering
133203,135633,3,42.87,-78.809,Breaking & Entering
133211,135641,3,42.892,-78.839,Breaking & Entering
133220,135650,3,42.851,-78.802,Theft
133225,135655,3,42.855,-78.826,Theft of Vehicle
133232,135662,3,42.872,-78.813,Assault
133233,135663,3,42.888,-78.809,Theft
133238,135668,3,42.836,-78.804,Theft
133243,135673,3,42.858,-78.806,Theft
133246,135676,3,42.844,-78.824,Assault
133247,135677,3,42.889,-78.814,Theft of Vehicle
133254,135684,3,42.876,-78.828,Assault
133255,135685,3,42.858,-78.831,Theft
133259,135689,3,42.859,-78.825,Theft
133263,135693,3,42.848,-78.824,Theft
133266,135696,3,42.892,-78.838,Assault
133269,135699,3,42.848,-78.832,Robbery
133276,135706,3,42.866,-78.805,Theft
133277,135707,3,42.896,-78.823,Assault
133288,135718,3,42.852,-78.817,Assault
133291,135721,3,42.858,-78.831,Theft
133293,135723,3,42.851,-78.821,Breaking & Entering
133294,135724,3,42.886,-78.84,Breaking & Entering
133296,135726,3,42.88,-78.841,Theft
133300,135730,3,42.848,-78.824,Theft
133307,135737,3,42.845,-78.824,Theft
133308,135739,3,42.895,-78.817,Theft of Vehicle
133309,135740,3,42.893,-78.82,Robbery
133325,135757,3,42.869,-78.831,Theft
133327,135759,3,42.882,-78.848,Breaking & Entering
133352,135785,3,42.888,-78.809,Breaking & Entering
133354,135787,3,42.836,-78.807,Breaking & Entering
133355,135788,3,42.893,-78.809,Assault
133373,135806,3,42.853,-78.81,Breaking & Entering
133381,135814,3,42.862,-78.82,Assault
133390,135823,3,42.896,-78.816,Assault
133396,135829,3,42.89,-78.803,Assault
133415,135848,3,42.897,-78.809,Theft
133422,135855,3,42.899,-78.816,Assault
133437,135870,3,42.897,-78.834,Assault
133443,135876,3,42.843,-78.813,Breaking & Entering
133457,135890,3,42.89,-78.8,Assault
133458,135891,3,42.895,-78.839,Breaking & Entering
133459,135892,3,42.851,-78.827,Breaking & Entering
133462,135895,3,42.857,-78.809,Theft
133478,135912,3,42.846,-78.831,Assault
133489,135923,3,42.86,-78.822,Breaking & Entering
133496,135930,3,42.846,-78.824,Theft
133501,135935,3,42.848,-78.824,Theft
133503,135937,3,42.854,-78.805,Breaking & Entering
133504,135938,3,42.848,-78.813,Theft
133510,135944,3,42.894,-78.833,Robbery
133514,135948,3,42.896,-78.82,Assault
133516,135950,3,42.888,-78.846,Theft
133524,135958,3,42.838,-78.824,Theft
133536,135970,3,42.889,-78.838,Theft
133537,135971,3,42.873,-78.852,Theft
133544,135978,3,42.879,-78.847,Theft
133547,135981,3,42.872,-78.806,Theft
133557,135991,3,42.896,-78.841,Robbery
133576,136012,3,42.859,-78.808,Theft
133585,136021,3,42.858,-78.83,Theft
133598,136034,3,42.86,-78.808,Theft
133601,136037,3,42.858,-78.831,Theft
133602,136038,3,42.873,-78.809,Breaking & Entering
133609,136045,3,42.896,-78.817,Assault
133612,136048,3,42.847,-78.832,Theft
133627,136063,3,42.85,-78.827,Assault
133631,136067,3,42.859,-78.811,Assault
133637,136073,3,42.872,-78.809,Assault
133640,136076,3,42.872,-78.802,Theft
133649,136085,3,42.895,-78.821,Breaking & Entering
133650,136086,3,42.837,-78.801,Theft
133657,136093,3,42.826,-78.834,Theft
133660,136096,3,42.884,-78.835,Theft
133664,136100,3,42.89,-78.845,Assault
133667,136103,3,42.898,-78.823,Assault
133682,136118,3,42.859,-78.82,Breaking & Entering
133690,136126,3,42.845,-78.824,Assault
133691,136127,3,42.858,-78.831,Theft
133692,136128,3,42.857,-78.808,Assault
133693,136129,3,42.858,-78.83,Theft
133695,136131,3,42.852,-78.824,Theft
133704,136141,3,42.858,-78.831,Theft
133707,136144,3,42.861,-78.816,Theft
133710,136147,3,42.858,-78.831,Theft
133722,136159,3,42.885,-78.806,Theft
133731,136168,3,42.873,-78.804,Assault
133743,136181,3,42.858,-78.831,Theft
133744,136182,3,42.859,-78.814,Other Sexual Offense
133751,136189,3,42.89,-78.839,Theft
133758,136196,3,42.85,-78.813,Assault
133761,136199,3,42.89,-78.811,Theft
133765,136203,3,42.895,-78.833,Breaking & Entering
133768,136206,3,42.893,-78.842,Robbery
133769,136207,3,42.89,-78.808,Theft
133779,136218,3,42.85,-78.819,Theft
133784,136223,3,42.892,-78.829,Assault
133793,136232,3,42.892,-78.832,Robbery
133811,136250,3,42.896,-78.822,Theft of Vehicle
133824,136264,3,42.896,-78.805,Assault
133828,136268,3,42.885,-78.807,Breaking & Entering
133829,136269,3,42.854,-78.834,Assault
133837,136277,3,42.85,-78.803,Assault
133845,136285,3,42.853,-78.824,Theft
133846,136286,3,42.853,-78.801,Theft
133853,136293,3,42.892,-78.83,Breaking & Entering
133858,136298,3,42.868,-78.81,Theft
133859,136299,3,42.84,-78.801,Robbery
133862,136302,3,42.892,-78.836,Breaking & Entering
133866,136306,3,42.862,-78.82,Assault
133868,136308,3,42.873,-78.811,Theft
133878,136318,3,42.873,-78.806,Assault
133879,136319,3,42.878,-78.834,Breaking & Entering
133880,136320,3,42.845,-78.824,Theft
133881,136321,3,42.837,-78.824,Theft
133890,136330,3,42.856,-78.809,Assault
133902,136342,3,42.877,-78.823,Theft
133905,136345,3,42.898,-78.824,Theft
133906,136346,3,42.88,-78.836,Theft
133916,136356,3,42.879,-78.849,Theft of Vehicle
133928,136368,3,42.833,-78.821,Breaking & Entering
133935,136375,3,42.884,-78.829,Theft
133937,136377,3,42.853,-78.802,Theft
133941,136381,3,42.848,-78.824,Sexual Assault
133946,136386,3,42.888,-78.811,Theft
133948,136388,3,42.855,-78.831,Assault
133952,136393,3,42.856,-78.808,Breaking & Entering
133958,136399,3,42.89,-78.836,Breaking & Entering
133963,136404,3,42.891,-78.814,Robbery
133974,136415,3,42.854,-78.825,Theft
133980,136421,3,42.88,-78.828,Theft
133994,136436,3,42.872,-78.844,Breaking & Entering
134011,136453,3,42.847,-78.801,Breaking & Entering
134013,136455,3,42.867,-78.838,Robbery
134018,136460,3,42.841,-78.809,Theft
134023,136465,3,42.897,-78.834,Breaking & Entering
134024,136466,3,42.855,-78.827,Theft of Vehicle
134028,136470,3,42.889,-78.808,Theft
134032,136474,3,42.854,-78.808,Theft
134043,136485,3,42.849,-78.831,Theft
134048,136490,3,42.854,-78.808,Other Sexual Offense
134054,136496,3,42.891,-78.825,Theft
134058,136500,3,42.851,-78.823,Theft
134062,136505,3,42.881,-78.801,Theft
134076,136519,3,42.884,-78.839,Assault
134077,136520,3,42.871,-78.815,Theft
134079,136522,3,42.842,-78.823,Theft
134087,136530,3,42.884,-78.839,Theft
134088,136531,3,42.896,-78.817,Breaking & Entering
134098,136541,3,42.853,-78.832,Assault
134101,136544,3,42.853,-78.831,Theft
134104,136547,3,42.856,-78.829,Breaking & Entering
134113,136556,3,42.889,-78.805,Robbery
134114,136557,3,42.856,-78.805,Assault
134116,136559,3,42.851,-78.803,Breaking & Entering
134121,136564,3,42.851,-78.803,Breaking & Entering
134123,136566,3,42.856,-78.832,Robbery
134127,136570,3,42.884,-78.839,Theft
134132,136575,3,42.856,-78.829,Assault
134135,136578,3,42.843,-78.818,Theft
134138,136581,3,42.866,-78.804,Assault
134149,136592,3,42.889,-78.803,Theft
134150,136593,3,42.897,-78.821,Robbery
134151,136594,3,42.852,-78.823,Assault
134154,136597,3,42.889,-78.816,Theft
134170,136614,3,42.894,-78.841,Theft
134178,136622,3,42.896,-78.8,Breaking & Entering
134198,136642,3,42.846,-78.821,Theft
134199,136643,3,42.898,-78.835,Theft
134201,136646,3,42.889,-78.808,Assault
134206,136651,3,42.898,-78.817,Breaking & Entering
134215,136660,3,42.892,-78.803,Theft
134220,136665,3,42.856,-78.809,Breaking & Entering
134225,136670,3,42.897,-78.803,Breaking & Entering
134226,136671,3,42.896,-78.815,Assault
134229,136674,3,42.883,-78.829,Theft
134233,136679,3,42.886,-78.839,Assault
134243,136689,3,42.889,-78.811,Assault
134246,136692,3,42.856,-78.826,Theft
134255,136701,3,42.891,-78.83,Assault
134257,136703,3,42.877,-78.846,Theft
134258,136704,3,42.854,-78.811,Theft
134273,136719,3,42.896,-78.824,Robbery
134293,136740,3,42.856,-78.827,Breaking & Entering
134295,136742,3,42.882,-78.835,Breaking & Entering
134300,136747,3,42.872,-78.836,Theft
134317,136764,3,42.898,-78.821,Robbery
134327,136774,3,42.849,-78.802,Theft
134338,136785,3,42.856,-78.823,Breaking & Entering
134339,136786,3,42.859,-78.831,Breaking & Entering
134342,136789,3,42.853,-78.824,Assault
134357,136804,3,42.836,-78.807,Theft
134364,136811,3,42.896,-78.82,Theft
134374,136821,3,42.864,-78.821,Theft
134379,136826,3,42.855,-78.824,Breaking & Entering
134380,136827,3,42.871,-78.804,Theft
134382,136829,3,42.89,-78.806,Theft
134384,136831,3,42.873,-78.809,Theft
134392,136839,3,42.897,-78.821,Robbery
134405,136853,3,42.891,-78.825,Breaking & Entering
134412,136860,3,42.857,-78.824,Theft
134424,136872,3,42.875,-78.806,Theft of Vehicle
134448,136896,3,42.836,-78.828,Breaking & Entering
134455,136903,3,42.86,-78.813,Assault
134463,136912,3,42.891,-78.811,Assault
134468,136917,3,42.843,-78.831,Theft
134472,136921,3,42.895,-78.824,Breaking & Entering
134474,136923,3,42.855,-78.825,Assault
134480,136930,3,42.854,-78.828,Theft of Vehicle
134488,136938,3,42.89,-78.84,Theft
134494,136944,3,42.888,-78.814,Assault
134495,136945,3,42.894,-78.803,Theft
134498,136948,3,42.897,-78.84,Theft of Vehicle
134504,136954,3,42.855,-78.834,Theft
134510,136960,3,42.889,-78.807,Theft
134511,136961,3,42.894,-78.808,Assault
134514,136964,3,42.851,-78.811,Theft
134521,136972,3,42.875,-78.807,Breaking & Entering
134523,136974,3,42.833,-78.824,Theft
134525,136976,3,42.871,-78.835,Theft of Vehicle
134528,136979,3,42.86,-78.819,Theft
134535,136986,3,42.873,-78.81,Theft
134536,136987,3,42.894,-78.807,Theft
134538,136989,3,42.894,-78.819,Assault
134541,136992,3,42.837,-78.824,Theft
134563,137014,3,42.891,-78.808,Theft
134575,137026,3,42.839,-78.815,Breaking & Entering
134579,137030,3,42.856,-78.811,Breaking & Entering
134581,137032,3,42.87,-78.847,Theft
134592,137043,3,42.852,-78.804,Theft
134597,137048,3,42.858,-78.831,Theft
134600,137051,3,42.848,-78.824,Theft of Vehicle
134601,137052,3,42.854,-78.809,Assault
134608,137059,3,42.878,-78.801,Theft of Vehicle
134609,137060,3,42.884,-78.847,Breaking & Entering
134615,137066,3,42.853,-78.813,Theft
134623,137074,3,42.84,-78.824,Assault
134630,137081,3,42.872,-78.821,Theft
134644,137096,3,42.848,-78.824,Theft
134656,137108,3,42.88,-78.834,Theft
134659,137111,3,42.898,-78.824,Breaking & Entering
134665,137118,3,42.85,-78.801,Breaking & Entering
134669,137122,3,42.898,-78.832,Other Sexual Offense
134675,137128,3,42.887,-78.813,Breaking & Entering
134687,137140,3,42.895,-78.806,Assault
134697,137150,3,42.847,-78.82,Theft
134698,137151,3,42.871,-78.832,Assault
134713,137166,3,42.872,-78.811,Robbery
134730,137183,3,42.843,-78.82,Theft of Vehicle
134731,137184,3,42.877,-78.845,Breaking & Entering
134734,137188,3,42.887,-78.841,Theft
134737,137191,3,42.896,-78.841,Breaking & Entering
134738,137192,3,42.862,-78.802,Theft
134751,137205,3,42.855,-78.809,Breaking & Entering
134752,137206,3,42.873,-78.822,Theft
134754,137208,3,42.856,-78.826,Assault
134755,137209,3,42.868,-78.846,Breaking & Entering
134756,137210,3,42.866,-78.823,Other Sexual Offense
134761,137215,3,42.849,-78.832,Theft
134765,137220,3,42.851,-78.802,Breaking & Entering
134766,137221,3,42.857,-78.812,Theft
134767,137223,3,42.898,-78.836,Breaking & Entering
134768,137224,3,42.89,-78.806,Robbery
134769,137225,3,42.839,-78.813,Theft
134772,137228,3,42.834,-78.824,Robbery
134776,137232,3,42.89,-78.837,Breaking & Entering
134778,137234,3,42.853,-78.817,Breaking & Entering
134781,137237,3,42.866,-78.851,Breaking & Entering
134805,137261,3,42.898,-78.834,Breaking & Entering
134811,137267,3,42.889,-78.837,Breaking & Entering
134816,137273,3,42.841,-78.822,Theft
134818,137275,3,42.877,-78.843,Assault
134822,137279,3,42.854,-78.808,Breaking & Entering
134824,137281,3,42.893,-78.836,Assault
134836,137293,3,42.842,-78.823,Assault
134838,137295,3,42.838,-78.818,Assault
134839,137296,3,42.858,-78.831,Theft
134842,137299,3,42.839,-78.857,Theft of Vehicle
134844,137301,3,42.87,-78.816,Breaking & Entering
134846,137303,3,42.857,-78.82,Breaking & Entering
134858,137315,3,42.894,-78.803,Theft
134861,137318,3,42.869,-78.844,Theft
134863,137320,3,42.848,-78.813,Assault
134865,137322,3,42.859,-78.814,Theft
134866,137323,3,42.897,-78.814,Robbery
134869,137326,3,42.857,-78.811,Theft
134896,137353,3,42.876,-78.804,Robbery
134900,137357,3,42.896,-78.823,Breaking & Entering
134904,137362,3,42.885,-78.814,Theft
134906,137364,3,42.895,-78.822,Theft of Vehicle
134907,137365,3,42.848,-78.824,Assault
134910,137368,3,42.842,-78.824,Assault
134920,137378,3,42.833,-78.822,Assault
134923,137381,3,42.887,-78.84,Theft of Vehicle
134927,137385,3,42.833,-78.824,Theft
134929,137387,3,42.858,-78.81,Theft
134942,137400,3,42.897,-78.825,Breaking & Entering
134943,137401,3,42.895,-78.821,Theft
134946,137404,3,42.854,-78.803,Assault
134947,137405,3,42.897,-78.816,Theft
134950,137408,3,42.899,-78.822,Assault
134968,137426,3,42.877,-78.811,Theft
134982,137440,3,42.898,-78.807,Theft
134986,137444,3,42.891,-78.843,Breaking & Entering
134988,137446,3,42.841,-78.809,Theft
135000,137458,3,42.855,-78.831,Assault
135002,137460,3,42.855,-78.828,Assault
135008,137466,3,42.864,-78.825,Theft of Vehicle
135012,137470,3,42.892,-78.831,Breaking & Entering
135018,137476,3,42.863,-78.805,Theft
135020,137478,3,42.85,-78.811,Theft
135029,137487,3,42.86,-78.817,Breaking & Entering
135033,137491,3,42.889,-78.839,Theft
135044,137502,3,42.872,-78.843,Theft
135048,137506,3,42.891,-78.831,Breaking & Entering
135049,137507,3,42.857,-78.815,Assault
135057,137515,3,42.883,-78.839,Theft of Vehicle
135065,137523,3,42.858,-78.806,Theft
135069,137528,3,42.896,-78.821,Robbery
135072,137531,3,42.89,-78.815,Theft of Vehicle
135082,137541,3,42.896,-78.842,Theft
135087,137546,3,42.87,-78.809,Assault
135095,137555,3,42.842,-78.82,Breaking & Entering
135111,137571,3,42.852,-78.801,Theft
135118,137578,3,42.871,-78.83,Theft
135119,137579,3,42.875,-78.803,Theft
135121,137581,3,42.851,-78.804,Theft
135139,137599,3,42.893,-78.825,Theft
135140,137600,3,42.851,-78.827,Assault
135149,137609,3,42.854,-78.827,Breaking & Entering
135153,137613,3,42.86,-78.808,Assault
135156,137616,3,42.843,-78.824,Theft of Vehicle
135161,137621,3,42.889,-78.838,Robbery
135166,137626,3,42.852,-78.805,Theft
135167,137627,3,42.836,-78.823,Theft
135169,137629,3,42.853,-78.824,Theft
135177,137637,3,42.878,-78.849,Breaking & Entering
135179,137639,3,42.855,-78.81,Theft
135182,137642,3,42.87,-78.828,Theft
135186,137646,3,42.878,-78.833,Theft of Vehicle
135187,137647,3,42.886,-78.812,Breaking & Entering
135190,137652,3,42.877,-78.847,Theft
135211,137673,3,42.851,-78.806,Theft
135212,137674,3,42.854,-78.806,Theft of Vehicle
135216,137678,3,42.896,-78.83,Breaking & Entering
135220,137682,3,42.882,-78.834,Theft
135250,137712,3,42.834,-78.843,Theft
135259,137721,3,42.889,-78.812,Theft of Vehicle
135260,137722,3,42.895,-78.839,Assault
135271,137733,3,42.898,-78.819,Theft
135279,137741,3,42.872,-78.801,Robbery
135282,137744,3,42.879,-78.836,Assault
135294,137756,3,42.841,-78.824,Breaking & Entering
135304,137766,3,42.89,-78.815,Theft
135315,137777,3,42.896,-78.819,Theft
135327,137790,3,42.897,-78.834,Theft
135333,137796,3,42.87,-78.837,Assault
135337,137800,3,42.897,-78.814,Theft
135342,137805,3,42.896,-78.83,Breaking & Entering
135343,137806,3,42.873,-78.819,Theft
135345,137808,3,42.869,-78.829,Assault
135353,137816,3,42.853,-78.803,Theft of Vehicle
135354,137817,3,42.89,-78.8,Breaking & Entering
135369,137833,3,42.889,-78.808,Theft
135373,137837,3,42.892,-78.833,Breaking & Entering
135382,137847,3,42.845,-78.831,Breaking & Entering
135385,137850,3,42.893,-78.831,Assault
135390,137855,3,42.878,-78.801,Assault
135396,137861,3,42.853,-78.824,Theft
135401,137866,3,42.893,-78.837,Theft
135402,137867,3,42.892,-78.844,Breaking & Entering
135404,137869,3,42.857,-78.833,Theft
135405,137870,3,42.855,-78.826,Other Sexual Offense
135408,137873,3,42.872,-78.806,Assault
135420,137886,3,42.89,-78.834,Assault
135424,137890,3,42.848,-78.812,Other Sexual Offense
135425,137891,3,42.888,-78.838,Assault
135431,137897,3,42.88,-78.849,Theft
135435,137901,3,42.853,-78.817,Theft of Vehicle
135446,137912,3,42.888,-78.837,Breaking & Entering
135448,137914,3,42.874,-78.817,Theft
135452,137918,3,42.849,-78.814,Theft
135462,137928,3,42.837,-78.823,Theft
135466,137932,3,42.892,-78.802,Theft of Vehicle
135468,137934,3,42.84,-78.824,Robbery
135490,137958,3,42.833,-78.822,Theft
135494,137962,3,42.885,-78.84,Theft
135501,137969,3,42.849,-78.823,Breaking & Entering
135506,137975,3,42.834,-78.812,Breaking & Entering
135507,137976,3,42.861,-78.814,Theft
135511,137980,3,42.893,-78.841,Assault
135522,137991,3,42.896,-78.816,Assault
135525,137994,3,42.889,-78.814,Theft
135527,137996,3,42.899,-78.815,Assault
135543,138012,3,42.858,-78.831,Theft
135544,138013,3,42.847,-78.833,Theft
135555,138024,3,42.867,-78.851,Theft
135558,138027,3,42.89,-78.801,Theft
135560,138029,3,42.887,-78.803,Breaking & Entering
135561,138030,3,42.891,-78.834,Breaking & Entering
135564,138033,3,42.849,-78.824,Theft
135565,138034,3,42.866,-78.84,Theft
135566,138035,3,42.89,-78.833,Theft
135568,138037,3,42.855,-78.809,Assault
135571,138040,3,42.896,-78.805,Assault
135572,138041,3,42.857,-78.831,Assault
135585,138054,3,42.842,-78.822,Theft
135587,138056,3,42.854,-78.805,Theft of Vehicle
135588,138057,3,42.872,-78.8,Breaking & Entering
135595,138064,3,42.888,-78.815,Theft
135598,138067,3,42.872,-78.812,Theft of Vehicle
135607,138076,3,42.899,-78.818,Assault
135616,138085,3,42.845,-78.824,Theft
135617,138086,3,42.898,-78.839,Assault
135622,138091,3,42.858,-78.807,Theft
135627,138096,3,42.854,-78.829,Theft
135628,138097,3,42.899,-78.814,Assault
135631,138100,3,42.857,-78.812,Theft
135635,138104,3,42.847,-78.802,Theft of Vehicle
135641,138110,3,42.892,-78.844,Assault
135643,138112,3,42.856,-78.823,Breaking & Entering
135646,138115,3,42.857,-78.826,Theft
135651,138120,3,42.892,-78.823,Breaking & Entering
135653,138122,3,42.895,-78.809,Assault
135657,138126,3,42.892,-78.843,Robbery
135658,138127,3,42.85,-78.803,Breaking & Entering
135659,138128,3,42.846,-78.823,Theft
135661,138130,3,42.858,-78.808,Theft
135674,138143,3,42.87,-78.812,Theft of Vehicle
135675,138144,3,42.884,-78.846,Robbery
135690,138160,3,42.892,-78.832,Theft
135698,138168,3,42.852,-78.825,Breaking & Entering
135701,138171,3,42.857,-78.826,Assault
135709,138179,3,42.884,-78.839,Robbery
135723,138193,3,42.868,-78.81,Assault
135738,138208,3,42.897,-78.814,Assault
135744,138214,3,42.867,-78.847,Assault
135749,138219,3,42.858,-78.831,Assault
135755,138225,3,42.89,-78.837,Theft
135759,138229,3,42.84,-78.805,Breaking & Entering
135762,138232,3,42.897,-78.819,Theft
135767,138237,3,42.886,-78.806,Assault
135777,138247,3,42.851,-78.832,Assault
135788,138258,3,42.844,-78.824,Other Sexual Offense
135793,138263,3,42.832,-78.815,Theft
135801,138271,3,42.841,-78.826,Theft
135803,138273,3,42.833,-78.818,Theft of Vehicle
135816,138286,3,42.834,-78.812,Breaking & Entering
135824,138294,3,42.89,-78.815,Assault
135827,138297,3,42.858,-78.826,Theft
135829,138299,3,42.853,-78.804,Breaking & Entering
135833,138303,3,42.887,-78.815,Assault
135840,138311,3,42.871,-78.808,Breaking & Entering
135841,138312,3,42.843,-78.824,Theft
135844,138315,3,42.854,-78.821,Breaking & Entering
135845,138316,3,42.86,-78.808,Theft of Vehicle
135855,138326,3,42.854,-78.831,Assault
135857,138328,3,42.89,-78.836,Breaking & Entering
135861,138332,3,42.858,-78.831,Theft
135865,138336,3,42.898,-78.8,Theft
135869,138340,3,42.852,-78.811,Breaking & Entering
135886,138358,3,42.847,-78.824,Theft
135891,138363,3,42.842,-78.822,Breaking & Entering
135892,138364,3,42.868,-78.809,Theft
135894,138366,3,42.895,-78.829,Theft
135900,138373,3,42.856,-78.807,Theft
135901,138374,3,42.885,-78.807,Breaking & Entering
135906,138379,3,42.882,-78.842,Theft
135911,138384,3,42.845,-78.824,Theft
135913,138386,3,42.893,-78.839,Theft
135914,138387,3,42.885,-78.806,Assault
135916,138389,3,42.87,-78.808,Theft
135920,138393,3,42.839,-78.858,Theft
135923,138396,3,42.887,-78.803,Theft
135925,138398,3,42.898,-78.807,Theft
135929,138402,3,42.855,-78.81,Assault
135930,138403,3,42.893,-78.839,Breaking & Entering
135934,138407,3,42.899,-78.838,Robbery
135940,138413,3,42.881,-78.833,Assault
135945,138418,3,42.886,-78.805,Breaking & Entering
135952,138425,3,42.898,-78.839,Assault
135953,138426,3,42.896,-78.82,Theft of Vehicle
135955,138428,3,42.891,-78.808,Theft
135960,138433,3,42.885,-78.812,Theft
135976,138450,3,42.89,-78.833,Theft
135978,138452,3,42.878,-78.802,Theft
135981,138455,3,42.837,-78.814,Theft
135996,138470,3,42.857,-78.812,Breaking & Entering
136002,138476,3,42.833,-78.824,Theft
136003,138477,3,42.848,-78.824,Assault
136005,138479,3,42.867,-78.823,Theft
136006,138480,3,42.898,-78.831,Theft
136014,138488,3,42.873,-78.841,Theft
136017,138491,3,42.897,-78.84,Theft of Vehicle
136018,138492,3,42.853,-78.815,Theft
136026,138500,3,42.874,-78.817,Theft
136028,138502,3,42.888,-78.811,Theft
136033,138507,3,42.849,-78.824,Assault
136050,138524,3,42.886,-78.844,Other Sexual Offense
136051,138525,3,42.844,-78.821,Theft
136056,138530,3,42.86,-78.822,Theft
136057,138531,3,42.894,-78.842,Theft
136058,138532,3,42.853,-78.812,Breaking & Entering
136061,138535,3,42.849,-78.832,Breaking & Entering
136068,138542,3,42.898,-78.817,Breaking & Entering
136069,138543,3,42.886,-78.805,Theft
136075,138549,3,42.856,-78.828,Breaking & Entering
136076,138550,3,42.89,-78.835,Theft
136077,138551,3,42.852,-78.804,Assault
136085,138559,3,42.855,-78.829,Robbery
136101,138575,3,42.844,-78.824,Theft
136103,138577,3,42.859,-78.829,Theft of Vehicle
136105,138580,3,42.896,-78.82,Theft
136108,138583,3,42.861,-78.817,Theft
136109,138584,3,42.857,-78.828,Theft
136110,138585,3,42.863,-78.819,Theft
136113,138588,3,42.896,-78.824,Theft
136116,138591,3,42.885,-78.839,Robbery
136120,138595,3,42.858,-78.815,Assault
136122,138597,3,42.897,-78.835,Breaking & Entering
136125,138600,3,42.846,-78.832,Theft of Vehicle
136127,138602,3,42.892,-78.831,Assault
136128,138603,3,42.859,-78.819,Homicide
136129,138604,3,42.885,-78.814,Theft of Vehicle
136130,138605,3,42.892,-78.835,Breaking & Entering
136131,138606,3,42.895,-78.836,Assault
136133,138608,3,42.858,-78.813,Theft
136136,138611,3,42.836,-78.805,Theft
136137,138612,3,42.855,-78.808,Breaking & Entering
136145,138620,3,42.858,-78.807,Theft
136158,138633,3,42.847,-78.816,Theft
136162,138637,3,42.872,-78.82,Theft
136167,138642,3,42.838,-78.821,Theft
136171,138646,3,42.896,-78.819,Robbery
136176,138651,3,42.847,-78.855,Theft
136186,138661,3,42.897,-78.816,Theft
136189,138664,3,42.858,-78.831,Theft
136194,138669,3,42.889,-78.808,Theft
136196,138671,3,42.848,-78.813,Theft
136199,138674,3,42.898,-78.807,Theft
136201,138676,3,42.833,-78.823,Theft
136209,138684,3,42.887,-78.802,Other Sexual Offense
136214,138689,3,42.852,-78.806,Sexual Assault
136222,138697,3,42.897,-78.816,Assault
136225,138700,3,42.859,-78.811,Breaking & Entering
136227,138702,3,42.876,-78.852,Theft
136241,138716,3,42.867,-78.85,Theft of Vehicle
136244,138719,3,42.878,-78.801,Theft
136253,138729,3,42.848,-78.812,Theft
136259,138735,3,42.879,-78.846,Theft
136263,138739,3,42.873,-78.841,Assault
136270,138746,3,42.861,-78.813,Breaking & Entering
136272,138748,3,42.854,-78.808,Theft
136278,138754,3,42.895,-78.839,Breaking & Entering
136283,138759,3,42.879,-78.834,Theft of Vehicle
136290,138766,3,42.896,-78.816,Assault
136291,138767,3,42.851,-78.806,Assault
136292,138768,3,42.871,-78.834,Breaking & Entering
136295,138771,3,42.854,-78.809,Theft
136299,138775,3,42.893,-78.839,Assault
136318,138794,3,42.89,-78.815,Breaking & Entering
136319,138795,3,42.833,-78.82,Assault
136327,138803,3,42.858,-78.831,Theft
136335,138811,3,42.898,-78.807,Theft
136336,138812,3,42.845,-78.823,Theft
136337,138813,3,42.855,-78.834,Theft
136346,138822,3,42.836,-78.816,Assault
136349,138825,3,42.851,-78.814,Theft
136350,138826,3,42.837,-78.825,Breaking & Entering
136352,138828,3,42.899,-78.81,Theft
136354,138830,3,42.89,-78.832,Breaking & Entering
136357,138833,3,42.851,-78.823,Assault
136367,138843,3,42.874,-78.805,Theft
136370,138846,3,42.858,-78.831,Theft
136383,138859,3,42.89,-78.809,Theft
136384,138860,3,42.852,-78.827,Assault
136386,138862,3,42.862,-78.813,Breaking & Entering
136396,138872,3,42.842,-78.824,Assault
136397,138873,3,42.853,-78.815,Theft
136403,138879,3,42.894,-78.834,Assault
136415,138891,3,42.897,-78.814,Theft
136421,138897,3,42.881,-78.833,Theft
136424,138900,3,42.86,-78.825,Theft
136433,138909,3,42.849,-78.863,Theft
136444,138920,3,42.849,-78.823,Robbery
136458,138934,3,42.856,-78.808,Theft
136460,138936,3,42.893,-78.807,Breaking & Entering
136462,138938,3,42.887,-78.802,Breaking & Entering
136463,138939,3,42.888,-78.841,Breaking & Entering
136465,138941,3,42.897,-78.836,Theft
136469,138945,3,42.89,-78.802,Theft
136470,138946,3,42.833,-78.824,Theft
136473,138949,3,42.871,-78.837,Breaking & Entering
136479,138955,3,42.888,-78.809,Assault
136480,138956,3,42.879,-78.842,Assault
136494,138970,3,42.898,-78.823,Breaking & Entering
136498,138974,3,42.872,-78.806,Theft
136513,138989,3,42.886,-78.839,Theft
136515,138991,3,42.858,-78.824,Assault
136517,138993,3,42.889,-78.805,Breaking & Entering
136519,138995,3,42.872,-78.806,Robbery
136525,139001,3,42.857,-78.814,Theft
136530,139006,3,42.853,-78.808,Assault
136535,139011,3,42.888,-78.839,Theft
136540,139017,3,42.891,-78.812,Assault
136547,139024,3,42.847,-78.855,Theft
136553,139031,3,42.878,-78.836,Theft of Vehicle
136559,139037,3,42.886,-78.844,Breaking & Entering
136560,139038,3,42.893,-78.839,Theft
136564,139042,3,42.89,-78.845,Theft of Vehicle
136566,139044,3,42.894,-78.836,Theft
136572,139050,3,42.856,-78.806,Assault
136575,139053,3,42.896,-78.832,Theft
136582,139060,3,42.877,-78.846,Theft
136591,139070,3,42.89,-78.832,Assault
136592,139071,3,42.898,-78.807,Theft
136594,139073,3,42.891,-78.843,Sexual Assault
136600,139079,3,42.847,-78.827,Theft
136603,139082,3,42.895,-78.834,Assault
136604,139083,3,42.86,-78.813,Assault
136610,139089,3,42.877,-78.845,Other Sexual Offense
136615,139094,3,42.874,-78.827,Breaking & Entering
136620,139099,3,42.893,-78.839,Assault
136624,139103,3,42.89,-78.801,Theft of Vehicle
136626,139105,3,42.858,-78.831,Theft
136628,139107,3,42.878,-78.837,Breaking & Entering
136632,139111,3,42.894,-78.835,Theft
136637,139116,3,42.897,-78.803,Breaking & Entering
136653,139132,3,42.871,-78.807,Assault
136656,139135,3,42.85,-78.82,Theft
136657,139136,3,42.869,-78.801,Theft
136664,139143,3,42.869,-78.851,Breaking & Entering
136665,139144,3,42.859,-78.826,Theft
136667,139146,3,42.86,-78.816,Breaking & Entering
136673,139152,3,42.858,-78.831,Theft
136675,139154,3,42.891,-78.833,Assault
136681,139161,3,42.897,-78.813,Robbery
136692,139172,3,42.89,-78.802,Assault
136710,139190,3,42.832,-78.832,Theft of Vehicle
136712,139192,3,42.866,-78.823,Assault
136720,139200,3,42.869,-78.807,Assault
136721,139201,3,42.878,-78.835,Robbery
136723,139203,3,42.839,-78.814,Theft of Vehicle
136724,139204,3,42.854,-78.807,Breaking & Entering
136728,139208,3,42.887,-78.837,Breaking & Entering
136730,139210,3,42.896,-78.809,Breaking & Entering
136745,139225,3,42.894,-78.827,Theft of Vehicle
136752,139232,3,42.872,-78.813,Assault
136759,139240,3,42.839,-78.824,Theft
136762,139243,3,42.888,-78.84,Theft
136770,139251,3,42.854,-78.819,Breaking & Entering
136773,139254,3,42.883,-78.849,Theft
136785,139267,3,42.842,-78.826,Breaking & Entering
136787,139269,3,42.886,-78.802,Theft
136789,139271,3,42.835,-78.823,Breaking & Entering
136795,139277,3,42.841,-78.809,Theft
136797,139279,3,42.86,-78.808,Breaking & Entering
136799,139281,3,42.895,-78.839,Assault
136803,139285,3,42.874,-78.827,Theft
136807,139289,3,42.894,-78.82,Assault
136811,139293,3,42.856,-78.809,Robbery
136814,139296,3,42.867,-78.851,Theft
136820,139302,3,42.891,-78.805,Breaking & Entering
136850,139333,3,42.872,-78.82,Breaking & Entering
136871,139355,3,42.873,-78.837,Theft of Vehicle
136872,139356,3,42.838,-78.809,Theft
136873,139357,3,42.899,-78.818,Theft
136883,139368,3,42.844,-78.826,Theft
136891,139376,3,42.895,-78.829,Breaking & Entering
136894,139379,3,42.898,-78.818,Theft
136901,139386,3,42.896,-78.816,Assault
136902,139387,3,42.855,-78.826,Theft
136904,139389,3,42.896,-78.824,Assault
136914,139399,3,42.896,-78.832,Breaking & Entering
136915,139400,3,42.848,-78.816,Sexual Assault
136916,139401,3,42.892,-78.811,Theft
136917,139402,3,42.834,-78.806,Theft of Vehicle
136922,139407,3,42.852,-78.828,Assault
136926,139411,3,42.848,-78.812,Assault
136927,139412,3,42.87,-78.804,Breaking & Entering
136929,139414,3,42.886,-78.841,Breaking & Entering
136930,139415,3,42.861,-78.814,Theft
136938,139423,3,42.896,-78.818,Theft
136956,139441,3,42.882,-78.841,Theft
136957,139442,3,42.844,-78.825,Theft
136973,139458,3,42.864,-78.816,Theft
136975,139460,3,42.886,-78.84,Breaking & Entering
136980,139465,3,42.851,-78.804,Theft
136995,139480,3,42.837,-78.827,Theft
136998,139483,3,42.845,-78.812,Theft
137002,139487,3,42.896,-78.824,Assault
137022,139507,3,42.89,-78.837,Theft
137024,139509,3,42.893,-78.835,Theft
137026,139511,3,42.856,-78.812,Breaking & Entering
137027,139512,3,42.852,-78.828,Breaking & Entering
137037,139522,3,42.858,-78.817,Theft of Vehicle
137045,139530,3,42.898,-78.814,Breaking & Entering
137051,139536,3,42.842,-78.813,Theft
137052,139537,3,42.845,-78.824,Theft of Vehicle
137054,139539,3,42.87,-78.807,Assault
137059,139544,3,42.898,-78.807,Theft
137064,139549,3,42.872,-78.844,Breaking & Entering
137073,139558,3,42.849,-78.818,Theft
137074,139559,3,42.896,-78.816,Theft
137078,139563,3,42.893,-78.839,Theft
137079,139564,3,42.898,-78.807,Theft
137082,139567,3,42.836,-78.824,Assault
137085,139570,3,42.888,-78.841,Breaking & Entering
137086,139571,3,42.85,-78.827,Theft of Vehicle
137097,139582,3,42.889,-78.804,Breaking & Entering
137105,139591,3,42.892,-78.832,Theft of Vehicle
137107,139593,3,42.85,-78.822,Theft
137108,139594,3,42.857,-78.812,Theft
137111,139597,3,42.862,-78.818,Theft
137115,139601,3,42.885,-78.84,Theft
137118,139604,3,42.886,-78.841,Assault
137122,139608,3,42.858,-78.822,Theft
137128,139614,3,42.892,-78.811,Breaking & Entering
137132,139618,3,42.845,-78.812,Theft
137136,139622,3,42.851,-78.864,Breaking & Entering
137149,139635,3,42.894,-78.821,Assault
137156,139642,3,42.854,-78.829,Assault
137157,139643,3,42.858,-78.831,Theft
137159,139645,3,42.858,-78.813,Assault
137165,139651,3,42.871,-78.808,Breaking & Entering
137175,139661,3,42.869,-78.846,Sexual Assault
137176,139662,3,42.848,-78.832,Theft
137178,139664,3,42.854,-78.832,Assault
137179,139665,3,42.871,-78.834,Robbery
137186,139672,3,42.86,-78.809,Theft
137191,139677,3,42.853,-78.81,Breaking & Entering
137211,139697,3,42.872,-78.812,Other Sexual Offense
137216,139702,3,42.89,-78.808,Robbery
137219,139705,3,42.891,-78.843,Breaking & Entering
137220,139706,3,42.884,-78.843,Assault
137222,139708,3,42.841,-78.815,Theft
137228,139714,3,42.893,-78.832,Theft of Vehicle
137243,139729,3,42.896,-78.839,Breaking & Entering
137246,139732,3,42.853,-78.813,Breaking & Entering
137254,139740,3,42.895,-78.824,Assault
137257,139743,3,42.851,-78.803,Theft
137262,139749,3,42.855,-78.809,Breaking & Entering
137272,139759,3,42.858,-78.818,Theft
137277,139764,3,42.861,-78.807,Theft
137283,139770,3,42.891,-78.832,Breaking & Entering
137286,139773,3,42.87,-78.837,Breaking & Entering
137287,139774,3,42.858,-78.83,Theft
137291,139778,3,42.877,-78.827,Theft
137305,139792,3,42.884,-78.835,Robbery
137312,139799,3,42.851,-78.813,Theft
137318,139806,3,42.88,-78.834,Assault
137334,139822,3,42.89,-78.811,Assault
137336,139824,3,42.844,-78.818,Breaking & Entering
137340,139828,3,42.88,-78.835,Assault
137346,139834,3,42.854,-78.828,Breaking & Entering
137350,139838,3,42.852,-78.809,Breaking & Entering
137354,139842,3,42.843,-78.826,Breaking & Entering
137360,139848,3,42.896,-78.82,Theft
137364,139852,3,42.899,-78.81,Theft
137366,139854,3,42.894,-78.835,Robbery
137373,139861,3,42.867,-78.823,Assault
137375,139863,3,42.89,-78.802,Assault
137385,139873,3,42.869,-78.829,Theft
137402,139891,3,42.895,-78.836,Theft
137406,139895,3,42.852,-78.815,Theft of Vehicle
137413,139902,3,42.854,-78.808,Theft
137419,139908,3,42.851,-78.803,Theft
137422,139911,3,42.894,-78.841,Assault
137428,139917,3,42.887,-78.814,Breaking & Entering
137430,139919,3,42.868,-78.846,Breaking & Entering
137432,139921,3,42.892,-78.825,Robbery
137446,139935,3,42.847,-78.855,Theft
137459,139948,3,42.897,-78.823,Assault
137460,139949,3,42.857,-78.811,Assault
137470,139959,3,42.855,-78.832,Theft
137477,139966,3,42.885,-78.81,Breaking & Entering
137481,139970,3,42.871,-78.808,Theft
137488,139977,3,42.895,-78.819,Assault
137492,139981,3,42.874,-78.827,Breaking & Entering
137495,139984,3,42.847,-78.803,Assault
137510,140001,3,42.896,-78.838,Assault
137512,140004,3,42.89,-78.801,Assault
137515,140007,3,42.85,-78.822,Theft
137520,140012,3,42.847,-78.813,Theft
137527,140019,3,42.899,-78.831,Theft
137528,140020,3,42.896,-78.817,Theft
137534,140026,3,42.896,-78.817,Theft
137535,140027,3,42.866,-78.83,Theft of Vehicle
137542,140034,3,42.894,-78.821,Assault
137543,140035,3,42.899,-78.836,Assault
137550,140042,3,42.855,-78.833,Theft of Vehicle
137556,140048,3,42.899,-78.84,Breaking & Entering
137560,140052,3,42.89,-78.837,Theft
137572,140065,3,42.892,-78.826,Assault
137576,140069,3,42.894,-78.835,Assault
137586,140079,3,42.874,-78.804,Theft of Vehicle
137587,140080,3,42.884,-78.841,Theft of Vehicle
137591,140084,3,42.873,-78.8,Assault
137604,140097,3,42.835,-78.821,Assault
137610,140103,3,42.854,-78.83,Theft
137629,140123,3,42.858,-78.813,Theft
137630,140124,3,42.897,-78.814,Theft
137635,140129,3,42.852,-78.829,Theft
137637,140131,3,42.896,-78.816,Robbery
137639,140134,3,42.867,-78.849,Theft
137641,140136,3,42.897,-78.82,Assault
137643,140138,3,42.858,-78.826,Theft
137644,140139,3,42.874,-78.808,Robbery
137651,140146,3,42.891,-78.83,Theft
137652,140147,3,42.896,-78.823,Assault
137654,140149,3,42.895,-78.839,Theft
137675,140171,3,42.892,-78.812,Theft
137678,140174,3,42.879,-78.813,Theft
137682,140178,3,42.861,-78.816,Other Sexual Offense
137683,140179,3,42.886,-78.813,Breaking & Entering
137685,140181,3,42.869,-78.829,Breaking & Entering
137686,140182,3,42.896,-78.835,Breaking & Entering
137688,140184,3,42.84,-78.801,Breaking & Entering
137693,140189,3,42.895,-78.822,Assault
137694,140190,3,42.856,-78.815,Assault
137701,140197,3,42.873,-78.853,Breaking & Entering
137716,140212,3,42.868,-78.808,Breaking & Entering
137718,140214,3,42.855,-78.828,Theft
137722,140218,3,42.873,-78.823,Breaking & Entering
137732,140228,3,42.88,-78.841,Assault
137738,140234,3,42.86,-78.825,Theft
137745,140241,3,42.863,-78.815,Theft
137748,140244,3,42.854,-78.828,Assault
137755,140251,3,42.857,-78.828,Theft
137764,140260,3,42.856,-78.809,Assault
137771,140267,3,42.898,-78.836,Theft
137777,140273,3,42.889,-78.843,Theft
137778,140274,3,42.856,-78.835,Assault
137782,140279,3,42.852,-78.826,Assault
137786,140283,3,42.889,-78.838,Assault
137791,140288,3,42.888,-78.816,Theft
137797,140294,3,42.899,-78.818,Robbery
137801,140298,3,42.848,-78.808,Assault
137802,140299,3,42.85,-78.814,Theft
137813,140310,3,42.885,-78.808,Theft of Vehicle
137826,140323,3,42.851,-78.806,Theft
137835,140332,3,42.842,-78.817,Theft
137839,140336,3,42.891,-78.83,Breaking & Entering
137845,140342,3,42.882,-78.835,Theft
137846,140343,3,42.851,-78.827,Assault
137847,140344,3,42.877,-78.841,Theft
137849,140347,3,42.876,-78.828,Theft
137853,140351,3,42.891,-78.844,Assault
137856,140354,3,42.847,-78.81,Theft
137860,140358,3,42.894,-78.819,Breaking & Entering
137867,140365,3,42.853,-78.81,Theft
137868,140366,3,42.889,-78.808,Assault
137878,140376,3,42.866,-78.843,Breaking & Entering
137891,140389,3,42.89,-78.809,Theft of Vehicle
137900,140398,3,42.893,-78.834,Breaking & Entering
137906,140404,3,42.845,-78.813,Theft
137910,140409,3,42.863,-78.814,Theft
137913,140412,3,42.887,-78.837,Theft of Vehicle
137915,140414,3,42.837,-78.809,Theft
137917,140416,3,42.854,-78.811,Assault
137924,140423,3,42.855,-78.812,Assault
137930,140429,3,42.895,-78.819,Theft of Vehicle
137933,140433,3,42.868,-78.846,Robbery
137951,140451,3,42.886,-78.838,Theft of Vehicle
137955,140455,3,42.897,-78.84,Assault
137962,140462,3,42.855,-78.824,Breaking & Entering
137968,140468,3,42.867,-78.851,Breaking & Entering
137970,140470,3,42.899,-78.816,Breaking & Entering
137977,140477,3,42.84,-78.819,Theft of Vehicle
137979,140479,3,42.893,-78.821,Robbery
137986,140487,3,42.856,-78.828,Theft of Vehicle
137997,140498,3,42.889,-78.808,Theft
138008,140509,3,42.871,-78.834,Assault
138016,140517,3,42.845,-78.816,Assault
138025,140526,3,42.888,-78.842,Theft
138027,140528,3,42.892,-78.833,Theft
138029,140530,3,42.867,-78.846,Assault
138031,140532,3,42.858,-78.83,Theft
138040,140541,3,42.898,-78.807,Theft
138043,140544,3,42.855,-78.812,Assault
138044,140545,3,42.845,-78.836,Theft of Vehicle
138046,140547,3,42.88,-78.834,Breaking & Entering
138053,140554,3,42.882,-78.836,Assault
138056,140557,3,42.875,-78.829,Theft
138057,140558,3,42.899,-78.826,Assault
138059,140560,3,42.886,-78.84,Breaking & Entering
138075,140576,3,42.887,-78.844,Assault
138077,140578,3,42.886,-78.838,Theft of Vehicle
138084,140585,3,42.895,-78.837,Theft
138086,140587,3,42.847,-78.825,Theft
138099,140600,3,42.85,-78.824,Robbery
138100,140601,3,42.898,-78.816,Breaking & Entering
138108,140610,3,42.851,-78.821,Assault
138110,140612,3,42.87,-78.832,Theft
138111,140613,3,42.846,-78.802,Assault
138118,140620,3,42.86,-78.814,Robbery
138119,140621,3,42.878,-78.801,Assault
138128,140630,3,42.88,-78.834,Breaking & Entering
138131,140633,3,42.869,-78.809,Theft
138146,140648,3,42.853,-78.828,Breaking & Entering
138149,140651,3,42.846,-78.822,Assault
138150,140652,3,42.895,-78.839,Breaking & Entering
138154,140656,3,42.892,-78.83,Theft
138159,140661,3,42.878,-78.801,Breaking & Entering
138161,140663,3,42.898,-78.833,Breaking & Entering
138163,140665,3,42.848,-78.824,Assault
138171,140673,3,42.886,-78.827,Theft
138175,140677,3,42.879,-78.842,Theft
138179,140681,3,42.839,-78.805,Theft
138194,140697,3,42.89,-78.805,Assault
138195,140698,3,42.87,-78.803,Theft
138204,140707,3,42.851,-78.809,Breaking & Entering
138211,140714,3,42.898,-78.807,Theft
138215,140718,3,42.889,-78.838,Breaking & Entering
138225,140728,3,42.893,-78.835,Theft
138231,140735,3,42.873,-78.818,Theft
138250,140754,3,42.837,-78.805,Theft
138255,140760,3,42.885,-78.834,Theft
138259,140765,3,42.871,-78.835,Theft
138269,140775,3,42.895,-78.83,Theft
138272,140778,3,42.85,-78.832,Theft
138274,140780,3,42.851,-78.806,Breaking & Entering
138281,140787,3,42.897,-78.804,Breaking & Entering
138282,140788,3,42.863,-78.82,Breaking & Entering
138285,140791,3,42.846,-78.826,Theft
138290,140796,3,42.898,-78.839,Assault
138295,140801,3,42.893,-78.838,Robbery
138302,140808,3,42.891,-78.841,Assault
138303,140809,3,42.888,-78.805,Theft
138315,140822,3,42.86,-78.815,Theft
138325,140832,3,42.895,-78.84,Breaking & Entering
138335,140842,3,42.894,-78.802,Theft
138338,140845,3,42.898,-78.807,Theft
138344,140851,3,42.874,-78.827,Assault
138347,140854,3,42.858,-78.83,Assault
138356,140863,3,42.851,-78.803,Breaking & Entering
138357,140864,3,42.875,-78.83,Breaking & Entering
138362,140869,3,42.86,-78.813,Sexual Assault
138363,140870,3,42.891,-78.803,Theft
138365,140872,3,42.85,-78.801,Theft of Vehicle
138367,140874,3,42.891,-78.835,Theft
138370,140877,3,42.848,-78.824,Theft of Vehicle
138371,140878,3,42.875,-78.833,Breaking & Entering
138379,140886,3,42.896,-78.818,Theft
138382,140889,3,42.895,-78.837,Breaking & Entering
138383,140890,3,42.882,-78.841,Theft of Vehicle
138384,140891,3,42.88,-78.833,Assault
138402,140910,3,42.832,-78.815,Theft
138405,140913,3,42.852,-78.803,Breaking & Entering
138410,140918,3,42.839,-78.802,Theft
138428,140936,3,42.87,-78.826,Theft
138434,140942,3,42.897,-78.826,Assault
138439,140947,3,42.893,-78.821,Breaking & Entering
138451,140959,3,42.858,-78.813,Theft
138456,140964,3,42.893,-78.821,Breaking & Entering
138459,140967,3,42.895,-78.806,Breaking & Entering
138460,140968,3,42.899,-78.836,Assault
138470,140978,3,42.884,-78.833,Theft
138487,140995,3,42.886,-78.805,Theft of Vehicle
138490,140998,3,42.897,-78.819,Theft
138497,141005,3,42.868,-78.809,Assault
138516,141024,3,42.857,-78.823,Assault
138522,141030,3,42.845,-78.818,Theft
138523,141031,3,42.852,-78.829,Robbery
138529,141037,3,42.896,-78.819,Theft of Vehicle
138540,141048,3,42.849,-78.812,Theft
138554,141062,3,42.893,-78.839,Theft of Vehicle
138555,141063,3,42.891,-78.831,Theft
138558,141066,3,42.858,-78.831,Theft
138560,141068,3,42.871,-78.81,Assault
138563,141071,3,42.873,-78.801,Assault
138586,141095,3,42.88,-78.842,Theft
138587,141096,3,42.884,-78.824,Assault
138588,141097,3,42.853,-78.82,Assault
138601,141110,3,42.857,-78.824,Robbery
138603,141112,3,42.893,-78.827,Robbery
138634,141144,3,42.872,-78.802,Assault
138635,141145,3,42.841,-78.822,Assault
138636,141146,3,42.892,-78.828,Breaking & Entering
138644,141154,3,42.857,-78.812,Theft
138658,141169,3,42.881,-78.84,Theft
138662,141173,3,42.882,-78.829,Theft
138670,141181,3,42.848,-78.827,Theft
138675,141186,3,42.89,-78.8,Assault
138676,141187,3,42.847,-78.823,Sexual Assault
138692,141203,3,42.851,-78.818,Breaking & Entering
138697,141208,3,42.835,-78.817,Sexual Assault
138698,141209,3,42.861,-78.814,Theft
138704,141215,3,42.848,-78.816,Theft
138706,141217,3,42.848,-78.824,Robbery
138708,141219,3,42.895,-78.829,Breaking & Entering
138711,141222,3,42.859,-78.806,Theft of Vehicle
138713,141224,3,42.873,-78.801,Breaking & Entering
138718,141229,3,42.833,-78.803,Breaking & Entering
138719,141230,3,42.868,-78.846,Assault
138728,141239,3,42.847,-78.829,Theft
138729,141240,3,42.879,-78.835,Theft
138731,141242,3,42.872,-78.807,Robbery
138735,141246,3,42.893,-78.842,Robbery
138740,141251,3,42.839,-78.804,Breaking & Entering
138744,141255,3,42.854,-78.82,Assault
138755,141266,3,42.895,-78.838,Breaking & Entering
138765,141276,3,42.889,-78.844,Breaking & Entering
138767,141278,3,42.85,-78.825,Assault
138772,141283,3,42.895,-78.83,Robbery
138775,141286,3,42.896,-78.808,Theft
138778,141289,3,42.859,-78.811,Theft of Vehicle
138786,141297,3,42.87,-78.833,Theft
138793,141304,3,42.892,-78.843,Assault
138794,141305,3,42.876,-78.849,Theft of Vehicle
138797,141308,3,42.896,-78.816,Assault
138820,141332,3,42.877,-78.845,Theft
138834,141346,3,42.881,-78.836,Theft
138843,141355,3,42.867,-78.849,Sexual Assault
138845,141357,3,42.895,-78.809,Theft
138849,141361,3,42.879,-78.842,Breaking & Entering
138854,141366,3,42.894,-78.834,Theft of Vehicle
138865,141377,3,42.845,-78.82,Theft
138868,141380,3,42.873,-78.821,Assault
138874,141386,3,42.895,-78.803,Theft
138876,141388,3,42.887,-78.815,Breaking & Entering
138881,141393,3,42.887,-78.8,Assault
138882,141394,3,42.85,-78.814,Theft
138885,141397,3,42.85,-78.802,Theft
138888,141400,3,42.867,-78.805,Theft
138895,141407,3,42.871,-78.815,Assault
138896,141408,3,42.893,-78.838,Assault
138907,141419,3,42.893,-78.837,Theft
138917,141429,3,42.879,-78.835,Breaking & Entering
138919,141431,3,42.896,-78.836,Breaking & Entering
138922,141434,3,42.897,-78.835,Breaking & Entering
138927,141439,3,42.851,-78.824,Breaking & Entering
138931,141443,3,42.86,-78.825,Theft
138932,141444,3,42.85,-78.831,Theft
138940,141452,3,42.852,-78.827,Theft
138948,141460,3,42.898,-78.836,Theft
138961,141473,3,42.878,-78.849,Theft
138963,141475,3,42.86,-78.825,Theft
138966,141479,3,42.89,-78.8,Robbery
138975,141488,3,42.85,-78.803,Assault
138981,141494,3,42.843,-78.824,Assault
138983,141496,3,42.848,-78.824,Theft
138990,141503,3,42.896,-78.813,Theft of Vehicle
138992,141505,3,42.858,-78.81,Theft of Vehicle
139000,141513,3,42.873,-78.806,Assault
139002,141515,3,42.884,-78.833,Theft
139003,141516,3,42.899,-78.822,Assault
139006,141519,3,42.868,-78.848,Breaking & Entering
139013,141526,3,42.848,-78.824,Theft
139014,141527,3,42.845,-78.819,Breaking & Entering
139022,141535,3,42.888,-78.843,Theft
139030,141543,3,42.892,-78.803,Assault
139034,141547,3,42.857,-78.813,Breaking & Entering
139040,141553,3,42.851,-78.825,Theft
139048,141562,3,42.896,-78.821,Assault
139073,141587,3,42.853,-78.802,Theft
139075,141589,3,42.847,-78.817,Theft
139083,141597,3,42.885,-78.814,Theft
139086,141600,3,42.883,-78.839,Robbery
139092,141606,3,42.898,-78.816,Assault
139099,141614,3,42.881,-78.801,Theft
139100,141615,3,42.858,-78.823,Theft
139106,141621,3,42.888,-78.808,Breaking & Entering
139115,141630,3,42.872,-78.802,Theft
139116,141631,3,42.891,-78.83,Breaking & Entering
139120,141635,3,42.856,-78.836,Theft
139123,141638,3,42.898,-78.831,Breaking & Entering
139126,141641,3,42.882,-78.835,Assault
139131,141647,3,42.841,-78.82,Theft
139140,141656,3,42.87,-78.833,Robbery
139155,141672,3,42.856,-78.826,Assault
139175,141692,3,42.882,-78.841,Theft
139184,141701,3,42.89,-78.837,Theft of Vehicle
139187,141704,3,42.866,-78.847,Breaking & Entering
139192,141710,3,42.896,-78.821,Sexual Assault
139196,141714,3,42.886,-78.839,Theft
139199,141717,3,42.884,-78.847,Theft
139203,141721,3,42.891,-78.813,Robbery
139222,141740,3,42.891,-78.803,Assault
139233,141751,3,42.848,-78.824,Theft of Vehicle
139237,141756,3,42.832,-78.811,Breaking & Entering
139240,141759,3,42.851,-78.806,Theft
139267,141788,3,42.874,-78.817,Homicide
139269,141790,3,42.88,-78.842,Assault
139272,141793,3,42.895,-78.822,Assault
139278,141799,3,42.898,-78.822,Theft
139279,141800,3,42.892,-78.844,Theft
139282,141803,3,42.881,-78.833,Theft of Vehicle
139283,141804,3,42.879,-78.835,Breaking & Entering
139293,141814,3,42.888,-78.8,Theft of Vehicle
139317,141838,3,42.885,-78.815,Theft
139344,141866,3,42.87,-78.811,Assault
139346,141868,3,42.896,-78.821,Theft
139352,141874,3,42.87,-78.823,Theft of Vehicle
139354,141876,3,42.89,-78.808,Theft
139356,141878,3,42.881,-78.84,Assault
139363,141885,3,42.854,-78.833,Breaking & Entering
139366,141888,3,42.889,-78.802,Assault
139374,141896,3,42.868,-78.837,Assault
139378,141900,3,42.839,-78.819,Theft
139380,141902,3,42.89,-78.805,Theft
139392,141914,3,42.858,-78.825,Assault
139395,141917,3,42.89,-78.836,Breaking & Entering
139408,141930,3,42.885,-78.839,Robbery
139412,141934,3,42.887,-78.802,Theft
139419,141941,3,42.884,-78.831,Theft
139420,141942,3,42.857,-78.827,Theft
139424,141946,3,42.878,-78.801,Theft
139427,141949,3,42.896,-78.817,Breaking & Entering
139437,141960,3,42.863,-78.825,Breaking & Entering
139441,141964,3,42.899,-78.83,Theft
139457,141981,3,42.879,-78.842,Breaking & Entering
139461,141985,3,42.887,-78.837,Theft
139463,141987,3,42.853,-78.803,Assault
139465,141989,3,42.885,-78.843,Assault
139474,141998,3,42.858,-78.814,Theft
139475,141999,3,42.899,-78.84,Breaking & Entering
139483,142007,3,42.853,-78.808,Assault
139486,142010,3,42.898,-78.816,Breaking & Entering
139491,142015,3,42.857,-78.812,Theft
139496,142021,3,42.885,-78.804,Assault
139505,142030,3,42.841,-78.82,Robbery
139512,142037,3,42.895,-78.815,Assault
139519,142044,3,42.898,-78.824,Theft
139523,142048,3,42.871,-78.834,Breaking & Entering
139541,142066,3,42.893,-78.841,Theft
139543,142068,3,42.854,-78.808,Theft
139546,142071,3,42.855,-78.832,Breaking & Entering
139547,142072,3,42.895,-78.819,Theft of Vehicle
139548,142073,3,42.899,-78.838,Assault
139552,142077,3,42.849,-78.827,Breaking & Entering
139559,142084,3,42.866,-78.851,Theft of Vehicle
139561,142086,3,42.886,-78.8,Theft
139567,142092,3,42.884,-78.839,Theft
139568,142093,3,42.856,-78.807,Theft
139573,142098,3,42.88,-78.841,Assault
139587,142112,3,42.871,-78.845,Other Sexual Offense
139588,142113,3,42.897,-78.819,Theft of Vehicle
139601,142126,3,42.891,-78.83,Breaking & Entering
139604,142129,3,42.871,-78.83,Assault
139605,142130,3,42.882,-78.801,Breaking & Entering
139606,142131,3,42.893,-78.839,Assault
139612,142137,3,42.893,-78.832,Assault
139617,142142,3,42.847,-78.824,Assault
139620,142145,3,42.859,-78.833,Breaking & Entering
139629,142154,3,42.893,-78.839,Theft
139635,142161,3,42.877,-78.833,Theft of Vehicle
139636,142162,3,42.854,-78.808,Theft
139641,142167,3,42.88,-78.833,Breaking & Entering
139644,142170,3,42.835,-78.826,Theft
139657,142183,3,42.895,-78.828,Assault
139658,142184,3,42.872,-78.807,Theft
139663,142189,3,42.836,-78.827,Assault
139668,142194,3,42.899,-78.823,Assault
139674,142200,3,42.893,-78.839,Breaking & Entering
139703,142229,3,42.862,-78.819,Assault
139706,142232,3,42.892,-78.829,Breaking & Entering
139708,142234,3,42.856,-78.807,Assault
139711,142237,3,42.868,-78.846,Assault
139723,142249,3,42.898,-78.823,Theft of Vehicle
139740,142266,3,42.832,-78.811,Theft
139750,142276,3,42.852,-78.826,Robbery
139761,142287,3,42.833,-78.821,Other Sexual Offense
139765,142291,3,42.857,-78.809,Assault
139766,142292,3,42.848,-78.827,Theft
139775,142301,3,42.897,-78.82,Theft
139776,142302,3,42.875,-78.85,Theft
139788,142314,3,42.852,-78.832,Breaking & Entering
139797,142323,3,42.89,-78.832,Theft
139798,142324,3,42.871,-78.845,Breaking & Entering
139806,142332,3,42.856,-78.83,Theft
139810,142336,3,42.84,-78.805,Theft
139814,142340,3,42.886,-78.839,Theft
139816,142342,3,42.859,-78.813,Theft
139828,142354,3,42.888,-78.839,Breaking & Entering
139837,142363,3,42.846,-78.817,Theft
139841,142367,3,42.898,-78.816,Assault
139843,142369,3,42.86,-78.814,Theft
139846,142372,3,42.842,-78.808,Theft
139864,142390,3,42.896,-78.826,Robbery
139867,142393,3,42.899,-78.831,Theft of Vehicle
139870,142396,3,42.855,-78.826,Sexual Assault
139871,142397,3,42.879,-78.837,Theft
139874,142400,3,42.833,-78.82,Assault
139887,142413,3,42.854,-78.834,Theft
139889,142415,3,42.842,-78.807,Homicide
139897,142423,3,42.862,-78.819,Assault
139898,142424,3,42.848,-78.808,Other Sexual Offense
139899,142426,3,42.85,-78.804,Assault
139906,142433,3,42.871,-78.831,Theft
139927,142455,3,42.897,-78.839,Breaking & Entering
139928,142456,3,42.861,-78.814,Breaking & Entering
139930,142458,3,42.842,-78.818,Theft
139949,142478,3,42.898,-78.811,Theft
139951,142480,3,42.852,-78.832,Breaking & Entering
139962,142491,3,42.855,-78.825,Theft of Vehicle
139969,142498,3,42.882,-78.835,Breaking & Entering
139973,142502,3,42.898,-78.807,Theft
139974,142503,3,42.859,-78.804,Breaking & Entering
139976,142505,3,42.848,-78.802,Robbery
139986,142515,3,42.898,-78.814,Theft
139999,142529,3,42.862,-78.818,Assault
140006,142536,3,42.885,-78.844,Robbery
140007,142537,3,42.856,-78.808,Breaking & Entering
140010,142540,3,42.895,-78.821,Assault
140011,142541,3,42.872,-78.806,Assault
140023,142553,3,42.869,-78.83,Theft
140028,142558,3,42.895,-78.807,Theft
140033,142563,3,42.852,-78.825,Assault
140040,142570,3,42.894,-78.822,Breaking & Entering
140043,142573,3,42.851,-78.829,Theft
140052,142582,3,42.857,-78.824,Other Sexual Offense
140056,142586,3,42.896,-78.826,Robbery
140060,142590,3,42.846,-78.826,Robbery
140066,142596,3,42.893,-78.837,Sexual Assault
140075,142605,3,42.853,-78.812,Robbery
140077,142608,3,42.858,-78.803,Theft
140081,142612,3,42.869,-78.85,Other Sexual Offense
140087,142619,3,42.893,-78.839,Assault
140097,142629,3,42.832,-78.808,Theft
140103,142635,3,42.844,-78.823,Theft
140104,142636,3,42.89,-78.832,Assault
140107,142639,3,42.87,-78.836,Breaking & Entering
140109,142641,3,42.865,-78.825,Theft
140110,142642,3,42.894,-78.809,Theft
140111,142643,3,42.87,-78.839,Theft of Vehicle
140115,142647,3,42.886,-78.812,Theft
140118,142650,3,42.858,-78.835,Breaking & Entering
140123,142655,3,42.891,-78.814,Assault
140127,142659,3,42.895,-78.828,Assault
140128,142660,3,42.896,-78.832,Theft
140129,142661,3,42.889,-78.808,Theft
140132,142664,3,42.858,-78.816,Theft of Vehicle
140135,142667,3,42.891,-78.836,Breaking & Entering
140139,142672,3,42.858,-78.825,Theft
140140,142673,3,42.893,-78.806,Breaking & Entering
140141,142674,3,42.857,-78.808,Other Sexual Offense
140145,142678,3,42.872,-78.853,Theft
140148,142681,3,42.885,-78.809,Breaking & Entering
140149,142682,3,42.872,-78.853,Breaking & Entering
140152,142686,3,42.841,-78.809,Theft
140154,142688,3,42.881,-78.801,Theft
140155,142689,3,42.895,-78.83,Assault
140157,142691,3,42.87,-78.836,Breaking & Entering
140162,142696,3,42.843,-78.824,Theft of Vehicle
140175,142709,3,42.859,-78.813,Theft of Vehicle
140192,142727,3,42.857,-78.812,Theft
140195,142730,3,42.857,-78.817,Breaking & Entering
140196,142731,3,42.855,-78.824,Assault
140199,142734,3,42.896,-78.831,Theft
140201,142736,3,42.834,-78.81,Theft
140205,142740,3,42.87,-78.834,Theft
140208,142743,3,42.883,-78.83,Theft
140212,142747,3,42.866,-78.821,Theft
140213,142748,3,42.86,-78.809,Theft
140216,142751,3,42.871,-78.811,Breaking & Entering
140229,142764,3,42.847,-78.832,Theft
140230,142765,3,42.899,-78.82,Theft
140237,142772,3,42.851,-78.825,Theft
140239,142774,3,42.877,-78.827,Theft
140246,142781,3,42.854,-78.832,Assault
140250,142785,3,42.88,-78.845,Theft
140253,142788,3,42.87,-78.805,Theft
140256,142791,3,42.896,-78.823,Assault
140259,142794,3,42.894,-78.806,Breaking & Entering
140260,142795,3,42.861,-78.812,Theft of Vehicle
140269,142804,3,42.854,-78.808,Assault
140273,142808,3,42.894,-78.838,Assault
140277,142812,3,42.898,-78.807,Theft
140281,142816,3,42.893,-78.837,Theft
140284,142819,3,42.888,-78.836,Assault
140292,142827,3,42.85,-78.832,Theft
140309,142844,3,42.848,-78.817,Theft
140319,142854,3,42.887,-78.815,Breaking & Entering
140322,142857,3,42.872,-78.812,Assault
140330,142866,3,42.842,-78.804,Breaking & Entering
140331,142867,3,42.848,-78.824,Theft
140333,142869,3,42.896,-78.836,Assault
140334,142870,3,42.887,-78.801,Theft
140340,142876,3,42.856,-78.81,Assault
140349,142885,3,42.856,-78.808,Assault
140350,142886,3,42.872,-78.812,Theft
140355,142891,3,42.895,-78.832,Theft
140357,142893,3,42.893,-78.841,Theft
140358,142894,3,42.856,-78.805,Assault
140359,142895,3,42.852,-78.825,Robbery
140366,142902,3,42.893,-78.833,Assault
140368,142904,3,42.858,-78.814,Theft
140370,142907,3,42.896,-78.823,Assault
140371,142908,3,42.867,-78.838,Breaking & Entering
140378,142915,3,42.853,-78.809,Theft
140381,142918,3,42.895,-78.842,Assault
140383,142920,3,42.882,-78.839,Assault
140397,142934,3,42.899,-78.822,Breaking & Entering
140399,142936,3,42.84,-78.827,Breaking & Entering
140402,142939,3,42.862,-78.818,Theft
140408,142945,3,42.876,-78.823,Theft
140411,142948,3,42.851,-78.802,Theft
140413,142950,3,42.835,-78.806,Theft
140415,142952,3,42.837,-78.824,Theft
140416,142953,3,42.895,-78.829,Assault
140417,142954,3,42.885,-78.804,Breaking & Entering
140421,142958,3,42.853,-78.823,Assault
140424,142961,3,42.891,-78.84,Breaking & Entering
140425,142962,3,42.898,-78.831,Theft
140428,142965,3,42.878,-78.833,Breaking & Entering
140432,142969,3,42.852,-78.823,Theft
140434,142971,3,42.857,-78.824,Theft
140435,142972,3,42.853,-78.826,Assault
140441,142978,3,42.894,-78.835,Theft of Vehicle
140445,142982,3,42.892,-78.812,Theft
140447,142984,3,42.869,-78.83,Assault
140450,142987,3,42.858,-78.821,Breaking & Entering
140451,142988,3,42.896,-78.816,Assault
140456,142993,3,42.881,-78.845,Theft
140459,142996,3,42.842,-78.82,Theft of Vehicle
140462,142999,3,42.847,-78.832,Breaking & Entering
140475,143012,3,42.894,-78.835,Theft
140481,143019,3,42.852,-78.825,Theft
140490,143028,3,42.851,-78.801,Assault
140506,143044,3,42.897,-78.817,Assault
140507,143045,3,42.837,-78.825,Theft
140516,143054,3,42.894,-78.835,Assault
140517,143055,3,42.86,-78.809,Theft
140521,143059,3,42.885,-78.804,Theft
140528,143066,3,42.898,-78.819,Breaking & Entering
140531,143069,3,42.898,-78.832,Breaking & Entering
140535,143074,3,42.898,-78.807,Theft
140536,143075,3,42.842,-78.819,Breaking & Entering
140545,143084,3,42.852,-78.812,Theft of Vehicle
140546,143085,3,42.891,-78.844,Other Sexual Offense
140547,143086,3,42.858,-78.818,Breaking & Entering
140551,143090,3,42.838,-78.819,Theft
140564,143104,3,42.832,-78.815,Theft
140566,143106,3,42.895,-78.825,Breaking & Entering
140567,143107,3,42.898,-78.819,Breaking & Entering
140569,143109,3,42.848,-78.824,Theft
140572,143112,3,42.873,-78.85,Theft
140577,143117,3,42.869,-78.849,Theft
140586,143126,3,42.875,-78.808,Theft
140587,143128,3,42.899,-78.832,Theft of Vehicle
140588,143129,3,42.89,-78.8,Theft
140591,143132,3,42.89,-78.8,Assault
140602,143143,3,42.892,-78.832,Breaking & Entering
140608,143149,3,42.835,-78.815,Assault
140615,143156,3,42.892,-78.801,Theft
140616,143157,3,42.882,-78.836,Breaking & Entering
140625,143166,3,42.874,-78.827,Assault
140634,143175,3,42.856,-78.829,Breaking & Entering
140639,143180,3,42.894,-78.809,Breaking & Entering
140641,143182,3,42.87,-78.811,Assault
140655,143196,3,42.895,-78.83,Theft
140661,143202,3,42.882,-78.835,Theft
140663,143204,3,42.833,-78.816,Theft
140664,143205,3,42.843,-78.822,Theft
140665,143206,3,42.832,-78.815,Theft
140666,143207,3,42.884,-78.836,Breaking & Entering
140676,143217,3,42.897,-78.84,Breaking & Entering
140687,143228,3,42.896,-78.825,Assault
140691,143232,3,42.893,-78.821,Breaking & Entering
140700,143241,3,42.857,-78.824,Theft
140702,143243,3,42.85,-78.804,Theft
140706,143247,3,42.847,-78.816,Assault
140708,143249,3,42.858,-78.831,Theft
140718,143259,3,42.874,-78.845,Breaking & Entering
140719,143260,3,42.845,-78.823,Breaking & Entering
140720,143261,3,42.854,-78.825,Assault
140721,143262,3,42.893,-78.841,Theft
140725,143266,3,42.89,-78.834,Robbery
140726,143267,3,42.853,-78.828,Assault
140727,143268,3,42.895,-78.804,Assault
140729,143270,3,42.858,-78.833,Assault
140734,143275,3,42.878,-78.836,Assault
140735,143276,3,42.857,-78.812,Theft
140738,143279,3,42.893,-78.841,Assault
140745,143286,3,42.894,-78.834,Theft of Vehicle
140748,143289,3,42.894,-78.828,Breaking & Entering
140749,143290,3,42.871,-78.809,Theft
140750,143291,3,42.89,-78.811,Assault
140751,143292,3,42.897,-78.832,Theft
140752,143293,3,42.889,-78.813,Theft
140754,143295,3,42.898,-78.823,Breaking & Entering
140761,143302,3,42.86,-78.812,Theft
140762,143303,3,42.848,-78.812,Assault
140764,143305,3,42.857,-78.829,Theft
140765,143306,3,42.893,-78.839,Theft
140769,143310,3,42.854,-78.828,Theft
140772,143313,3,42.853,-78.808,Assault
140776,143317,3,42.892,-78.831,Breaking & Entering
140789,143330,3,42.857,-78.833,Breaking & Entering
140790,143331,3,42.893,-78.837,Theft
140791,143332,3,42.879,-78.844,Breaking & Entering
140796,143337,3,42.895,-78.805,Assault
140820,143361,3,42.836,-78.811,Theft
140826,143367,3,42.895,-78.827,Theft
140830,143371,3,42.873,-78.801,Theft
140831,143372,3,42.876,-78.848,Assault
140841,143383,3,42.878,-78.85,Theft of Vehicle
140843,143385,3,42.892,-78.836,Theft
140848,143390,3,42.838,-78.817,Theft of Vehicle
140853,143395,3,42.831,-78.824,Theft
140861,143403,3,42.871,-78.836,Theft
140864,143406,3,42.854,-78.808,Theft
140866,143408,3,42.841,-78.824,Theft
140873,143415,3,42.869,-78.806,Assault
140876,143418,3,42.837,-78.824,Theft of Vehicle
140879,143421,3,42.872,-78.845,Breaking & Entering
140891,143433,3,42.871,-78.811,Theft
140898,143440,3,42.857,-78.812,Theft
140904,143446,3,42.841,-78.824,Assault
140912,143455,3,42.862,-78.816,Theft of Vehicle
140914,143457,3,42.845,-78.814,Breaking & Entering
140917,143460,3,42.866,-78.849,Breaking & Entering
140921,143464,3,42.886,-78.844,Theft
140923,143466,3,42.884,-78.826,Theft
140926,143469,3,42.848,-78.812,Assault
140932,143475,3,42.852,-78.818,Assault
140940,143483,3,42.898,-78.837,Theft
140942,143485,3,42.87,-78.846,Breaking & Entering
140943,143486,3,42.848,-78.824,Theft
140947,143491,3,42.86,-78.825,Theft of Vehicle
140964,143508,3,42.891,-78.836,Theft of Vehicle
140968,143512,3,42.857,-78.814,Theft
140969,143513,3,42.883,-78.801,Breaking & Entering
140974,143518,3,42.852,-78.825,Robbery
140982,143526,3,42.893,-78.824,Breaking & Entering
140993,143537,3,42.841,-78.824,Theft
140999,143543,3,42.862,-78.801,Breaking & Entering
141000,143545,3,42.892,-78.825,Assault
141003,143548,3,42.869,-78.811,Breaking & Entering
141005,143550,3,42.85,-78.815,Theft
141010,143555,3,42.89,-78.837,Assault
141021,143566,3,42.87,-78.856,Assault
141027,143572,3,42.872,-78.804,Theft
141033,143578,3,42.897,-78.838,Theft
141037,143582,3,42.888,-78.846,Breaking & Entering
141038,143583,3,42.849,-78.803,Assault
141044,143589,3,42.858,-78.832,Assault
141046,143591,3,42.889,-78.836,Theft
141047,143592,3,42.897,-78.836,Assault
141055,143601,3,42.877,-78.841,Theft
141060,143606,3,42.862,-78.813,Assault
141067,143613,3,42.897,-78.817,Sexual Offense
141076,143622,3,42.894,-78.822,Breaking & Entering
141083,143629,3,42.848,-78.824,Assault
141090,143636,3,42.879,-78.845,Assault
141091,143637,3,42.896,-78.82,Theft
141100,143646,3,42.888,-78.814,Theft
141110,143657,3,42.868,-78.801,Assault
141111,143658,3,42.895,-78.822,Robbery
141112,143659,3,42.869,-78.83,Theft
141119,143666,3,42.858,-78.81,Robbery
141127,143674,3,42.851,-78.817,Theft
141128,143675,3,42.885,-78.81,Theft of Vehicle
141135,143682,3,42.855,-78.81,Breaking & Entering
141142,143689,3,42.894,-78.835,Breaking & Entering
141144,143691,3,42.868,-78.846,Breaking & Entering
141151,143698,3,42.852,-78.803,Theft
141153,143700,3,42.894,-78.824,Breaking & Entering
141163,143710,3,42.892,-78.808,Theft of Vehicle
141169,143716,3,42.887,-78.839,Breaking & Entering
141172,143719,3,42.849,-78.832,Breaking & Entering
141175,143722,3,42.854,-78.823,Theft
141177,143724,3,42.887,-78.808,Theft
141184,143731,3,42.842,-78.82,Assault
141188,143735,3,42.885,-78.814,Theft
141189,143736,3,42.87,-78.834,Assault
141190,143737,3,42.849,-78.831,Breaking & Entering
141195,143742,3,42.854,-78.827,Assault
141206,143753,3,42.881,-78.833,Theft of Vehicle
141211,143758,3,42.896,-78.826,Breaking & Entering
141226,143773,3,42.881,-78.829,Theft
141232,143779,3,42.852,-78.805,Theft
141240,143787,3,42.857,-78.811,Theft
141249,143796,3,42.882,-78.841,Breaking & Entering
141262,143809,3,42.843,-78.83,Assault
141264,143811,3,42.893,-78.837,Theft
141265,143812,3,42.896,-78.823,Theft
141268,143815,3,42.848,-78.824,Assault
141269,143816,3,42.857,-78.802,Breaking & Entering
141287,143834,3,42.848,-78.824,Assault
141291,143838,3,42.885,-78.81,Theft of Vehicle
141299,143846,3,42.897,-78.816,Breaking & Entering
141321,143869,3,42.893,-78.837,Theft
141328,143877,3,42.858,-78.831,Theft
141333,143882,3,42.862,-78.818,Theft
141350,143899,3,42.856,-78.833,Assault
141353,143902,3,42.871,-78.812,Assault
141359,143908,3,42.875,-78.806,Theft
141360,143909,3,42.894,-78.833,Theft
141364,143913,3,42.891,-78.831,Breaking & Entering
141371,143920,3,42.895,-78.83,Theft
141375,143924,3,42.865,-78.827,Theft
141377,143926,3,42.871,-78.833,Theft
141383,143932,3,42.896,-78.82,Theft
141395,143944,3,42.858,-78.831,Theft
141397,143946,3,42.894,-78.833,Theft
141398,143947,3,42.858,-78.831,Theft
141409,143958,3,42.855,-78.828,Assault
141414,143963,3,42.892,-78.814,Breaking & Entering
141415,143964,3,42.854,-78.825,Theft
141418,143967,3,42.896,-78.815,Assault
141423,143972,3,42.869,-78.808,Theft
141427,143976,3,42.866,-78.825,Theft
141433,143982,3,42.845,-78.825,Theft
141439,143988,3,42.896,-78.833,Breaking & Entering
141448,143997,3,42.854,-78.81,Assault
141469,144018,3,42.88,-78.836,Breaking & Entering
141470,144019,3,42.883,-78.808,Theft
141479,144029,3,42.851,-78.805,Breaking & Entering
141486,144036,3,42.896,-78.82,Theft
141497,144047,3,42.838,-78.824,Theft
141503,144053,3,42.893,-78.841,Assault
141510,144060,3,42.859,-78.806,Theft of Vehicle
141517,144067,3,42.843,-78.821,Breaking & Entering
141518,144068,3,42.89,-78.838,Assault
141520,144070,3,42.898,-78.807,Theft
141521,144071,3,42.887,-78.836,Theft
141522,144072,3,42.849,-78.814,Theft
141524,144074,3,42.858,-78.824,Assault
141527,144077,3,42.828,-78.824,Theft
141532,144082,3,42.873,-78.811,Theft
141537,144087,3,42.897,-78.809,Theft of Vehicle
141541,144091,3,42.871,-78.813,Theft
141542,144092,3,42.855,-78.8,Assault
141547,144097,3,42.877,-78.802,Breaking & Entering
141555,144105,3,42.838,-78.808,Robbery
141560,144110,3,42.865,-78.828,Theft
141561,144111,3,42.872,-78.82,Theft
141564,144114,3,42.855,-78.808,Breaking & Entering
141572,144123,3,42.848,-78.815,Theft
141583,144134,3,42.844,-78.827,Theft
141590,144141,3,42.847,-78.832,Theft of Vehicle
141600,144151,3,42.844,-78.826,Breaking & Entering
141603,144154,3,42.888,-78.815,Theft
141608,144159,3,42.85,-78.814,Theft of Vehicle
141612,144163,3,42.843,-78.822,Theft
141633,144184,3,42.869,-78.831,Theft
141634,144185,3,42.887,-78.841,Breaking & Entering
141635,144186,3,42.882,-78.845,Theft
141641,144192,3,42.89,-78.802,Breaking & Entering
141644,144195,3,42.892,-78.838,Assault
141648,144199,3,42.847,-78.824,Theft
141649,144200,3,42.868,-78.81,Assault
141664,144215,3,42.834,-78.822,Theft of Vehicle
141672,144224,3,42.832,-78.811,Theft
141703,144256,3,42.882,-78.847,Assault
141711,144264,3,42.896,-78.816,Assault
141714,144267,3,42.882,-78.841,Assault
141730,144284,3,42.896,-78.825,Theft
141741,144295,3,42.859,-78.835,Breaking & Entering
141742,144296,3,42.859,-78.834,Breaking & Entering
141748,144302,3,42.874,-78.844,Robbery
141764,144318,3,42.892,-78.842,Robbery
141766,144320,3,42.893,-78.83,Breaking & Entering
141769,144323,3,42.896,-78.825,Theft
141787,144342,3,42.895,-78.839,Assault
141788,144343,3,42.852,-78.827,Theft
141794,144349,3,42.89,-78.803,Theft
141804,144359,3,42.895,-78.82,Breaking & Entering
141808,144363,3,42.861,-78.81,Theft
141813,144368,3,42.851,-78.821,Theft
141815,144370,3,42.867,-78.823,Assault
141828,144383,3,42.894,-78.822,Breaking & Entering
141829,144384,3,42.87,-78.846,Theft
141833,144388,3,42.869,-78.828,Assault
141834,144389,3,42.892,-78.839,Breaking & Entering
141836,144391,3,42.869,-78.805,Assault
141848,144404,3,42.893,-78.839,Robbery
141851,144407,3,42.877,-78.844,Assault
141853,144409,3,42.87,-78.81,Theft of Vehicle
141856,144413,3,42.892,-78.813,Theft
141860,144417,3,42.891,-78.841,Theft
141863,144420,3,42.869,-78.829,Theft
141868,144425,3,42.895,-78.834,Breaking & Entering
141871,144428,3,42.854,-78.826,Breaking & Entering
141875,144432,3,42.858,-78.831,Theft
141881,144438,3,42.854,-78.808,Assault
141890,144447,3,42.86,-78.813,Theft
141891,144448,3,42.886,-78.838,Assault
141904,144461,3,42.886,-78.8,Theft
141914,144471,3,42.894,-78.835,Theft
141916,144473,3,42.896,-78.82,Theft
141917,144474,3,42.871,-78.805,Breaking & Entering
141928,144485,3,42.854,-78.828,Robbery
141937,144494,3,42.857,-78.815,Theft of Vehicle
141950,144507,3,42.888,-78.802,Breaking & Entering
141956,144514,3,42.896,-78.807,Theft
141957,144515,3,42.89,-78.812,Assault
141958,144516,3,42.855,-78.827,Theft
141972,144530,3,42.899,-78.816,Assault
141979,144537,3,42.843,-78.824,Breaking & Entering
141983,144541,3,42.896,-78.802,Theft
141984,144542,3,42.881,-78.836,Assault
141992,144550,3,42.879,-78.836,Theft
142000,144558,3,42.897,-78.823,Theft
142002,144560,3,42.867,-78.808,Assault
142012,144570,3,42.896,-78.804,Theft
142018,144576,3,42.871,-78.805,Sexual Assault
142021,144579,3,42.874,-78.81,Assault
142022,144580,3,42.88,-78.846,Assault
142024,144582,3,42.89,-78.816,Breaking & Entering
142030,144588,3,42.861,-78.811,Breaking & Entering
142041,144600,3,42.872,-78.836,Theft
142054,144613,3,42.871,-78.816,Theft
142055,144614,3,42.892,-78.832,Theft
142058,144617,3,42.876,-78.824,Theft
142064,144623,3,42.851,-78.811,Theft
142068,144627,3,42.851,-78.83,Theft
142074,144633,3,42.887,-78.814,Assault
142076,144635,3,42.896,-78.818,Robbery
142077,144636,3,42.863,-78.813,Theft of Vehicle
142080,144640,3,42.891,-78.833,Theft
142087,144647,3,42.897,-78.823,Theft
142104,144666,3,42.893,-78.831,Breaking & Entering
142105,144667,3,42.891,-78.8,Breaking & Entering
142108,144670,3,42.882,-78.833,Breaking & Entering
142112,144674,3,42.881,-78.801,Theft
142121,144683,3,42.895,-78.809,Theft of Vehicle
142129,144691,3,42.867,-78.847,Breaking & Entering
142137,144699,3,42.851,-78.801,Breaking & Entering
142138,144700,3,42.898,-78.831,Breaking & Entering
142140,144702,3,42.869,-78.851,Breaking & Entering
142141,144703,3,42.847,-78.812,Theft of Vehicle
142143,144705,3,42.854,-78.803,Theft
142144,144706,3,42.895,-78.839,Sexual Assault
142145,144707,3,42.859,-78.826,Theft
142150,144712,3,42.848,-78.824,Theft
142151,144713,3,42.876,-78.827,Theft
142168,144730,3,42.873,-78.852,Breaking & Entering
142171,144733,3,42.872,-78.802,Theft of Vehicle
142175,144737,3,42.874,-78.828,Breaking & Entering
142180,144742,3,42.874,-78.809,Theft
142182,144744,3,42.839,-78.817,Theft
142185,144747,3,42.858,-78.831,Theft
142187,144749,3,42.889,-78.834,Theft
142188,144750,3,42.873,-78.806,Theft
142194,144756,3,42.895,-78.832,Theft
142196,144758,3,42.849,-78.817,Theft
142213,144775,3,42.889,-78.803,Theft
142219,144781,3,42.868,-78.808,Theft
142220,144782,3,42.856,-78.801,Theft
142221,144783,3,42.895,-78.822,Assault
142226,144788,3,42.857,-78.833,Breaking & Entering
142229,144791,3,42.877,-78.812,Breaking & Entering
142234,144796,3,42.87,-78.84,Breaking & Entering
142238,144800,3,42.876,-78.85,Theft of Vehicle
142247,144809,3,42.857,-78.826,Breaking & Entering
142252,144814,3,42.881,-78.842,Assault
142257,144819,3,42.899,-78.819,Assault
142259,144821,3,42.891,-78.816,Theft
142260,144822,3,42.88,-78.834,Theft of Vehicle
142262,144824,3,42.856,-78.805,Theft
142263,144825,3,42.894,-78.828,Assault
142267,144829,3,42.895,-78.821,Breaking & Entering
142276,144838,3,42.894,-78.833,Theft of Vehicle
142286,144848,3,42.867,-78.807,Breaking & Entering
142293,144855,3,42.856,-78.836,Theft
142294,144856,3,42.886,-78.8,Assault
142325,144887,3,42.851,-78.811,Theft
142331,144893,3,42.85,-78.825,Theft
142332,144894,3,42.896,-78.817,Theft
142336,144898,3,42.882,-78.835,Breaking & Entering
142337,144899,3,42.896,-78.82,Theft
142341,144903,3,42.839,-78.809,Theft
142344,144906,3,42.854,-78.808,Breaking & Entering
142350,144912,3,42.888,-78.805,Assault
142353,144915,3,42.855,-78.809,Robbery
142359,144921,3,42.871,-78.846,Theft
142364,144926,3,42.896,-78.838,Other Sexual Offense
142365,144927,3,42.868,-78.807,Assault
142376,144938,3,42.867,-78.824,Theft
142380,144942,3,42.879,-78.844,Assault
142381,144943,3,42.879,-78.839,Breaking & Entering
142387,144949,3,42.854,-78.826,Breaking & Entering
142388,144950,3,42.898,-78.802,Breaking & Entering
142396,144958,3,42.891,-78.812,Assault
142402,144964,3,42.882,-78.832,Robbery
142406,144968,3,42.872,-78.801,Robbery
142408,144970,3,42.897,-78.817,Breaking & Entering
142413,144975,3,42.873,-78.803,Theft
142420,144982,3,42.897,-78.832,Assault
142428,144990,3,42.874,-78.817,Breaking & Entering
142432,144994,3,42.855,-78.827,Breaking & Entering
142448,145010,3,42.85,-78.815,Theft
142450,145012,3,42.852,-78.818,Theft
142452,145014,3,42.858,-78.813,Assault
142454,145016,3,42.895,-78.84,Theft
142469,145033,3,42.858,-78.821,Theft
142479,145043,3,42.851,-78.802,Robbery
142484,145048,3,42.895,-78.825,Theft
142492,145056,3,42.897,-78.819,Assault
142502,145066,3,42.858,-78.811,Robbery
142505,145069,3,42.888,-78.806,Theft
142509,145073,3,42.897,-78.841,Assault
142511,145075,3,42.847,-78.82,Breaking & Entering
142512,145076,3,42.896,-78.8,Breaking & Entering
142514,145078,3,42.862,-78.815,Breaking & Entering
142518,145082,3,42.876,-78.804,Theft
142519,145083,3,42.867,-78.822,Theft
142523,145087,3,42.85,-78.803,Robbery
142525,145089,3,42.889,-78.806,Theft
142526,145090,3,42.896,-78.822,Assault
142533,145097,3,42.882,-78.841,Assault
142534,145098,3,42.898,-78.831,Robbery
142545,145109,3,42.854,-78.808,Assault
142559,145123,3,42.859,-78.812,Assault
142560,145124,3,42.886,-78.802,Breaking & Entering
142563,145127,3,42.848,-78.812,Theft
142570,145134,3,42.844,-78.824,Theft
142584,145148,3,42.854,-78.804,Theft
142597,145161,3,42.851,-78.824,Theft
142600,145164,3,42.892,-78.801,Assault
142603,145167,3,42.895,-78.837,Theft
142607,145171,3,42.89,-78.802,Assault
142608,145172,3,42.896,-78.817,Theft
142618,145183,3,42.889,-78.835,Breaking & Entering
142621,145186,3,42.845,-78.829,Theft
142627,145192,3,42.86,-78.807,Theft
142628,145193,3,42.851,-78.827,Assault
142629,145194,3,42.886,-78.805,Theft
142643,145208,3,42.894,-78.843,Theft of Vehicle
142647,145212,3,42.855,-78.81,Breaking & Entering
142666,145231,3,42.898,-78.817,Assault
142667,145232,3,42.833,-78.824,Theft
142677,145242,3,42.899,-78.839,Assault
142679,145244,3,42.89,-78.838,Assault
142680,145245,3,42.858,-78.805,Assault
142708,145273,3,42.886,-78.815,Assault
142716,145282,3,42.857,-78.812,Theft
142727,145293,3,42.863,-78.812,Theft
142729,145295,3,42.892,-78.814,Theft
142733,145299,3,42.852,-78.801,Robbery
142737,145303,3,42.84,-78.82,Breaking & Entering
142740,145306,3,42.896,-78.807,Theft
142742,145308,3,42.842,-78.824,Assault
142743,145309,3,42.892,-78.832,Assault
142756,145322,3,42.873,-78.82,Robbery
142769,145335,3,42.877,-78.824,Theft
142782,145348,3,42.831,-78.824,Theft
142786,145352,3,42.891,-78.807,Theft
142798,145364,3,42.898,-78.807,Theft
142800,145366,3,42.84,-78.805,Assault
142801,145367,3,42.869,-78.834,Assault
142807,145373,3,42.857,-78.816,Assault
142815,145381,3,42.897,-78.82,Theft
142818,145384,3,42.87,-78.846,Assault
142820,145386,3,42.848,-78.824,Theft of Vehicle
142831,145397,3,42.887,-78.803,Breaking & Entering
142840,145406,3,42.876,-78.846,Theft
142841,145407,3,42.895,-78.839,Breaking & Entering
142842,145408,3,42.895,-78.838,Theft
142844,145410,3,42.837,-78.824,Assault
142845,145411,3,42.895,-78.819,Assault
142848,145415,3,42.857,-78.829,Theft
142862,145429,3,42.842,-78.826,Breaking & Entering
142864,145431,3,42.876,-78.843,Assault
142865,145432,3,42.855,-78.811,Breaking & Entering
142870,145437,3,42.89,-78.803,Theft
142884,145451,3,42.889,-78.812,Assault
142887,145454,3,42.875,-78.802,Assault
142894,145461,3,42.885,-78.814,Theft
142896,145463,3,42.852,-78.805,Assault
142907,145474,3,42.898,-78.816,Theft
142908,145475,3,42.864,-78.815,Theft
142909,145476,3,42.85,-78.815,Theft
142910,145477,3,42.859,-78.816,Assault
142919,145486,3,42.858,-78.814,Theft of Vehicle
142927,145494,3,42.894,-78.806,Assault
142930,145497,3,42.862,-78.816,Theft
142934,145501,3,42.841,-78.809,Theft
142937,145504,3,42.877,-78.828,Theft of Vehicle
142958,145525,3,42.868,-78.846,Assault
142959,145526,3,42.871,-78.81,Theft
142963,145530,3,42.877,-78.835,Assault
142966,145533,3,42.892,-78.84,Theft
142969,145536,3,42.896,-78.823,Robbery
142971,145539,3,42.844,-78.808,Theft
142972,145540,3,42.897,-78.825,Breaking & Entering
142977,145545,3,42.836,-78.807,Theft
142980,145548,3,42.893,-78.836,Theft
142997,145565,3,42.858,-78.815,Theft
143002,145570,3,42.897,-78.823,Robbery
143003,145571,3,42.873,-78.809,Breaking & Entering
143014,145582,3,42.89,-78.838,Theft
143026,145594,3,42.896,-78.824,Theft
143028,145596,3,42.854,-78.808,Theft
143042,145610,3,42.893,-78.823,Theft
143045,145613,3,42.857,-78.82,Theft
143046,145614,3,42.841,-78.812,Assault
143061,145629,3,42.858,-78.831,Theft
143062,145630,3,42.899,-78.818,Theft of Vehicle
143066,145634,3,42.853,-78.824,Assault
143074,145642,3,42.898,-78.819,Assault
143079,145647,3,42.878,-78.85,Breaking & Entering
143081,145649,3,42.889,-78.814,Theft
143085,145654,3,42.871,-78.807,Theft
143094,145663,3,42.897,-78.823,Assault
143109,145678,3,42.894,-78.821,Breaking & Entering
143110,145679,3,42.86,-78.817,Breaking & Entering
143113,145682,3,42.871,-78.838,Theft
143117,145686,3,42.857,-78.812,Theft
143118,145687,3,42.897,-78.809,Assault
143119,145689,3,42.876,-78.83,Breaking & Entering
143122,145692,3,42.835,-78.828,Theft
143124,145694,3,42.888,-78.835,Robbery
143126,145696,3,42.872,-78.811,Theft
143130,145700,3,42.874,-78.827,Theft
143139,145709,3,42.896,-78.835,Assault
143143,145713,3,42.854,-78.825,Theft of Vehicle
143147,145717,3,42.865,-78.827,Theft
143149,145719,3,42.875,-78.85,Theft
143150,145720,3,42.843,-78.822,Theft of Vehicle
143153,145723,3,42.898,-78.807,Theft
143161,145731,3,42.864,-78.825,Theft
143164,145734,3,42.886,-78.82,Theft of Vehicle
143165,145735,3,42.896,-78.82,Theft
143170,145740,3,42.858,-78.831,Theft
143171,145741,3,42.892,-78.832,Assault
143179,145750,3,42.881,-78.801,Theft
143184,145755,3,42.847,-78.824,Theft
143189,145760,3,42.852,-78.813,Theft
143190,145761,3,42.856,-78.807,Breaking & Entering
143207,145779,3,42.893,-78.837,Theft
143210,145782,3,42.897,-78.835,Breaking & Entering
143223,145795,3,42.855,-78.816,Breaking & Entering
143232,145805,3,42.86,-78.816,Assault
143234,145807,3,42.888,-78.803,Breaking & Entering
143235,145808,3,42.848,-78.802,Theft
143238,145811,3,42.853,-78.824,Other Sexual Offense
143239,145812,3,42.838,-78.805,Breaking & Entering
143250,145823,3,42.887,-78.802,Breaking & Entering
143254,145827,3,42.858,-78.831,Theft
143263,145836,3,42.851,-78.823,Theft
143267,145840,3,42.898,-78.836,Theft
143272,145845,3,42.891,-78.836,Assault
143274,145847,3,42.897,-78.814,Assault
143276,145849,3,42.884,-78.835,Assault
143288,145861,3,42.878,-78.802,Assault
143291,145864,3,42.846,-78.818,Breaking & Entering
143292,145865,3,42.839,-78.817,Breaking & Entering
143298,145871,3,42.885,-78.84,Theft
143309,145883,3,42.893,-78.837,Assault
143310,145884,3,42.897,-78.825,Robbery
143317,145891,3,42.898,-78.817,Breaking & Entering
143323,145897,3,42.896,-78.815,Assault
143326,145901,3,42.891,-78.838,Assault
143339,145914,3,42.893,-78.803,Robbery
143355,145930,3,42.891,-78.835,Assault
143361,145936,3,42.894,-78.833,Sexual Assault
143363,145938,3,42.895,-78.806,Theft
143364,145939,3,42.869,-78.829,Assault
143366,145941,3,42.85,-78.815,Theft
143370,145945,3,42.897,-78.814,Sexual Assault
143381,145956,3,42.852,-78.823,Breaking & Entering
143382,145957,3,42.899,-78.817,Theft
143393,145968,3,42.866,-78.821,Breaking & Entering
143397,145972,3,42.879,-78.834,Theft
143403,145978,3,42.85,-78.817,Theft
143405,145981,3,42.856,-78.808,Theft of Vehicle
143410,145986,3,42.898,-78.837,Breaking & Entering
143416,145993,3,42.89,-78.831,Theft
143419,145996,3,42.872,-78.85,Assault
143424,146001,3,42.859,-78.826,Theft
143425,146002,3,42.885,-78.84,Theft
143428,146005,3,42.855,-78.824,Assault
143433,146010,3,42.885,-78.804,Theft
143445,146022,3,42.854,-78.832,Assault
143453,146031,3,42.873,-78.801,Breaking & Entering
143456,146034,3,42.856,-78.808,Theft
143462,146040,3,42.897,-78.838,Assault
143464,146042,3,42.848,-78.824,Breaking & Entering
143465,146043,3,42.854,-78.829,Robbery
143467,146045,3,42.852,-78.829,Assault
143472,146050,3,42.892,-78.832,Theft
143480,146058,3,42.899,-78.816,Breaking & Entering
143489,146067,3,42.891,-78.837,Robbery
143492,146070,3,42.886,-78.843,Theft of Vehicle
143493,146071,3,42.834,-78.815,Theft of Vehicle
143495,146073,3,42.898,-78.831,Theft
143506,146084,3,42.897,-78.817,Theft
143511,146089,3,42.897,-78.817,Assault
143514,146092,3,42.888,-78.801,Breaking & Entering
143520,146098,3,42.871,-78.834,Assault
143536,146114,3,42.882,-78.84,Theft
143539,146117,3,42.838,-78.824,Theft
143540,146118,3,42.89,-78.8,Breaking & Entering
143548,146127,3,42.87,-78.846,Theft
143576,146156,3,42.893,-78.823,Robbery
143580,146160,3,42.842,-78.823,Theft
143581,146161,3,42.896,-78.8,Assault
143591,146171,3,42.889,-78.806,Assault
143600,146180,3,42.899,-78.837,Robbery
143625,146205,3,42.862,-78.816,Theft
143627,146207,3,42.841,-78.809,Breaking & Entering
143632,146212,3,42.893,-78.821,Theft of Vehicle
143643,146223,3,42.889,-78.8,Theft
143651,146231,3,42.857,-78.827,Theft
143655,146235,3,42.852,-78.823,Breaking & Entering
143659,146240,3,42.858,-78.813,Theft
143668,146249,3,42.896,-78.818,Theft
143677,146258,3,42.886,-78.839,Assault
143678,146259,3,42.893,-78.834,Theft
143679,146260,3,42.841,-78.824,Theft
143680,146261,3,42.875,-78.85,Theft
143687,146268,3,42.869,-78.806,Theft
143694,146275,3,42.887,-78.836,Breaking & Entering
143700,146281,3,42.848,-78.823,Breaking & Entering
143706,146288,3,42.899,-78.84,Breaking & Entering
143712,146294,3,42.888,-78.838,Theft
143713,146295,3,42.858,-78.831,Theft
143726,146308,3,42.856,-78.825,Robbery
143728,146310,3,42.868,-78.805,Breaking & Entering
143745,146327,3,42.887,-78.8,Robbery
143749,146331,3,42.889,-78.835,Theft
143758,146341,3,42.851,-78.804,Breaking & Entering
143762,146345,3,42.878,-78.833,Theft
143763,146346,3,42.85,-78.824,Theft
143764,146347,3,42.897,-78.804,Breaking & Entering
143779,146362,3,42.893,-78.838,Theft
143780,146363,3,42.891,-78.812,Assault
143784,146367,3,42.889,-78.807,Theft
143791,146374,3,42.861,-78.811,Theft
143793,146378,3,42.841,-78.85,Assault
143799,146384,3,42.851,-78.827,Assault
143801,146386,3,42.894,-78.83,Assault
143803,146388,3,42.873,-78.819,Breaking & Entering
143805,146390,3,42.86,-78.817,Breaking & Entering
143806,146391,3,42.858,-78.831,Theft
143813,146398,3,42.897,-78.815,Theft
143818,146403,3,42.893,-78.809,Breaking & Entering
143822,146407,3,42.865,-78.856,Theft
143823,146408,3,42.864,-78.825,Breaking & Entering
143826,146411,3,42.848,-78.824,Assault
143827,146412,3,42.863,-78.819,Theft
143831,146416,3,42.836,-78.822,Theft
143839,146424,3,42.873,-78.851,Assault
143845,146430,3,42.898,-78.807,Theft
143847,146432,3,42.897,-78.822,Theft of Vehicle
143851,146436,3,42.856,-78.834,Theft
143852,146437,3,42.897,-78.817,Breaking & Entering
143856,146441,3,42.853,-78.831,Theft
143865,146451,3,42.876,-78.843,Breaking & Entering
143873,146459,3,42.844,-78.824,Theft
143876,146462,3,42.853,-78.828,Breaking & Entering
143899,146485,3,42.891,-78.83,Theft
143901,146487,3,42.852,-78.829,Theft
143909,146496,3,42.866,-78.824,Theft
143912,146499,3,42.871,-78.832,Breaking & Entering
143913,146500,3,42.873,-78.804,Breaking & Entering
143917,146504,3,42.868,-78.801,Theft
143932,146519,3,42.856,-78.824,Assault
143935,146522,3,42.885,-78.808,Theft
143936,146523,3,42.894,-78.822,Assault
143939,146526,3,42.897,-78.834,Assault
143940,146527,3,42.883,-78.849,Theft of Vehicle
143953,146541,3,42.896,-78.832,Robbery
143954,146542,3,42.855,-78.801,Theft
143957,146545,3,42.852,-78.823,Theft
143960,146548,3,42.899,-78.834,Breaking & Entering
143962,146550,3,42.844,-78.823,Robbery
143967,146556,3,42.858,-78.83,Theft
143969,146558,3,42.848,-78.824,Theft
143970,146559,3,42.862,-78.815,Theft
143972,146561,3,42.855,-78.831,Assault
143973,146562,3,42.855,-78.833,Breaking & Entering
143990,146579,3,42.893,-78.82,Theft
143997,146586,3,42.898,-78.836,Breaking & Entering
144001,146590,3,42.896,-78.819,Theft of Vehicle
144002,146591,3,42.848,-78.824,Theft
144007,146596,3,42.877,-78.814,Theft of Vehicle
144008,146597,3,42.893,-78.819,Other Sexual Offense
144010,146599,3,42.896,-78.823,Assault
144013,146602,3,42.869,-78.832,Breaking & Entering
144024,146614,3,42.889,-78.808,Other Sexual Offense
144026,146616,3,42.872,-78.842,Breaking & Entering
144051,146641,3,42.89,-78.802,Theft
144053,146643,3,42.896,-78.823,Sexual Assault
144054,146644,3,42.877,-78.829,Assault
144058,146648,3,42.851,-78.81,Theft
144065,146655,3,42.899,-78.836,Theft of Vehicle
144074,146664,3,42.854,-78.806,Theft
144077,146667,3,42.897,-78.834,Breaking & Entering
144078,146668,3,42.894,-78.835,Sexual Assault
144085,146675,3,42.893,-78.841,Assault
144089,146679,3,42.851,-78.806,Theft
144091,146682,3,42.87,-78.846,Theft
144101,146693,3,42.889,-78.8,Assault
144112,146704,3,42.896,-78.806,Assault
144113,146705,3,42.895,-78.828,Assault
144117,146710,3,42.872,-78.816,Assault
144127,146720,3,42.855,-78.808,Theft
144133,146726,3,42.899,-78.832,Theft
144141,146734,3,42.894,-78.834,Robbery
144142,146735,3,42.888,-78.814,Theft
144143,146736,3,42.894,-78.837,Theft
144147,146740,3,42.842,-78.822,Theft
144149,146742,3,42.891,-78.808,Assault
144157,146750,3,42.854,-78.824,Theft
144165,146758,3,42.897,-78.817,Breaking & Entering
144175,146768,3,42.873,-78.81,Theft
144180,146773,3,42.87,-78.807,Assault
144181,146775,3,42.889,-78.811,Breaking & Entering
144183,146777,3,42.875,-78.806,Theft
144184,146778,3,42.892,-78.833,Assault
144187,146781,3,42.885,-78.803,Breaking & Entering
144197,146791,3,42.876,-78.827,Breaking & Entering
144201,146795,3,42.892,-78.811,Theft
144214,146808,3,42.852,-78.804,Theft
144219,146813,3,42.858,-78.813,Theft
144223,146818,3,42.854,-78.808,Theft
144226,146821,3,42.885,-78.804,Assault
144229,146824,3,42.851,-78.826,Assault
144236,146831,3,42.884,-78.824,Theft
144239,146834,3,42.897,-78.823,Sexual Assault
144242,146837,3,42.897,-78.835,Theft of Vehicle
144248,146843,3,42.85,-78.803,Breaking & Entering
144250,146845,3,42.834,-78.821,Theft of Vehicle
144255,146850,3,42.847,-78.823,Breaking & Entering
144256,146851,3,42.89,-78.844,Theft
144273,146868,3,42.892,-78.832,Breaking & Entering
144276,146871,3,42.841,-78.821,Theft of Vehicle
144278,146873,3,42.893,-78.833,Assault
144280,146875,3,42.867,-78.849,Breaking & Entering
144283,146878,3,42.841,-78.808,Theft
144287,146882,3,42.858,-78.83,Sexual Assault
144290,146886,3,42.859,-78.825,Theft
144291,146887,3,42.834,-78.816,Assault
144298,146894,3,42.856,-78.824,Robbery
144301,146897,3,42.884,-78.835,Robbery
144311,146907,3,42.867,-78.847,Assault
144314,146911,3,42.846,-78.827,Assault
144319,146916,3,42.833,-78.806,Breaking & Entering
144337,146934,3,42.854,-78.819,Theft
144339,146936,3,42.894,-78.835,Robbery
144340,146937,3,42.891,-78.838,Theft
144343,146940,3,42.891,-78.831,Theft
144344,146941,3,42.851,-78.823,Theft of Vehicle
144346,146943,3,42.897,-78.841,Assault
144367,146964,3,42.878,-78.836,Robbery
144374,146971,3,42.853,-78.802,Theft of Vehicle
144382,146979,3,42.874,-78.807,Theft
144399,146996,3,42.858,-78.814,Breaking & Entering
144404,147001,3,42.84,-78.861,Theft
144405,147002,3,42.861,-78.817,Assault
144410,147007,3,42.897,-78.84,Theft
144414,147011,3,42.862,-78.814,Assault
144415,147012,3,42.846,-78.82,Theft
144422,147019,3,42.849,-78.802,Theft
144426,147023,3,42.854,-78.83,Assault
144428,147025,3,42.873,-78.805,Theft
144431,147028,3,42.877,-78.842,Theft of Vehicle
144432,147029,3,42.853,-78.831,Theft
144435,147032,3,42.85,-78.803,Theft
144447,147044,3,42.892,-78.826,Assault
144458,147055,3,42.878,-78.849,Breaking & Entering
144461,147058,3,42.854,-78.808,Assault
144463,147061,3,42.856,-78.811,Theft
144467,147065,3,42.899,-78.837,Assault
144468,147066,3,42.855,-78.831,Theft of Vehicle
144488,147086,3,42.892,-78.83,Breaking & Entering
144494,147092,3,42.891,-78.805,Breaking & Entering
144497,147095,3,42.848,-78.824,Theft
144508,147106,3,42.891,-78.808,Theft of Vehicle
144514,147112,3,42.896,-78.825,Theft of Vehicle
144520,147118,3,42.877,-78.841,Theft of Vehicle
144521,147119,3,42.896,-78.839,Breaking & Entering
144524,147122,3,42.861,-78.817,Theft
144526,147125,3,42.897,-78.814,Assault
144530,147129,3,42.874,-78.851,Theft
144536,147136,3,42.87,-78.848,Robbery
144539,147139,3,42.89,-78.84,Breaking & Entering
144542,147142,3,42.898,-78.822,Assault
144547,147147,3,42.872,-78.806,Theft
144548,147148,3,42.853,-78.819,Theft
144549,147149,3,42.873,-78.842,Breaking & Entering
144555,147155,3,42.852,-78.817,Assault
144559,147159,3,42.889,-78.803,Theft
144562,147162,3,42.837,-78.812,Breaking & Entering
144565,147165,3,42.888,-78.836,Assault
144579,147179,3,42.855,-78.826,Robbery
144580,147180,3,42.869,-78.837,Theft
144590,147191,3,42.856,-78.836,Assault
144598,147199,3,42.882,-78.833,Breaking & Entering
144609,147210,3,42.898,-78.839,Theft
144625,147227,3,42.834,-78.824,Theft
144630,147232,3,42.856,-78.814,Sexual Offense
144631,147233,3,42.899,-78.822,Assault
144644,147246,3,42.889,-78.837,Breaking & Entering
144660,147262,3,42.852,-78.817,Breaking & Entering
144676,147278,3,42.844,-78.824,Assault
144682,147284,3,42.861,-78.815,Theft
144685,147287,3,42.858,-78.825,Assault
144690,147292,3,42.898,-78.8,Theft
144703,147305,3,42.842,-78.819,Theft
144712,147315,3,42.878,-78.836,Assault
144719,147322,3,42.853,-78.805,Assault
144722,147325,3,42.872,-78.812,Assault
144729,147332,3,42.87,-78.803,Theft
144731,147334,3,42.857,-78.825,Theft
144732,147335,3,42.856,-78.832,Theft
144734,147337,3,42.871,-78.804,Theft
144739,147342,3,42.846,-78.814,Assault
144741,147344,3,42.899,-78.819,Assault
144745,147348,3,42.879,-78.835,Theft of Vehicle
144748,147351,3,42.858,-78.833,Theft
144749,147352,3,42.88,-78.835,Theft
144754,147357,3,42.895,-78.837,Theft
144759,147362,3,42.893,-78.81,Theft
144761,147364,3,42.874,-78.809,Assault
144762,147365,3,42.895,-78.823,Theft of Vehicle
144770,147373,3,42.873,-78.809,Theft
144774,147377,3,42.841,-78.823,Theft
144782,147385,3,42.86,-78.81,Theft
144787,147390,3,42.899,-78.839,Breaking & Entering
144792,147396,3,42.855,-78.81,Breaking & Entering
144795,147399,3,42.884,-78.834,Theft of Vehicle
144806,147410,3,42.891,-78.831,Assault
144808,147412,3,42.889,-78.838,Theft
144811,147415,3,42.858,-78.831,Theft
144814,147418,3,42.86,-78.815,Theft
144816,147420,3,42.872,-78.805,Breaking & Entering
144823,147427,3,42.848,-78.812,Theft
144835,147439,3,42.898,-78.831,Theft
144836,147440,3,42.842,-78.809,Assault
144847,147451,3,42.854,-78.832,Theft
144851,147455,3,42.859,-78.822,Theft
144852,147456,3,42.896,-78.833,Breaking & Entering
144856,147460,3,42.833,-78.824,Assault
144859,147463,3,42.886,-78.814,Theft
144862,147466,3,42.895,-78.818,Theft
144863,147467,3,42.898,-78.801,Assault
144866,147470,3,42.852,-78.823,Theft
144867,147471,3,42.833,-78.824,Assault
144868,147472,3,42.871,-78.836,Assault
144877,147481,3,42.895,-78.819,Breaking & Entering
144885,147489,3,42.847,-78.855,Theft
144889,147493,3,42.853,-78.808,Theft
144891,147495,3,42.85,-78.812,Theft
144892,147496,3,42.869,-78.831,Breaking & Entering
144898,147502,3,42.854,-78.832,Assault
144929,147533,3,42.856,-78.823,Theft
144930,147534,3,42.865,-78.858,Theft
144944,147548,3,42.894,-78.838,Breaking & Entering
144948,147552,3,42.899,-78.836,Assault
144956,147560,3,42.87,-78.846,Breaking & Entering
144966,147570,3,42.898,-78.834,Breaking & Entering
144975,147579,3,42.886,-78.838,Assault
144976,147581,3,42.888,-78.815,Assault
144977,147582,3,42.89,-78.835,Breaking & Entering
145005,147611,3,42.852,-78.806,Robbery
145007,147613,3,42.859,-78.858,Breaking & Entering
145012,147619,3,42.845,-78.824,Theft
145020,147627,3,42.833,-78.823,Assault
145025,147632,3,42.893,-78.841,Theft
145029,147636,3,42.895,-78.835,Theft
145030,147637,3,42.886,-78.842,Robbery
145034,147641,3,42.848,-78.812,Assault
145036,147643,3,42.885,-78.839,Robbery
145037,147644,3,42.858,-78.813,Theft
145045,147652,3,42.87,-78.805,Breaking & Entering
145047,147654,3,42.898,-78.819,Breaking & Entering
145050,147658,3,42.855,-78.826,Theft
145051,147659,3,42.855,-78.811,Theft
145063,147671,3,42.897,-78.823,Theft
145074,147682,3,42.834,-78.814,Theft
145083,147691,3,42.857,-78.827,Assault
145091,147699,3,42.844,-78.828,Assault
145098,147706,3,42.855,-78.812,Theft of Vehicle
145111,147719,3,42.891,-78.815,Assault
145113,147721,3,42.878,-78.85,Theft of Vehicle
145122,147731,3,42.848,-78.824,Assault
145129,147738,3,42.833,-78.824,Theft
145135,147745,3,42.896,-78.818,Assault
145140,147750,3,42.847,-78.833,Theft
145143,147753,3,42.892,-78.834,Breaking & Entering
145152,147762,3,42.846,-78.823,Theft
145156,147766,3,42.884,-78.847,Assault
145168,147779,3,42.853,-78.83,Theft of Vehicle
145184,147795,3,42.89,-78.809,Breaking & Entering
145189,147800,3,42.847,-78.801,Theft
145191,147802,3,42.884,-78.822,Breaking & Entering
145193,147804,3,42.848,-78.823,Assault
145203,147815,3,42.896,-78.832,Breaking & Entering
145205,147817,3,42.854,-78.831,Other Sexual Offense
145208,147820,3,42.893,-78.839,Assault
145222,147834,3,42.857,-78.813,Theft of Vehicle
145224,147836,3,42.883,-78.849,Theft of Vehicle
145230,147842,3,42.836,-78.826,Theft
145234,147846,3,42.895,-78.821,Theft of Vehicle
145235,147847,3,42.858,-78.831,Theft
145248,147860,3,42.899,-78.823,Breaking & Entering
145249,147861,3,42.857,-78.829,Robbery
145253,147865,3,42.893,-78.837,Theft
145258,147870,3,42.863,-78.805,Breaking & Entering
145259,147871,3,42.894,-78.841,Robbery
145266,147878,3,42.896,-78.832,Theft
145268,147880,3,42.866,-78.848,Assault
145274,147887,3,42.893,-78.841,Theft
145282,147895,3,42.888,-78.816,Breaking & Entering
145284,147898,3,42.839,-78.857,Theft
145290,147904,3,42.853,-78.828,Breaking & Entering
145297,147911,3,42.865,-78.825,Breaking & Entering
145305,147919,3,42.89,-78.845,Homicide
145315,147929,3,42.854,-78.808,Assault
145322,147936,3,42.89,-78.839,Assault
145323,147937,3,42.853,-78.832,Assault
145324,147938,3,42.836,-78.806,Theft
145328,147942,3,42.895,-78.835,Robbery
145337,147951,3,42.899,-78.816,Assault
145338,147952,3,42.849,-78.803,Assault
145339,147953,3,42.888,-78.819,Theft
145350,147964,3,42.893,-78.829,Theft of Vehicle
145351,147965,3,42.856,-78.819,Theft of Vehicle
145352,147966,3,42.87,-78.846,Assault
145356,147970,3,42.853,-78.806,Theft
145358,147972,3,42.875,-78.844,Breaking & Entering
145359,147973,3,42.891,-78.837,Assault
145361,147975,3,42.857,-78.825,Theft
145372,147986,3,42.85,-78.831,Theft
145379,147993,3,42.848,-78.813,Theft
145380,147994,3,42.878,-78.814,Theft of Vehicle
145383,147997,3,42.886,-78.839,Breaking & Entering
145385,147999,3,42.897,-78.82,Theft
145388,148002,3,42.889,-78.816,Assault
145390,148004,3,42.853,-78.82,Theft
145394,148008,3,42.87,-78.856,Theft of Vehicle
145401,148015,3,42.862,-78.818,Theft
145404,148018,3,42.87,-78.838,Breaking & Entering
145412,148026,3,42.848,-78.812,Robbery
145413,148027,3,42.856,-78.825,Breaking & Entering
145418,148032,3,42.896,-78.806,Breaking & Entering
145419,148033,3,42.851,-78.822,Theft
145425,148039,3,42.885,-78.806,Theft of Vehicle
145432,148046,3,42.851,-78.804,Breaking & Entering
145435,148049,3,42.895,-78.823,Theft
145447,148061,3,42.857,-78.807,Theft
145449,148063,3,42.873,-78.852,Breaking & Entering
145453,148067,3,42.89,-78.804,Breaking & Entering
145456,148070,3,42.843,-78.821,Breaking & Entering
145460,148074,3,42.863,-78.843,Theft
145468,148082,3,42.896,-78.826,Assault
145475,148089,3,42.859,-78.809,Theft of Vehicle
145479,148093,3,42.853,-78.831,Theft
145482,148098,3,42.866,-78.85,Breaking & Entering
145486,148102,3,42.884,-78.829,Theft
145500,148116,3,42.858,-78.807,Assault
145503,148119,3,42.85,-78.826,Assault
145505,148121,3,42.871,-78.836,Other Sexual Offense
145517,148133,3,42.842,-78.827,Breaking & Entering
145520,148136,3,42.863,-78.814,Theft
145533,148149,3,42.851,-78.806,Assault
145535,148151,3,42.857,-78.813,Assault
145557,148173,3,42.85,-78.822,Theft
145559,148175,3,42.881,-78.802,Theft
145561,148177,3,42.871,-78.809,Assault
145562,148178,3,42.893,-78.839,Theft
145564,148180,3,42.887,-78.836,Theft
145565,148181,3,42.88,-78.835,Theft
145566,148182,3,42.838,-78.808,Theft
145571,148187,3,42.892,-78.838,Theft
145587,148203,3,42.896,-78.825,Theft
145591,148207,3,42.895,-78.838,Theft of Vehicle
145609,148225,3,42.842,-78.825,Assault
145614,148230,3,42.874,-78.806,Assault
145616,148232,3,42.871,-78.835,Assault
145618,148234,3,42.896,-78.823,Assault
145619,148235,3,42.834,-78.826,Theft
145626,148242,3,42.847,-78.82,Theft
145627,148243,3,42.856,-78.809,Theft
145628,148244,3,42.856,-78.835,Theft
145629,148245,3,42.89,-78.808,Theft
145630,148246,3,42.849,-78.821,Theft of Vehicle
145636,148252,3,42.872,-78.82,Robbery
145658,148275,3,42.891,-78.814,Robbery
145660,148277,3,42.897,-78.836,Assault
145662,148279,3,42.873,-78.806,Theft
145670,148287,3,42.85,-78.823,Theft of Vehicle
145673,148290,3,42.882,-78.849,Breaking & Entering
145679,148296,3,42.85,-78.803,Assault
145681,148298,3,42.851,-78.806,Assault
145692,148309,3,42.853,-78.832,Breaking & Entering
145695,148312,3,42.894,-78.829,Breaking & Entering
145700,148317,3,42.873,-78.825,Assault
145702,148319,3,42.892,-78.842,Theft
145703,148320,3,42.857,-78.833,Theft of Vehicle
145716,148333,3,42.851,-78.805,Theft of Vehicle
145717,148334,3,42.891,-78.832,Breaking & Entering
145718,148335,3,42.853,-78.805,Theft
145721,148338,3,42.836,-78.824,Theft
145726,148343,3,42.896,-78.82,Breaking & Entering
145732,148349,3,42.856,-78.832,Breaking & Entering
145736,148353,3,42.894,-78.836,Assault
145738,148355,3,42.89,-78.835,Theft
145744,148361,3,42.895,-78.823,Theft
145748,148365,3,42.882,-78.833,Breaking & Entering
145750,148367,3,42.895,-78.829,Theft of Vehicle
145755,148372,3,42.895,-78.829,Theft
145756,148373,3,42.896,-78.826,Breaking & Entering
145757,148374,3,42.896,-78.818,Theft of Vehicle
145762,148379,3,42.892,-78.831,Theft of Vehicle
145765,148382,3,42.893,-78.837,Robbery
145768,148385,3,42.894,-78.835,Assault
145771,148388,3,42.861,-78.812,Theft
145772,148389,3,42.851,-78.806,Theft
145773,148390,3,42.859,-78.812,Assault
145779,148397,3,42.886,-78.842,Assault
145792,148410,3,42.856,-78.832,Robbery
145793,148411,3,42.888,-78.84,Breaking & Entering
145795,148413,3,42.86,-78.807,Assault
145799,148417,3,42.879,-78.836,Breaking & Entering
145808,148426,3,42.885,-78.806,Theft
145817,148435,3,42.889,-78.808,Theft
145821,148439,3,42.887,-78.815,Breaking & Entering
145829,148447,3,42.898,-78.807,Theft
145834,148452,3,42.889,-78.806,Theft
145836,148454,3,42.877,-78.814,Theft
145841,148459,3,42.895,-78.82,Breaking & Entering
145842,148460,3,42.847,-78.812,Theft
145843,148461,3,42.899,-78.831,Theft
145845,148463,3,42.855,-78.833,Theft
145849,148467,3,42.884,-78.833,Theft
145853,148471,3,42.873,-78.803,Assault
145856,148474,3,42.867,-78.823,Theft
145862,148480,3,42.857,-78.824,Theft
145868,148486,3,42.856,-78.815,Assault
145875,148493,3,42.851,-78.803,Other Sexual Offense
145884,148502,3,42.892,-78.828,Breaking & Entering
145885,148503,3,42.895,-78.83,Assault
145903,148521,3,42.891,-78.825,Theft
145904,148522,3,42.855,-78.811,Theft
145909,148527,3,42.897,-78.819,Theft of Vehicle
145914,148532,3,42.87,-78.846,Breaking & Entering
145915,148533,3,42.836,-78.802,Breaking & Entering
145921,148539,3,42.895,-78.817,Assault
145928,148546,3,42.876,-78.829,Theft
145930,148548,3,42.888,-78.805,Breaking & Entering
145942,148560,3,42.885,-78.808,Assault
145949,148567,3,42.892,-78.805,Robbery
145951,148569,3,42.872,-78.807,Theft
145963,148581,3,42.894,-78.834,Assault
145964,148582,3,42.897,-78.814,Theft
145978,148596,3,42.897,-78.837,Theft
145980,148598,3,42.896,-78.833,Breaking & Entering
145982,148600,3,42.85,-78.802,Theft
145988,148606,3,42.878,-78.849,Breaking & Entering
145991,148609,3,42.872,-78.806,Breaking & Entering
146001,148619,3,42.852,-78.825,Assault
146003,148621,3,42.871,-78.837,Assault
146006,148624,3,42.896,-78.822,Theft of Vehicle
146009,148627,3,42.878,-78.848,Breaking & Entering
146010,148628,3,42.857,-78.808,Breaking & Entering
146011,148629,3,42.895,-78.835,Breaking & Entering
146025,148645,3,42.848,-78.836,Robbery
146032,148652,3,42.877,-78.825,Theft
146041,148661,3,42.851,-78.828,Theft
146046,148666,3,42.842,-78.824,Assault
146051,148671,3,42.872,-78.805,Theft
146054,148674,3,42.882,-78.841,Theft
146060,148680,3,42.855,-78.81,Theft of Vehicle
146072,148692,3,42.875,-78.833,Theft
146075,148695,3,42.884,-78.831,Assault
146077,148697,3,42.837,-78.821,Breaking & Entering
146086,148706,3,42.891,-78.814,Theft
146089,148709,3,42.884,-78.835,Theft of Vehicle
146090,148710,3,42.841,-78.825,Theft
146105,148725,3,42.849,-78.802,Assault
146108,148728,3,42.871,-78.831,Breaking & Entering
146123,148744,3,42.835,-78.814,Other Sexual Offense
146124,148745,3,42.847,-78.801,Breaking & Entering
146139,148760,3,42.847,-78.832,Robbery
146144,148765,3,42.834,-78.807,Assault
146149,148770,3,42.832,-78.811,Theft
146150,148771,3,42.847,-78.823,Theft of Vehicle
146155,148776,3,42.866,-78.821,Theft
146163,148785,3,42.842,-78.82,Breaking & Entering
146179,148801,3,42.891,-78.83,Theft
146185,148807,3,42.868,-78.846,Theft
146192,148814,3,42.851,-78.823,Theft
146220,148844,3,42.852,-78.823,Theft
146222,148846,3,42.838,-78.806,Theft
146225,148849,3,42.87,-78.848,Breaking & Entering
146228,148852,3,42.863,-78.809,Theft
146229,148853,3,42.887,-78.808,Theft
146232,148856,3,42.858,-78.808,Theft
146238,148862,3,42.87,-78.848,Robbery
146240,148864,3,42.839,-78.805,Assault
146246,148870,3,42.894,-78.822,Theft of Vehicle
146247,148871,3,42.898,-78.807,Theft
146250,148874,3,42.858,-78.831,Theft
146251,148875,3,42.852,-78.802,Assault
146256,148880,3,42.89,-78.805,Theft
146258,148882,3,42.897,-78.814,Theft of Vehicle
146270,148894,3,42.888,-78.804,Theft of Vehicle
146276,148900,3,42.893,-78.824,Theft of Vehicle
146279,148903,3,42.896,-78.82,Theft
146281,148905,3,42.857,-78.815,Theft
146282,148906,3,42.86,-78.815,Theft
146291,148915,3,42.85,-78.815,Sexual Assault
146304,148928,3,42.886,-78.8,Assault
146312,148937,3,42.897,-78.803,Theft
146324,148949,3,42.889,-78.837,Breaking & Entering
146326,148951,3,42.892,-78.806,Assault
146340,148965,3,42.855,-78.804,Assault
146343,148968,3,42.879,-78.841,Assault
146344,148969,3,42.896,-78.8,Theft
146352,148977,3,42.857,-78.806,Assault
146354,148979,3,42.888,-78.819,Breaking & Entering
146358,148983,3,42.89,-78.81,Theft of Vehicle
146362,148987,3,42.847,-78.832,Theft
146373,148998,3,42.875,-78.832,Breaking & Entering
146376,149001,3,42.894,-78.822,Assault
146380,149005,3,42.841,-78.809,Theft
146381,149006,3,42.877,-78.845,Assault
146383,149008,3,42.894,-78.834,Theft
146402,149027,3,42.893,-78.837,Theft
146406,149031,3,42.898,-78.83,Theft
146412,149037,3,42.893,-78.838,Theft
146418,149043,3,42.845,-78.861,Theft
146422,149047,3,42.853,-78.824,Assault
146425,149050,3,42.893,-78.806,Theft
146428,149053,3,42.871,-78.83,Breaking & Entering
146431,149057,3,42.857,-78.806,Theft
146439,149065,3,42.896,-78.839,Assault
146440,149066,3,42.851,-78.826,Theft
146452,149078,3,42.896,-78.819,Assault
146462,149088,3,42.894,-78.831,Breaking & Entering
146469,149095,3,42.854,-78.828,Other Sexual Offense
146471,149097,3,42.856,-78.805,Other Sexual Offense
146483,149109,3,42.847,-78.855,Theft
146496,149122,3,42.844,-78.824,Assault
146501,149127,3,42.858,-78.825,Assault
146510,149136,3,42.885,-78.814,Theft
146514,149140,3,42.849,-78.824,Breaking & Entering
146516,149142,3,42.888,-78.809,Theft
146517,149143,3,42.862,-78.819,Assault
146518,149144,3,42.845,-78.824,Theft
146520,149146,3,42.848,-78.824,Breaking & Entering
146524,149150,3,42.833,-78.824,Breaking & Entering
146525,149151,3,42.857,-78.812,Theft
146526,149152,3,42.882,-78.835,Breaking & Entering
146528,149154,3,42.869,-78.806,Sexual Assault
146536,149163,3,42.855,-78.827,Theft
146540,149167,3,42.849,-78.832,Theft
146543,149170,3,42.88,-78.841,Theft
146555,149182,3,42.898,-78.816,Theft
146567,149194,3,42.894,-78.834,Assault
146572,149199,3,42.856,-78.832,Theft
146573,149200,3,42.896,-78.822,Assault
146576,149203,3,42.841,-78.808,Theft of Vehicle
146588,149215,3,42.856,-78.834,Assault
146594,149221,3,42.856,-78.818,Theft
146597,149224,3,42.857,-78.81,Breaking & Entering
146603,149230,3,42.896,-78.836,Breaking & Entering
146617,149245,3,42.877,-78.841,Theft of Vehicle
146630,149258,3,42.872,-78.802,Breaking & Entering
146632,149260,3,42.836,-78.823,Assault
146639,149267,3,42.86,-78.815,Breaking & Entering
146646,149274,3,42.854,-78.808,Robbery
146650,149279,3,42.851,-78.802,Assault
146651,149280,3,42.851,-78.812,Theft
146653,149282,3,42.894,-78.838,Robbery
146655,149284,3,42.897,-78.813,Theft
146663,149292,3,42.858,-78.813,Theft
146664,149293,3,42.876,-78.827,Assault
146666,149295,3,42.891,-78.831,Theft
146677,149306,3,42.871,-78.843,Assault
146691,149320,3,42.849,-78.812,Theft
146696,149325,3,42.885,-78.824,Theft
146719,149348,3,42.875,-78.843,Theft
146720,149349,3,42.851,-78.805,Theft
146725,149354,3,42.897,-78.819,Robbery
146726,149355,3,42.895,-78.824,Theft
146738,149367,3,42.872,-78.81,Robbery
146740,149369,3,42.895,-78.82,Assault
146741,149370,3,42.854,-78.809,Assault
146742,149371,3,42.858,-78.804,Theft
146746,149375,3,42.856,-78.834,Breaking & Entering
146753,149382,3,42.872,-78.844,Breaking & Entering
146760,149389,3,42.891,-78.841,Assault
146764,149393,3,42.898,-78.816,Assault
146769,149398,3,42.894,-78.837,Theft of Vehicle
146783,149412,3,42.875,-78.832,Breaking & Entering
146792,149421,3,42.898,-78.807,Theft
146793,149422,3,42.888,-78.811,Breaking & Entering
146797,149426,3,42.847,-78.819,Theft of Vehicle
146802,149431,3,42.885,-78.847,Robbery
146805,149434,3,42.851,-78.827,Theft of Vehicle
146822,149451,3,42.887,-78.84,Breaking & Entering
146827,149456,3,42.894,-78.84,Theft of Vehicle
146829,149458,3,42.89,-78.834,Theft of Vehicle
146831,149461,3,42.878,-78.837,Theft
146832,149462,3,42.893,-78.837,Theft
146835,149465,3,42.865,-78.824,Breaking & Entering
146849,149479,3,42.858,-78.831,Theft
146866,149497,3,42.886,-78.813,Assault
146871,149502,3,42.899,-78.81,Theft
146886,149517,3,42.845,-78.811,Breaking & Entering
146896,149527,3,42.888,-78.836,Breaking & Entering
146899,149530,3,42.834,-78.843,Breaking & Entering
146915,149547,3,42.833,-78.816,Breaking & Entering
146925,149557,3,42.884,-78.842,Theft of Vehicle
146928,149560,3,42.842,-78.816,Breaking & Entering
146929,149561,3,42.889,-78.808,Theft
146931,149563,3,42.859,-78.809,Theft
146935,149567,3,42.864,-78.852,Assault
146937,149569,3,42.889,-78.808,Theft
146939,149571,3,42.844,-78.828,Theft of Vehicle
146953,149585,3,42.853,-78.819,Theft
146956,149588,3,42.89,-78.832,Theft
146957,149589,3,42.856,-78.832,Theft
146963,149595,3,42.861,-78.82,Assault
146969,149601,3,42.842,-78.816,Breaking & Entering
146977,149609,3,42.857,-78.811,Breaking & Entering
146992,149624,3,42.837,-78.824,Assault
146994,149626,3,42.85,-78.815,Theft
146995,149627,3,42.893,-78.836,Theft
146996,149628,3,42.857,-78.814,Assault
146997,149629,3,42.898,-78.838,Assault
146998,149630,3,42.886,-78.801,Theft
147005,149637,3,42.893,-78.837,Theft
147007,149639,3,42.88,-78.847,Breaking & Entering
147008,149641,3,42.854,-78.82,Breaking & Entering
147021,149654,3,42.893,-78.836,Breaking & Entering
147036,149669,3,42.869,-78.83,Breaking & Entering
147037,149670,3,42.845,-78.812,Theft of Vehicle
147040,149673,3,42.871,-78.805,Theft
147047,149680,3,42.884,-78.824,Robbery
147051,149684,3,42.843,-78.82,Robbery
147060,149693,3,42.891,-78.84,Theft
147063,149696,3,42.854,-78.808,Assault
147064,149697,3,42.877,-78.833,Assault
147070,149703,3,42.898,-78.807,Theft
147079,149713,3,42.885,-78.84,Breaking & Entering
147083,149717,3,42.859,-78.81,Assault
147084,149718,3,42.836,-78.822,Assault
147092,149726,3,42.842,-78.822,Theft of Vehicle
147094,149728,3,42.899,-78.81,Theft
147104,149738,3,42.846,-78.802,Breaking & Entering
147108,149742,3,42.892,-78.835,Breaking & Entering
147111,149745,3,42.898,-78.801,Breaking & Entering
147116,149750,3,42.87,-78.805,Assault
147119,149753,3,42.858,-78.831,Theft
147123,149757,3,42.839,-78.824,Theft
147135,149769,3,42.858,-78.822,Breaking & Entering
147140,149774,3,42.852,-78.806,Theft
147142,149776,3,42.86,-78.825,Theft
147143,149777,3,42.896,-78.816,Theft
147145,149779,3,42.856,-78.823,Robbery
147148,149782,3,42.891,-78.833,Assault
147149,149783,3,42.855,-78.824,Theft
147151,149785,3,42.857,-78.828,Assault
147163,149797,3,42.887,-78.815,Breaking & Entering
147164,149798,3,42.857,-78.804,Breaking & Entering
147169,149803,3,42.873,-78.809,Assault
147173,149807,3,42.886,-78.817,Breaking & Entering
147175,149810,3,42.886,-78.806,Theft
147176,149811,3,42.89,-78.803,Theft
147200,149835,3,42.875,-78.805,Assault
147204,149840,3,42.864,-78.816,Theft
147208,149844,3,42.896,-78.836,Assault
147210,149846,3,42.872,-78.833,Robbery
147214,149850,3,42.891,-78.81,Theft
147216,149852,3,42.856,-78.804,Theft
147226,149862,3,42.878,-78.83,Breaking & Entering
147231,149867,3,42.895,-78.804,Breaking & Entering
147233,149869,3,42.896,-78.808,Breaking & Entering
147247,149883,3,42.868,-78.847,Breaking & Entering
147250,149886,3,42.848,-78.832,Theft
147252,149888,3,42.856,-78.81,Theft
147253,149889,3,42.846,-78.827,Breaking & Entering
147259,149895,3,42.878,-78.801,Theft
147264,149900,3,42.898,-78.819,Breaking & Entering
147272,149908,3,42.856,-78.813,Theft
147288,149924,3,42.869,-78.831,Assault
147291,149927,3,42.845,-78.83,Breaking & Entering
147293,149929,3,42.893,-78.833,Breaking & Entering
147296,149932,3,42.849,-78.863,Theft
147300,149936,3,42.885,-78.839,Theft
147303,149939,3,42.869,-78.812,Breaking & Entering
147313,149949,3,42.87,-78.808,Breaking & Entering
147317,149954,3,42.895,-78.838,Theft
147322,149959,3,42.884,-78.833,Theft
147323,149960,3,42.858,-78.831,Theft
147338,149975,3,42.886,-78.807,Theft
147342,149979,3,42.876,-78.827,Theft of Vehicle
147350,149987,3,42.842,-78.829,Theft
147351,149988,3,42.869,-78.849,Breaking & Entering
147368,150005,3,42.897,-78.823,Sexual Assault
147370,150007,3,42.842,-78.819,Theft
147372,150009,3,42.857,-78.813,Theft
147373,150010,3,42.828,-78.824,Theft
147379,150016,3,42.868,-78.842,Theft
147381,150018,3,42.844,-78.824,Assault
147391,150028,3,42.847,-78.824,Theft
147395,150032,3,42.886,-78.811,Theft
147399,150036,3,42.881,-78.834,Assault
147400,150037,3,42.856,-78.809,Theft
147403,150040,3,42.858,-78.813,Theft
147406,150043,3,42.894,-78.835,Assault
147407,150044,3,42.885,-78.84,Assault
147408,150045,3,42.851,-78.803,Theft
147418,150055,3,42.897,-78.82,Theft of Vehicle
147429,150066,3,42.846,-78.826,Theft
147440,150077,3,42.894,-78.839,Breaking & Entering
147450,150087,3,42.85,-78.803,Theft
147458,150095,3,42.838,-78.812,Breaking & Entering
147459,150096,3,42.888,-78.815,Assault
147464,150101,3,42.895,-78.833,Theft
147470,150107,3,42.874,-78.817,Theft
147475,150112,3,42.876,-78.827,Theft
147485,150122,3,42.89,-78.835,Breaking & Entering
147486,150123,3,42.833,-78.806,Breaking & Entering
147490,150128,3,42.871,-78.804,Theft
147491,150129,3,42.892,-78.808,Breaking & Entering
147497,150135,3,42.881,-78.843,Breaking & Entering
147498,150136,3,42.882,-78.829,Theft
147502,150140,3,42.875,-78.83,Theft
147503,150141,3,42.845,-78.815,Theft
147504,150142,3,42.891,-78.802,Breaking & Entering
147505,150143,3,42.865,-78.827,Theft
147508,150146,3,42.885,-78.81,Breaking & Entering
147511,150149,3,42.89,-78.806,Theft
147519,150157,3,42.858,-78.81,Theft
147525,150163,3,42.898,-78.807,Theft
147544,150182,3,42.872,-78.813,Theft
147548,150186,3,42.859,-78.826,Theft
147549,150187,3,42.895,-78.816,Robbery
147553,150191,3,42.868,-78.846,Theft
147554,150192,3,42.896,-78.838,Theft
147557,150195,3,42.869,-78.8,Theft
147559,150197,3,42.879,-78.802,Theft
147560,150198,3,42.849,-78.827,Theft of Vehicle
147566,150204,3,42.845,-78.823,Theft
147588,150227,3,42.834,-78.824,Theft
147589,150228,3,42.833,-78.824,Theft
147596,150235,3,42.848,-78.823,Breaking & Entering
147600,150239,3,42.884,-78.829,Theft
147603,150242,3,42.861,-78.823,Assault
147616,150255,3,42.89,-78.835,Theft of Vehicle
147619,150258,3,42.891,-78.833,Breaking & Entering
147620,150259,3,42.849,-78.825,Theft
147630,150269,3,42.895,-78.84,Theft
147635,150274,3,42.888,-78.837,Breaking & Entering
147636,150275,3,42.869,-78.808,Theft
147645,150285,3,42.896,-78.836,Breaking & Entering
147648,150288,3,42.856,-78.815,Theft
147656,150296,3,42.851,-78.802,Theft
147666,150306,3,42.889,-78.814,Robbery
147668,150308,3,42.835,-78.809,Breaking & Entering
147669,150309,3,42.893,-78.831,Robbery
147672,150312,3,42.894,-78.838,Theft
147673,150313,3,42.897,-78.819,Assault
147675,150315,3,42.872,-78.806,Theft
147678,150318,3,42.839,-78.824,Theft
147679,150319,3,42.897,-78.834,Assault
147690,150330,3,42.898,-78.838,Theft of Vehicle
147691,150331,3,42.875,-78.825,Robbery
147692,150332,3,42.892,-78.815,Theft of Vehicle
147702,150343,3,42.858,-78.833,Breaking & Entering
147710,150352,3,42.848,-78.824,Theft
147712,150354,3,42.887,-78.844,Breaking & Entering
147715,150357,3,42.86,-78.825,Theft
147724,150367,3,42.891,-78.803,Assault
147729,150372,3,42.889,-78.81,Breaking & Entering
147734,150377,3,42.861,-78.807,Breaking & Entering
147738,150381,3,42.896,-78.831,Assault
147741,150384,3,42.852,-78.805,Theft
147743,150386,3,42.881,-78.802,Theft of Vehicle
147747,150390,3,42.869,-78.831,Theft
147749,150392,3,42.861,-78.814,Assault
147757,150401,3,42.87,-78.833,Assault
147761,150405,3,42.869,-78.829,Assault
147763,150407,3,42.894,-78.834,Assault
147765,150409,3,42.857,-78.811,Breaking & Entering
147767,150411,3,42.836,-78.815,Theft
147778,150422,3,42.847,-78.83,Theft
147782,150426,3,42.837,-78.827,Breaking & Entering
147784,150428,3,42.896,-78.82,Theft of Vehicle
147791,150435,3,42.859,-78.834,Breaking & Entering
147794,150438,3,42.857,-78.833,Theft of Vehicle
147796,150440,3,42.894,-78.82,Robbery
147799,150443,3,42.895,-78.827,Assault
147800,150444,3,42.874,-78.827,Breaking & Entering
147803,150447,3,42.864,-78.825,Theft
147813,150457,3,42.895,-78.806,Breaking & Entering
147822,150466,3,42.896,-78.827,Theft of Vehicle
147831,150476,3,42.863,-78.813,Assault
147835,150480,3,42.883,-78.849,Theft
147846,150491,3,42.878,-78.837,Theft
147850,150495,3,42.87,-78.846,Assault
147854,150499,3,42.863,-78.821,Breaking & Entering
147864,150509,3,42.852,-78.814,Theft
147873,150518,3,42.842,-78.809,Assault
147880,150525,3,42.848,-78.824,Theft
147884,150529,3,42.886,-78.808,Breaking & Entering
147890,150535,3,42.89,-78.808,Assault
147907,150552,3,42.895,-78.83,Assault
147908,150553,3,42.869,-78.83,Assault
147917,150562,3,42.869,-78.807,Robbery
147923,150568,3,42.858,-78.831,Assault
147928,150573,3,42.848,-78.812,Assault
147931,150576,3,42.852,-78.813,Assault
147954,150599,3,42.872,-78.809,Theft
147959,150604,3,42.857,-78.826,Breaking & Entering
147965,150610,3,42.847,-78.83,Breaking & Entering
147988,150633,3,42.894,-78.809,Theft of Vehicle
147991,150636,3,42.898,-78.822,Assault
147997,150642,3,42.881,-78.832,Robbery
148001,150646,3,42.892,-78.839,Breaking & Entering
148002,150647,3,42.898,-78.816,Breaking & Entering
148003,150648,3,42.855,-78.81,Theft
148007,150652,3,42.875,-78.806,Assault
148022,150667,3,42.85,-78.825,Robbery
148026,150671,3,42.887,-78.815,Theft
148030,150675,3,42.894,-78.834,Assault
148038,150683,3,42.848,-78.824,Assault
148039,150684,3,42.842,-78.826,Theft
148046,150691,3,42.889,-78.808,Theft
148050,150695,3,42.894,-78.837,Theft
148051,150696,3,42.875,-78.806,Theft
148061,150706,3,42.889,-78.803,Assault
148062,150707,3,42.889,-78.837,Theft
148064,150709,3,42.893,-78.837,Assault
148065,150710,3,42.866,-78.83,Theft
148071,150716,3,42.85,-78.815,Theft
148072,150717,3,42.872,-78.822,Theft
148073,150718,3,42.858,-78.83,Robbery
148077,150722,3,42.852,-78.834,Assault
148083,150728,3,42.897,-78.819,Theft
148085,150730,3,42.858,-78.813,Assault
148097,150742,3,42.873,-78.808,Theft
148110,150756,3,42.857,-78.808,Theft
148117,150763,3,42.875,-78.85,Robbery
148120,150766,3,42.897,-78.826,Assault
148126,150772,3,42.893,-78.836,Theft
148130,150776,3,42.887,-78.815,Assault
148148,150794,3,42.89,-78.839,Assault
148158,150804,3,42.851,-78.832,Assault
148176,150822,3,42.861,-78.802,Robbery
148182,150828,3,42.897,-78.823,Theft of Vehicle
148183,150829,3,42.891,-78.834,Theft
148186,150832,3,42.849,-78.826,Theft
148192,150838,3,42.885,-78.803,Theft
148200,150846,3,42.887,-78.802,Breaking & Entering
148204,150850,3,42.889,-78.81,Assault
148219,150866,3,42.843,-78.829,Theft
148226,150873,3,42.896,-78.84,Breaking & Entering
148227,150874,3,42.893,-78.823,Robbery
148244,150891,3,42.86,-78.811,Assault
148248,150895,3,42.883,-78.848,Breaking & Entering
148249,150896,3,42.858,-78.826,Robbery
148251,150898,3,42.889,-78.81,Theft
148267,150914,3,42.887,-78.84,Assault
148269,150916,3,42.866,-78.849,Theft of Vehicle
148281,150928,3,42.896,-78.826,Sexual Assault
148302,150949,3,42.88,-78.841,Theft
148304,150951,3,42.854,-78.812,Theft
148306,150953,3,42.881,-78.8,Theft
148318,150965,3,42.893,-78.827,Theft
148320,150967,3,42.856,-78.807,Breaking & Entering
148325,150972,3,42.892,-78.823,Assault
148326,150973,3,42.888,-78.8,Assault
148327,150974,3,42.848,-78.824,Assault
148335,150982,3,42.844,-78.824,Theft
148336,150983,3,42.89,-78.842,Assault
148349,150996,3,42.893,-78.837,Theft
148350,150997,3,42.874,-78.809,Theft
148354,151001,3,42.85,-78.83,Theft
148360,151007,3,42.845,-78.825,Theft
148370,151017,3,42.876,-78.852,Breaking & Entering
148375,151022,3,42.896,-78.824,Assault
148380,151027,3,42.899,-78.819,Robbery
148385,151032,3,42.878,-78.837,Theft
148389,151036,3,42.886,-78.84,Theft
148391,151038,3,42.896,-78.819,Breaking & Entering
148396,151043,3,42.86,-78.815,Theft
148399,151046,3,42.859,-78.832,Assault
148410,151057,3,42.881,-78.801,Theft
148411,151058,3,42.893,-78.841,Homicide
148413,151060,3,42.893,-78.837,Breaking & Entering
148417,151064,3,42.888,-78.837,Breaking & Entering
148428,151075,3,42.855,-78.83,Assault
148441,151088,3,42.85,-78.803,Theft
148456,151103,3,42.892,-78.84,Breaking & Entering
148464,151111,3,42.897,-78.804,Assault
148469,151116,3,42.872,-78.806,Theft of Vehicle
148476,151123,3,42.878,-78.824,Theft
148477,151124,3,42.89,-78.801,Theft
148479,151126,3,42.854,-78.811,Theft of Vehicle
148481,151128,3,42.891,-78.83,Robbery
148505,151154,3,42.848,-78.802,Theft of Vehicle
148515,151164,3,42.843,-78.827,Theft
148524,151173,3,42.895,-78.835,Robbery
148529,151178,3,42.895,-78.838,Theft
148532,151181,3,42.876,-78.804,Theft
148549,151198,3,42.895,-78.827,Theft
148565,151214,3,42.889,-78.838,Theft
148570,151219,3,42.88,-78.834,Breaking & Entering
148574,151223,3,42.899,-78.818,Assault
148580,151229,3,42.847,-78.803,Theft
148589,151238,3,42.891,-78.834,Theft of Vehicle
148594,151243,3,42.894,-78.82,Assault
148597,151246,3,42.896,-78.826,Assault
148600,151249,3,42.837,-78.825,Theft
148610,151259,3,42.894,-78.824,Assault
148616,151265,3,42.896,-78.805,Assault
148625,151274,3,42.894,-78.835,Theft of Vehicle
148641,151292,3,42.894,-78.806,Assault
148644,151295,3,42.886,-78.839,Theft
148647,151298,3,42.85,-78.804,Assault
148650,151302,3,42.895,-78.804,Assault
148654,151306,3,42.833,-78.823,Breaking & Entering
148674,151326,3,42.889,-78.808,Theft
148680,151333,3,42.856,-78.805,Assault
148684,151337,3,42.869,-78.855,Theft of Vehicle
148687,151340,3,42.852,-78.822,Assault
148698,151351,3,42.851,-78.827,Breaking & Entering
148704,151357,3,42.889,-78.838,Assault
148705,151358,3,42.869,-78.805,Theft
148708,151361,3,42.853,-78.824,Theft
148741,151394,3,42.896,-78.818,Theft
148749,151402,3,42.898,-78.806,Theft
148760,151413,3,42.888,-78.837,Other Sexual Offense
148769,151422,3,42.898,-78.807,Theft
148780,151433,3,42.89,-78.842,Theft
148781,151434,3,42.871,-78.834,Theft
148783,151436,3,42.886,-78.809,Theft
148784,151437,3,42.897,-78.818,Theft
148788,151441,3,42.873,-78.812,Assault
148800,151453,3,42.892,-78.844,Theft
148808,151461,3,42.871,-78.83,Assault
148810,151463,3,42.856,-78.833,Theft
148813,151466,3,42.858,-78.807,Breaking & Entering
148816,151469,3,42.892,-78.836,Breaking & Entering
148818,151471,3,42.88,-78.839,Assault
148819,151472,3,42.875,-78.85,Theft
148821,151474,3,42.851,-78.825,Theft
148823,151476,3,42.893,-78.829,Theft
148829,151482,3,42.893,-78.841,Assault
148830,151483,3,42.896,-78.82,Theft
148836,151489,3,42.884,-78.822,Theft
148838,151491,3,42.858,-78.831,Theft of Vehicle
148839,151492,3,42.886,-78.803,Theft
148843,151496,3,42.896,-78.827,Breaking & Entering
148844,151497,3,42.897,-78.84,Assault
148851,151504,3,42.879,-78.844,Breaking & Entering
148852,151505,3,42.889,-78.814,Theft
148853,151506,3,42.872,-78.843,Theft of Vehicle
148865,151518,3,42.876,-78.849,Assault
148870,151523,3,42.867,-78.808,Theft of Vehicle
148871,151524,3,42.899,-78.831,Assault
148876,151529,3,42.856,-78.832,Breaking & Entering
148887,151541,3,42.889,-78.842,Breaking & Entering
148888,151542,3,42.867,-78.824,Robbery
148898,151552,3,42.846,-78.823,Assault
148905,151559,3,42.845,-78.82,Theft
148908,151562,3,42.867,-78.846,Breaking & Entering
148909,151563,3,42.87,-78.805,Assault
148911,151565,3,42.884,-78.824,Theft
148916,151570,3,42.858,-78.809,Breaking & Entering
148923,151577,3,42.877,-78.841,Theft of Vehicle
148939,151593,3,42.853,-78.823,Breaking & Entering
148947,151601,3,42.838,-78.812,Assault
148948,151602,3,42.858,-78.814,Theft
148951,151605,3,42.845,-78.836,Theft
148953,151607,3,42.892,-78.826,Theft
148975,151630,3,42.854,-78.828,Breaking & Entering
148982,151637,3,42.888,-78.815,Breaking & Entering
148984,151639,3,42.838,-78.813,Theft
148985,151640,3,42.855,-78.833,Assault
148987,151642,3,42.835,-78.827,Assault
148989,151644,3,42.858,-78.831,Theft
148990,151645,3,42.87,-78.804,Robbery
148998,151653,3,42.833,-78.824,Theft
148999,151654,3,42.897,-78.825,Assault
149020,151675,3,42.838,-78.808,Theft
149026,151681,3,42.896,-78.808,Theft
149033,151688,3,42.885,-78.807,Theft of Vehicle
149037,151692,3,42.896,-78.836,Assault
149039,151694,3,42.854,-78.831,Breaking & Entering
149047,151702,3,42.847,-78.818,Breaking & Entering
149050,151705,3,42.886,-78.807,Theft
149057,151712,3,42.87,-78.816,Theft of Vehicle
149065,151720,3,42.835,-78.804,Breaking & Entering
149076,151731,3,42.89,-78.838,Theft
149078,151733,3,42.883,-78.838,Breaking & Entering
149079,151734,3,42.89,-78.802,Breaking & Entering
149081,151736,3,42.888,-78.807,Theft
149082,151737,3,42.899,-78.834,Assault
149084,151739,3,42.885,-78.814,Assault
149086,151741,3,42.837,-78.809,Theft
149091,151747,3,42.848,-78.824,Theft
149099,151755,3,42.892,-78.823,Breaking & Entering
149113,151769,3,42.842,-78.829,Breaking & Entering
149116,151772,3,42.898,-78.835,Breaking & Entering
149117,151773,3,42.883,-78.83,Theft
149121,151777,3,42.897,-78.825,Theft
149128,151784,3,42.853,-78.808,Assault
149129,151785,3,42.871,-78.815,Breaking & Entering
149137,151793,3,42.899,-78.831,Theft
149141,151797,3,42.855,-78.816,Theft
149142,151798,3,42.884,-78.847,Theft
149150,151806,3,42.872,-78.802,Theft
149153,151809,3,42.856,-78.821,Breaking & Entering
149154,151810,3,42.895,-78.83,Assault
149157,151813,3,42.852,-78.829,Theft
149162,151818,3,42.837,-78.825,Theft
149168,151824,3,42.885,-78.839,Theft
149178,151834,3,42.85,-78.824,Assault
149181,151837,3,42.897,-78.834,Assault
149184,151840,3,42.858,-78.813,Theft
149197,151853,3,42.833,-78.824,Assault
149201,151857,3,42.872,-78.807,Theft
149202,151858,3,42.838,-78.806,Theft
149204,151860,3,42.89,-78.803,Theft
149206,151862,3,42.89,-78.842,Assault
149207,151863,3,42.898,-78.839,Assault
149211,151867,3,42.85,-78.804,Theft
149215,151871,3,42.888,-78.8,Assault
149218,151874,3,42.896,-78.815,Theft
149219,151875,3,42.844,-78.827,Theft
149223,151880,3,42.899,-78.836,Breaking & Entering
149229,151886,3,42.879,-78.835,Theft
149231,151888,3,42.89,-78.807,Theft
149235,151892,3,42.85,-78.815,Robbery
149243,151900,3,42.893,-78.821,Breaking & Entering
149244,151901,3,42.89,-78.837,Theft of Vehicle
149247,151904,3,42.848,-78.824,Assault
149253,151910,3,42.892,-78.839,Assault
149259,151917,3,42.879,-78.843,Assault
149262,151920,3,42.85,-78.832,Assault
149265,151923,3,42.874,-78.806,Breaking & Entering
149267,151925,3,42.856,-78.809,Breaking & Entering
149271,151929,3,42.892,-78.841,Breaking & Entering
149283,151942,3,42.887,-78.803,Breaking & Entering
149296,151955,3,42.891,-78.834,Assault
149306,151966,3,42.87,-78.834,Theft
149313,151974,3,42.872,-78.801,Theft
149315,151976,3,42.854,-78.809,Theft
149317,151978,3,42.854,-78.833,Breaking & Entering
149324,151985,3,42.898,-78.839,Theft
149328,151989,3,42.884,-78.835,Theft
149335,151996,3,42.883,-78.843,Theft
149339,152000,3,42.874,-78.817,Theft
149341,152002,3,42.886,-78.844,Assault
149354,152015,3,42.858,-78.813,Theft
149364,152025,3,42.877,-78.826,Assault
149372,152033,3,42.861,-78.812,Sexual Assault
149373,152034,3,42.886,-78.803,Robbery
149381,152042,3,42.89,-78.808,Theft
149382,152043,3,42.853,-78.804,Breaking & Entering
149383,152044,3,42.891,-78.801,Breaking & Entering
149384,152045,3,42.884,-78.829,Assault
149386,152047,3,42.894,-78.835,Breaking & Entering
149397,152058,3,42.846,-78.81,Theft
149404,152065,3,42.886,-78.842,Theft
149405,152066,3,42.895,-78.837,Theft
149420,152081,3,42.893,-78.828,Breaking & Entering
149429,152090,3,42.861,-78.817,Theft
149435,152096,3,42.873,-78.827,Sexual Assault
149447,152108,3,42.845,-78.824,Theft
149452,152113,3,42.857,-78.812,Assault
149453,152114,3,42.866,-78.858,Breaking & Entering
149458,152120,3,42.892,-78.839,Theft
149464,152126,3,42.881,-78.836,Breaking & Entering
149476,152138,3,42.851,-78.824,Breaking & Entering
149483,152145,3,42.833,-78.823,Theft
149488,152150,3,42.899,-78.815,Assault
149489,152151,3,42.84,-78.825,Theft
149492,152154,3,42.869,-78.849,Breaking & Entering
149495,152157,3,42.836,-78.812,Theft
149496,152158,3,42.878,-78.802,Theft
149502,152164,3,42.847,-78.823,Assault
149505,152167,3,42.85,-78.823,Theft
149511,152173,3,42.884,-78.839,Breaking & Entering
149519,152181,3,42.833,-78.82,Theft
149522,152184,3,42.849,-78.832,Robbery
149528,152190,3,42.895,-78.819,Breaking & Entering
149531,152193,3,42.833,-78.824,Theft
149533,152195,3,42.873,-78.826,Assault
149541,152203,3,42.871,-78.833,Assault
149551,152213,3,42.893,-78.827,Assault
149552,152214,3,42.897,-78.823,Assault
149553,152215,3,42.852,-78.829,Theft
149554,152216,3,42.898,-78.839,Robbery
149556,152218,3,42.855,-78.831,Assault
149570,152232,3,42.889,-78.835,Breaking & Entering
149571,152233,3,42.861,-78.802,Theft
149588,152251,3,42.88,-78.835,Breaking & Entering
149592,152255,3,42.832,-78.828,Theft
149595,152258,3,42.894,-78.809,Theft
149596,152259,3,42.877,-78.825,Breaking & Entering
149598,152261,3,42.885,-78.818,Theft
149602,152265,3,42.838,-78.824,Assault
149608,152271,3,42.871,-78.802,Breaking & Entering
149620,152284,3,42.854,-78.81,Assault
149623,152287,3,42.897,-78.824,Assault
149625,152289,3,42.87,-78.832,Theft
149626,152290,3,42.895,-78.837,Assault
149640,152304,3,42.858,-78.826,Theft
149641,152305,3,42.842,-78.809,Breaking & Entering
149644,152308,3,42.856,-78.812,Assault
149645,152309,3,42.869,-78.831,Assault
149647,152312,3,42.876,-78.83,Breaking & Entering
149650,152315,3,42.872,-78.844,Breaking & Entering
149651,152316,3,42.885,-78.822,Theft
149655,152320,3,42.871,-78.837,Theft of Vehicle
149660,152325,3,42.858,-78.831,Theft of Vehicle
149682,152347,3,42.852,-78.825,Assault
149686,152351,3,42.889,-78.815,Theft
149687,152352,3,42.852,-78.801,Theft
149693,152358,3,42.845,-78.824,Theft
149695,152360,3,42.854,-78.821,Theft
149702,152367,3,42.853,-78.807,Robbery
149705,152370,3,42.887,-78.801,Assault
149718,152383,3,42.881,-78.834,Breaking & Entering
149720,152385,3,42.852,-78.823,Theft
149725,152390,3,42.853,-78.823,Assault
149728,152393,3,42.869,-78.805,Theft
149734,152399,3,42.848,-78.823,Breaking & Entering
149737,152402,3,42.857,-78.824,Theft
149740,152405,3,42.886,-78.805,Breaking & Entering
149743,152408,3,42.895,-78.835,Theft of Vehicle
149752,152417,3,42.845,-78.828,Theft
149760,152425,3,42.844,-78.827,Assault
149761,152426,3,42.885,-78.814,Theft
149762,152427,3,42.853,-78.824,Assault
149774,152439,3,42.891,-78.826,Theft
149776,152441,3,42.861,-78.817,Assault
149781,152446,3,42.841,-78.834,Theft
149786,152451,3,42.846,-78.823,Theft
149787,152452,3,42.853,-78.819,Assault
149790,152456,3,42.85,-78.823,Theft
149792,152458,3,42.858,-78.826,Assault
149796,152462,3,42.849,-78.824,Theft
149801,152467,3,42.842,-78.829,Assault
149811,152477,3,42.848,-78.824,Breaking & Entering
149814,152480,3,42.893,-78.821,Assault
149815,152481,3,42.896,-78.818,Theft of Vehicle
149825,152491,3,42.899,-78.823,Assault
149831,152497,3,42.848,-78.824,Assault
149836,152502,3,42.86,-78.815,Breaking & Entering
149852,152518,3,42.894,-78.834,Theft
149867,152533,3,42.847,-78.825,Theft
149868,152534,3,42.897,-78.836,Homicide
149869,152535,3,42.885,-78.845,Theft
149877,152543,3,42.897,-78.836,Assault
149899,152565,3,42.851,-78.829,Theft
149904,152570,3,42.898,-78.807,Theft
149905,152571,3,42.857,-78.831,Theft of Vehicle
149911,152577,3,42.869,-78.811,Breaking & Entering
149912,152578,3,42.869,-78.833,Breaking & Entering
149925,152591,3,42.848,-78.824,Theft
149926,152592,3,42.878,-78.849,Breaking & Entering
149930,152596,3,42.888,-78.805,Assault
149931,152597,3,42.858,-78.814,Theft
149943,152609,3,42.893,-78.833,Theft
149946,152612,3,42.895,-78.819,Theft
149949,152615,3,42.895,-78.806,Breaking & Entering
149951,152617,3,42.845,-78.825,Theft
149954,152620,3,42.896,-78.822,Robbery
149955,152621,3,42.842,-78.809,Assault
149959,152625,3,42.896,-78.833,Assault
149960,152626,3,42.871,-78.804,Theft
149967,152633,3,42.898,-78.816,Theft
149969,152635,3,42.891,-78.805,Breaking & Entering
149977,152644,3,42.848,-78.812,Theft
149984,152651,3,42.85,-78.82,Breaking & Entering
149987,152654,3,42.851,-78.822,Theft
149991,152658,3,42.861,-78.817,Breaking & Entering
149993,152660,3,42.877,-78.847,Breaking & Entering
150000,152667,3,42.898,-78.807,Theft
150017,152685,3,42.839,-78.819,Assault
150019,152687,3,42.852,-78.828,Breaking & Entering
150024,152692,3,42.89,-78.804,Theft
150028,152696,3,42.851,-78.824,Breaking & Entering
150046,152714,3,42.867,-78.807,Assault
150059,152728,3,42.895,-78.815,Robbery
150061,152730,3,42.874,-78.809,Theft
150088,152757,3,42.893,-78.839,Assault
150113,152782,3,42.872,-78.811,Theft
150123,152792,3,42.871,-78.834,Breaking & Entering
150126,152795,3,42.873,-78.804,Theft of Vehicle
150128,152797,3,42.895,-78.837,Theft
150135,152804,3,42.866,-78.822,Breaking & Entering
150140,152809,3,42.895,-78.836,Assault
150143,152812,3,42.895,-78.828,Robbery
150144,152813,3,42.893,-78.805,Breaking & Entering
150152,152821,3,42.886,-78.8,Breaking & Entering
150154,152823,3,42.896,-78.809,Breaking & Entering
150161,152830,3,42.888,-78.843,Theft
150167,152837,3,42.896,-78.818,Theft
150172,152842,3,42.894,-78.843,Assault
150174,152844,3,42.872,-78.836,Theft
150176,152846,3,42.887,-78.807,Breaking & Entering
150177,152847,3,42.887,-78.814,Breaking & Entering
150185,152855,3,42.882,-78.831,Breaking & Entering
150195,152865,3,42.854,-78.829,Robbery
150201,152871,3,42.873,-78.809,Theft
150208,152878,3,42.866,-78.824,Theft
150210,152880,3,42.866,-78.847,Robbery
150219,152889,3,42.89,-78.844,Breaking & Entering
150233,152903,3,42.872,-78.82,Robbery
150238,152908,3,42.894,-78.809,Other Sexual Offense
150246,152916,3,42.892,-78.813,Breaking & Entering
150250,152920,3,42.835,-78.825,Robbery
150252,152922,3,42.893,-78.82,Breaking & Entering
150253,152923,3,42.862,-78.802,Theft
150258,152928,3,42.872,-78.838,Theft
150261,152931,3,42.888,-78.801,Assault
150267,152937,3,42.891,-78.83,Assault
150272,152942,3,42.848,-78.822,Theft
150289,152959,3,42.892,-78.825,Breaking & Entering
150293,152963,3,42.896,-78.827,Theft
150303,152973,3,42.892,-78.824,Breaking & Entering
150306,152976,3,42.853,-78.824,Breaking & Entering
150307,152977,3,42.836,-78.812,Theft
150309,152979,3,42.894,-78.835,Theft of Vehicle
150313,152983,3,42.89,-78.836,Theft
150314,152984,3,42.868,-78.848,Breaking & Entering
150322,152992,3,42.897,-78.825,Assault
150329,152999,3,42.887,-78.84,Theft of Vehicle
150342,153012,3,42.873,-78.842,Assault
150343,153013,3,42.857,-78.826,Breaking & Entering
150345,153015,3,42.86,-78.816,Theft of Vehicle
150348,153018,3,42.892,-78.825,Breaking & Entering
150355,153025,3,42.848,-78.824,Theft
150363,153033,3,42.89,-78.814,Assault
150368,153038,3,42.855,-78.819,Theft
150374,153045,3,42.895,-78.826,Robbery
150382,153054,3,42.851,-78.802,Breaking & Entering
150390,153063,3,42.843,-78.817,Theft
150393,153066,3,42.85,-78.814,Theft
150394,153068,3,42.898,-78.818,Breaking & Entering
150403,153077,3,42.871,-78.829,Assault
150413,153087,3,42.857,-78.812,Assault
150417,153091,3,42.87,-78.809,Assault
150422,153096,3,42.845,-78.817,Theft
150426,153100,3,42.873,-78.809,Breaking & Entering
150428,153102,3,42.868,-78.809,Assault
150443,153118,3,42.853,-78.811,Theft
150445,153120,3,42.899,-78.831,Breaking & Entering
150446,153121,3,42.873,-78.85,Theft
150447,153122,3,42.881,-78.842,Sexual Offense
150451,153126,3,42.884,-78.839,Theft of Vehicle
150452,153127,3,42.888,-78.809,Theft
150459,153134,3,42.889,-78.837,Theft
150465,153140,3,42.832,-78.811,Assault
150476,153151,3,42.853,-78.824,Theft
150477,153152,3,42.87,-78.807,Theft
150478,153153,3,42.893,-78.833,Assault
150492,153167,3,42.886,-78.84,Robbery
150499,153174,3,42.877,-78.813,Theft
150506,153181,3,42.893,-78.83,Theft of Vehicle
150510,153187,3,42.896,-78.819,Assault
150519,153196,3,42.893,-78.831,Assault
150523,153200,3,42.884,-78.835,Theft
150525,153202,3,42.842,-78.823,Breaking & Entering
150526,153203,3,42.89,-78.803,Robbery
150536,153213,3,42.892,-78.834,Sexual Assault
150541,153218,3,42.883,-78.844,Theft of Vehicle
150544,153222,3,42.875,-78.833,Theft
150549,153227,3,42.899,-78.836,Robbery
150551,153229,3,42.895,-78.829,Assault
150555,153233,3,42.866,-78.801,Theft
150561,153239,3,42.856,-78.824,Theft
150563,153241,3,42.839,-78.856,Theft
150566,153244,3,42.886,-78.805,Assault
150574,153252,3,42.858,-78.831,Theft
150592,153270,3,42.855,-78.827,Breaking & Entering
150596,153274,3,42.848,-78.82,Theft
150598,153276,3,42.86,-78.825,Theft
150607,153285,3,42.897,-78.835,Theft
150612,153290,3,42.898,-78.815,Theft
150613,153291,3,42.851,-78.827,Theft
150621,153299,3,42.855,-78.809,Breaking & Entering
150623,153301,3,42.881,-78.833,Assault
150634,153312,3,42.899,-78.819,Breaking & Entering
150644,153322,3,42.842,-78.809,Theft
150646,153325,3,42.87,-78.807,Theft
150648,153327,3,42.893,-78.824,Breaking & Entering
150653,153332,3,42.896,-78.825,Theft of Vehicle
150654,153333,3,42.86,-78.825,Theft
150657,153336,3,42.862,-78.819,Assault
150670,153349,3,42.869,-78.806,Theft
150674,153353,3,42.893,-78.837,Theft
150676,153355,3,42.898,-78.835,Breaking & Entering
150701,153380,3,42.898,-78.835,Breaking & Entering
150707,153386,3,42.859,-78.811,Assault
150708,153387,3,42.871,-78.833,Assault
150709,153388,3,42.897,-78.816,Assault
150711,153390,3,42.89,-78.812,Theft
150712,153391,3,42.885,-78.844,Theft of Vehicle
150732,153411,3,42.894,-78.834,Breaking & Entering
150736,153415,3,42.884,-78.829,Homicide
150740,153419,3,42.835,-78.828,Theft
150749,153428,3,42.899,-78.818,Assault
150753,153432,3,42.84,-78.847,Breaking & Entering
150754,153433,3,42.875,-78.829,Theft
150760,153439,3,42.883,-78.843,Assault
150768,153447,3,42.877,-78.816,Theft of Vehicle
150769,153448,3,42.858,-78.814,Sexual Assault
150770,153449,3,42.89,-78.802,Breaking & Entering
150772,153451,3,42.858,-78.831,Theft of Vehicle
150776,153456,3,42.855,-78.827,Robbery
150778,153459,3,42.891,-78.825,Sexual Assault
150792,153473,3,42.848,-78.812,Theft
150793,153474,3,42.871,-78.834,Theft
150797,153478,3,42.888,-78.8,Breaking & Entering
150813,153495,3,42.89,-78.833,Theft of Vehicle
150819,153501,3,42.888,-78.813,Breaking & Entering
150830,153513,3,42.887,-78.808,Assault
150834,153517,3,42.887,-78.837,Theft
150838,153521,3,42.872,-78.811,Breaking & Entering
150842,153525,3,42.842,-78.829,Theft
150844,153527,3,42.842,-78.824,Theft
150849,153532,3,42.864,-78.851,Theft
150852,153535,3,42.866,-78.843,Breaking & Entering
150859,153542,3,42.872,-78.806,Theft of Vehicle
150866,153549,3,42.847,-78.833,Theft of Vehicle
150871,153554,3,42.898,-78.831,Theft
150873,153556,3,42.837,-78.814,Theft
150880,153563,3,42.893,-78.818,Theft
150886,153570,3,42.892,-78.814,Robbery
150892,153576,3,42.837,-78.824,Theft
150897,153581,3,42.853,-78.837,Theft
150915,153600,3,42.868,-78.838,Breaking & Entering
150916,153601,3,42.858,-78.83,Theft
150928,153613,3,42.871,-78.835,Assault
150930,153615,3,42.857,-78.832,Assault
150935,153620,3,42.882,-78.834,Theft
150936,153621,3,42.869,-78.827,Theft
150954,153639,3,42.898,-78.823,Breaking & Entering
150955,153640,3,42.835,-78.809,Theft
150962,153647,3,42.852,-78.827,Breaking & Entering
150963,153649,3,42.879,-78.836,Breaking & Entering
150965,153651,3,42.876,-78.849,Theft of Vehicle
150966,153652,3,42.869,-78.848,Theft
150976,153662,3,42.855,-78.825,Theft
150984,153670,3,42.889,-78.84,Theft of Vehicle
150989,153675,3,42.883,-78.844,Theft of Vehicle
150990,153676,3,42.847,-78.824,Theft
150991,153677,3,42.842,-78.819,Theft
150993,153679,3,42.871,-78.807,Breaking & Entering
150997,153683,3,42.855,-78.806,Theft
151000,153686,3,42.891,-78.804,Assault
151001,153687,3,42.885,-78.84,Theft
151008,153694,3,42.836,-78.823,Theft
151009,153695,3,42.855,-78.808,Theft
151029,153715,3,42.892,-78.827,Breaking & Entering
151034,153720,3,42.894,-78.831,Theft
151035,153721,3,42.891,-78.837,Breaking & Entering
151038,153724,3,42.897,-78.809,Theft
151043,153730,3,42.854,-78.806,Theft of Vehicle
151046,153733,3,42.867,-78.823,Theft
151052,153739,3,42.854,-78.803,Theft
151053,153740,3,42.888,-78.809,Theft
151062,153750,3,42.899,-78.818,Assault
151068,153756,3,42.872,-78.816,Breaking & Entering
151072,153760,3,42.844,-78.817,Theft
151074,153762,3,42.897,-78.825,Breaking & Entering
151087,153775,3,42.839,-78.816,Theft
151091,153779,3,42.895,-78.833,Theft
151093,153781,3,42.86,-78.825,Theft
151105,153794,3,42.836,-78.828,Breaking & Entering
151116,153806,3,42.887,-78.814,Theft
151122,153812,3,42.89,-78.815,Breaking & Entering
151127,153817,3,42.896,-78.82,Theft
151138,153828,3,42.896,-78.838,Breaking & Entering
151141,153831,3,42.892,-78.827,Theft
151142,153832,3,42.898,-78.807,Theft
151160,153850,3,42.885,-78.813,Theft
151165,153855,3,42.85,-78.823,Breaking & Entering
151176,153866,3,42.858,-78.831,Theft
151177,153867,3,42.882,-78.841,Assault
151179,153869,3,42.894,-78.821,Theft of Vehicle
151182,153872,3,42.857,-78.812,Theft
151187,153877,3,42.848,-78.824,Theft
151192,153882,3,42.882,-78.848,Assault
151194,153884,3,42.869,-78.84,Theft
151195,153885,3,42.894,-78.841,Sexual Assault
151200,153890,3,42.851,-78.822,Assault
151203,153893,3,42.891,-78.831,Assault
151212,153902,3,42.86,-78.825,Theft
151221,153911,3,42.891,-78.836,Theft
151225,153915,3,42.872,-78.812,Assault
151229,153919,3,42.858,-78.825,Theft
151230,153920,3,42.888,-78.84,Theft
151241,153932,3,42.898,-78.831,Assault
151248,153939,3,42.882,-78.831,Theft
151249,153940,3,42.896,-78.817,Theft
151255,153946,3,42.851,-78.825,Assault
151257,153948,3,42.857,-78.811,Assault
151259,153950,3,42.894,-78.83,Theft of Vehicle
151262,153953,3,42.886,-78.839,Breaking & Entering
151269,153960,3,42.87,-78.849,Theft
151274,153965,3,42.898,-78.807,Theft
151276,153967,3,42.853,-78.808,Theft
151283,153974,3,42.89,-78.802,Robbery
151284,153975,3,42.891,-78.809,Breaking & Entering
151287,153978,3,42.857,-78.829,Theft
151291,153982,3,42.889,-78.808,Robbery
151293,153984,3,42.858,-78.826,Breaking & Entering
151300,153991,3,42.895,-78.829,Assault
151303,153994,3,42.872,-78.807,Breaking & Entering
151316,154007,3,42.855,-78.808,Assault
151323,154014,3,42.846,-78.823,Theft
151327,154018,3,42.839,-78.857,Theft of Vehicle
151341,154032,3,42.848,-78.812,Assault
151346,154037,3,42.878,-78.801,Theft
151353,154045,3,42.843,-78.816,Theft
151356,154048,3,42.895,-78.838,Theft
151361,154053,3,42.866,-78.84,Breaking & Entering
151365,154057,3,42.875,-78.826,Theft of Vehicle
151368,154060,3,42.857,-78.828,Theft of Vehicle
151372,154064,3,42.857,-78.831,Theft
151379,154072,3,42.891,-78.806,Breaking & Entering
151394,154087,3,42.89,-78.81,Theft
151399,154092,3,42.844,-78.823,Theft
151401,154094,3,42.857,-78.812,Theft
151405,154098,3,42.845,-78.824,Assault
151408,154101,3,42.899,-78.838,Theft
151413,154106,3,42.872,-78.806,Assault
151418,154111,3,42.894,-78.806,Assault
151419,154112,3,42.883,-78.808,Theft
151433,154126,3,42.858,-78.823,Theft
151437,154130,3,42.854,-78.808,Breaking & Entering
151440,154133,3,42.851,-78.802,Assault
151446,154139,3,42.872,-78.851,Theft of Vehicle
151450,154143,3,42.886,-78.812,Theft
151451,154144,3,42.877,-78.831,Theft of Vehicle
151454,154147,3,42.868,-78.808,Breaking & Entering
151457,154150,3,42.892,-78.805,Theft
151462,154155,3,42.869,-78.8,Theft
151467,154160,3,42.847,-78.855,Theft
151470,154163,3,42.837,-78.824,Theft of Vehicle
151477,154170,3,42.837,-78.826,Breaking & Entering
151479,154172,3,42.848,-78.824,Theft
151483,154176,3,42.858,-78.811,Breaking & Entering
151488,154181,3,42.899,-78.823,Breaking & Entering
151490,154184,3,42.896,-78.826,Breaking & Entering
151511,154205,3,42.896,-78.831,Breaking & Entering
151512,154206,3,42.845,-78.825,Theft
151513,154207,3,42.84,-78.808,Sexual Assault
151515,154209,3,42.894,-78.82,Breaking & Entering
151519,154213,3,42.838,-78.803,Theft
151521,154215,3,42.871,-78.823,Theft
151526,154220,3,42.897,-78.821,Breaking & Entering
151530,154224,3,42.857,-78.826,Breaking & Entering
151541,154235,3,42.882,-78.834,Theft
151542,154236,3,42.857,-78.812,Theft of Vehicle
151553,154248,3,42.877,-78.851,Theft of Vehicle
151564,154259,3,42.874,-78.817,Theft
151574,154269,3,42.837,-78.824,Theft
151580,154275,3,42.85,-78.828,Theft
151581,154276,3,42.896,-78.806,Assault
151594,154289,3,42.849,-78.829,Assault
151598,154293,3,42.891,-78.814,Theft of Vehicle
151600,154295,3,42.858,-78.831,Theft
151604,154299,3,42.89,-78.815,Assault
151615,154310,3,42.858,-78.831,Theft
151621,154316,3,42.887,-78.842,Breaking & Entering
151630,154325,3,42.898,-78.84,Theft of Vehicle
151636,154331,3,42.835,-78.815,Assault
151642,154337,3,42.891,-78.834,Assault
151645,154340,3,42.846,-78.818,Assault
151651,154346,3,42.899,-78.819,Theft of Vehicle
151671,154366,3,42.878,-78.815,Theft
151673,154368,3,42.88,-78.835,Robbery
151676,154371,3,42.895,-78.841,Theft
151689,154384,3,42.839,-78.824,Robbery
151693,154388,3,42.836,-78.812,Theft
151694,154389,3,42.899,-78.818,Assault
151699,154394,3,42.882,-78.836,Breaking & Entering
151703,154398,3,42.868,-78.85,Assault
151709,154404,3,42.871,-78.834,Breaking & Entering
151722,154417,3,42.857,-78.811,Theft
151726,154421,3,42.851,-78.81,Theft
151734,154429,3,42.894,-78.836,Breaking & Entering
151751,154446,3,42.858,-78.83,Theft
151755,154450,3,42.858,-78.813,Theft
151757,154452,3,42.841,-78.824,Assault
151764,154459,3,42.89,-78.839,Breaking & Entering
151768,154463,3,42.834,-78.822,Breaking & Entering
151777,154472,3,42.857,-78.823,Assault
151779,154474,3,42.893,-78.841,Robbery
151784,154479,3,42.888,-78.815,Assault
151785,154480,3,42.841,-78.821,Assault
151793,154488,3,42.877,-78.81,Theft
151803,154498,3,42.858,-78.812,Theft
151816,154511,3,42.855,-78.817,Breaking & Entering
151817,154512,3,42.896,-78.82,Theft of Vehicle
151825,154520,3,42.897,-78.818,Robbery
151827,154522,3,42.853,-78.805,Theft
151831,154526,3,42.85,-78.804,Theft of Vehicle
151849,154545,3,42.855,-78.826,Assault
151856,154552,3,42.892,-78.827,Breaking & Entering
151860,154556,3,42.857,-78.824,Theft
151861,154557,3,42.855,-78.825,Theft
151867,154563,3,42.872,-78.801,Breaking & Entering
151868,154564,3,42.847,-78.802,Theft
151870,154566,3,42.855,-78.809,Breaking & Entering
151873,154569,3,42.876,-78.852,Theft
151874,154570,3,42.898,-78.831,Assault
151887,154583,3,42.837,-78.826,Theft
151893,154589,3,42.896,-78.817,Theft
151895,154591,3,42.848,-78.802,Theft
151912,154608,3,42.854,-78.812,Assault
151916,154612,3,42.843,-78.823,Theft
151918,154614,3,42.898,-78.811,Assault
151931,154627,3,42.842,-78.825,Assault
151937,154633,3,42.885,-78.814,Theft
151944,154640,3,42.841,-78.823,Theft
151946,154642,3,42.85,-78.803,Breaking & Entering
151948,154644,3,42.888,-78.838,Robbery
151950,154646,3,42.871,-78.834,Theft
151963,154659,3,42.853,-78.817,Theft
151969,154665,3,42.844,-78.832,Theft of Vehicle
151977,154673,3,42.869,-78.81,Assault
151986,154682,3,42.86,-78.806,Theft
151996,154692,3,42.892,-78.823,Breaking & Entering
152011,154707,3,42.848,-78.832,Robbery
152016,154713,3,42.89,-78.811,Breaking & Entering
152017,154714,3,42.879,-78.844,Theft of Vehicle
152018,154715,3,42.856,-78.824,Assault
152025,154722,3,42.877,-78.814,Theft
152038,154735,3,42.853,-78.809,Theft
152050,154747,3,42.871,-78.816,Theft
152054,154751,3,42.858,-78.831,Theft
152060,154757,3,42.854,-78.828,Breaking & Entering
152067,154764,3,42.886,-78.842,Theft of Vehicle
152077,154774,3,42.851,-78.802,Breaking & Entering
152079,154776,3,42.896,-78.805,Breaking & Entering
152080,154777,3,42.892,-78.838,Theft
152081,154778,3,42.85,-78.803,Assault
152082,154779,3,42.894,-78.834,Other Sexual Offense
152112,154809,3,42.882,-78.807,Breaking & Entering
152121,154818,3,42.891,-78.826,Robbery
152128,154825,3,42.852,-78.822,Assault
152138,154835,3,42.897,-78.832,Theft
152140,154837,3,42.835,-78.81,Assault
152142,154839,3,42.841,-78.824,Theft of Vehicle
152149,154846,3,42.891,-78.814,Assault
152154,154851,3,42.89,-78.806,Theft
152162,154859,3,42.846,-78.801,Theft
152164,154861,3,42.894,-78.803,Theft of Vehicle
152167,154864,3,42.896,-78.816,Theft
152170,154868,3,42.843,-78.824,Breaking & Entering
152175,154873,3,42.885,-78.839,Theft of Vehicle
152180,154878,3,42.891,-78.843,Theft
152184,154882,3,42.837,-78.825,Breaking & Entering
152186,154884,3,42.857,-78.816,Sexual Assault
152192,154890,3,42.878,-78.8,Theft
152194,154892,3,42.889,-78.838,Assault
152197,154895,3,42.872,-78.804,Theft
152210,154908,3,42.858,-78.814,Theft
152219,154918,3,42.888,-78.811,Theft
152221,154920,3,42.895,-78.828,Theft
152224,154923,3,42.846,-78.825,Theft
152226,154925,3,42.871,-78.832,Assault
152234,154933,3,42.842,-78.82,Theft
152247,154946,3,42.855,-78.81,Theft
152253,154952,3,42.87,-78.837,Breaking & Entering
152254,154953,3,42.846,-78.821,Breaking & Entering
152255,154954,3,42.897,-78.821,Assault
152261,154960,3,42.844,-78.826,Breaking & Entering
152270,154969,3,42.889,-78.808,Robbery
152282,154981,3,42.895,-78.826,Breaking & Entering
152292,154991,3,42.892,-78.815,Theft of Vehicle
152297,154996,3,42.857,-78.812,Theft of Vehicle
152300,154999,3,42.896,-78.802,Theft
152301,155000,3,42.888,-78.814,Theft
152311,155010,3,42.871,-78.835,Theft
152315,155014,3,42.852,-78.803,Breaking & Entering
152320,155019,3,42.896,-78.832,Assault
152326,155025,3,42.866,-78.823,Assault
152327,155026,3,42.872,-78.834,Theft
152330,155029,3,42.841,-78.817,Theft
152333,155033,3,42.891,-78.843,Theft
152340,155040,3,42.872,-78.826,Robbery
152344,155044,3,42.852,-78.823,Other Sexual Offense
152347,155047,3,42.877,-78.851,Theft
152350,155050,3,42.893,-78.841,Assault
152352,155052,3,42.896,-78.809,Theft of Vehicle
152358,155059,3,42.878,-78.835,Robbery
152363,155064,3,42.898,-78.84,Theft
152372,155073,3,42.846,-78.801,Breaking & Entering
152373,155074,3,42.89,-78.834,Assault
152374,155075,3,42.855,-78.811,Theft
152375,155076,3,42.854,-78.806,Theft
152386,155087,3,42.875,-78.828,Robbery
152388,155089,3,42.851,-78.831,Breaking & Entering
152396,155097,3,42.876,-78.832,Theft
152405,155106,3,42.888,-78.809,Theft
152410,155111,3,42.839,-78.807,Assault
152422,155123,3,42.895,-78.827,Assault
152428,155129,3,42.848,-78.823,Assault
152429,155130,3,42.889,-78.814,Breaking & Entering
152431,155132,3,42.893,-78.83,Theft
152433,155134,3,42.879,-78.84,Assault
152434,155135,3,42.881,-78.841,Theft
152437,155138,3,42.88,-78.84,Assault
152444,155145,3,42.869,-78.808,Assault
152451,155152,3,42.843,-78.824,Assault
152452,155153,3,42.892,-78.84,Assault
152458,155159,3,42.88,-78.839,Robbery
152459,155160,3,42.879,-78.836,Assault
152465,155167,3,42.895,-78.815,Robbery
152468,155170,3,42.848,-78.823,Theft
152483,155185,3,42.862,-78.819,Assault
152489,155191,3,42.89,-78.805,Assault
152507,155210,3,42.897,-78.814,Theft
152509,155212,3,42.883,-78.846,Robbery
152511,155214,3,42.898,-78.837,Assault
152513,155216,3,42.896,-78.816,Theft
152514,155217,3,42.848,-78.824,Theft
152526,155229,3,42.888,-78.819,Theft
152555,155259,3,42.856,-78.826,Theft
152560,155264,3,42.889,-78.816,Robbery
152561,155265,3,42.892,-78.832,Theft
152564,155268,3,42.88,-78.843,Theft
152578,155282,3,42.886,-78.844,Assault
152579,155283,3,42.893,-78.836,Theft
152580,155284,3,42.858,-78.813,Assault
152583,155287,3,42.896,-78.818,Robbery
152585,155289,3,42.851,-78.829,Assault
152596,155300,3,42.851,-78.817,Theft
152602,155306,3,42.886,-78.838,Theft
152603,155307,3,42.867,-78.848,Theft
152605,155310,3,42.894,-78.807,Assault
152608,155313,3,42.898,-78.807,Theft
152611,155316,3,42.875,-78.847,Theft
152616,155321,3,42.883,-78.836,Breaking & Entering
152626,155331,3,42.898,-78.837,Theft of Vehicle
152630,155335,3,42.876,-78.826,Theft of Vehicle
152642,155347,3,42.859,-78.835,Theft
152643,155348,3,42.874,-78.803,Assault
152644,155349,3,42.876,-78.844,Breaking & Entering
152645,155350,3,42.859,-78.825,Theft
152647,155352,3,42.888,-78.84,Theft
152651,155356,3,42.89,-78.837,Robbery
152656,155361,3,42.898,-78.831,Theft of Vehicle
152657,155362,3,42.857,-78.813,Breaking & Entering
152671,155377,3,42.84,-78.847,Theft
152679,155385,3,42.887,-78.803,Breaking & Entering
152691,155397,3,42.898,-78.84,Theft
152694,155400,3,42.841,-78.825,Theft
152698,155404,3,42.872,-78.803,Breaking & Entering
152699,155405,3,42.856,-78.824,Theft
152701,155407,3,42.894,-78.83,Theft
152702,155408,3,42.858,-78.807,Assault
152717,155424,3,42.848,-78.824,Theft
152724,155431,3,42.855,-78.832,Assault
152728,155435,3,42.846,-78.826,Assault
152751,155459,3,42.847,-78.832,Breaking & Entering
152765,155473,3,42.874,-78.806,Assault
152770,155478,3,42.881,-78.835,Sexual Assault
152771,155479,3,42.898,-78.807,Theft
152777,155485,3,42.893,-78.839,Robbery
152778,155486,3,42.893,-78.839,Robbery
152779,155487,3,42.894,-78.802,Theft
152785,155493,3,42.852,-78.818,Breaking & Entering
152790,155498,3,42.886,-78.816,Assault
152806,155516,3,42.837,-78.802,Theft of Vehicle
152812,155523,3,42.893,-78.834,Breaking & Entering
152813,155524,3,42.858,-78.806,Theft of Vehicle
152817,155528,3,42.867,-78.823,Theft
152822,155534,3,42.894,-78.833,Assault
152825,155537,3,42.848,-78.824,Assault
152832,155544,3,42.894,-78.83,Theft
152860,155573,3,42.869,-78.853,Robbery
152866,155579,3,42.899,-78.835,Breaking & Entering
152893,155606,3,42.877,-78.827,Assault
152911,155624,3,42.895,-78.831,Assault
152924,155638,3,42.845,-78.836,Theft
152925,155639,3,42.848,-78.824,Theft
152935,155649,3,42.869,-78.806,Theft
152948,155663,3,42.852,-78.805,Theft
152951,155666,3,42.894,-78.841,Assault
152964,155679,3,42.893,-78.837,Assault
152968,155683,3,42.853,-78.824,Assault
152976,155691,3,42.896,-78.835,Theft
152984,155699,3,42.895,-78.804,Breaking & Entering
152985,155700,3,42.859,-78.814,Assault
152986,155701,3,42.887,-78.806,Theft
152989,155704,3,42.876,-78.843,Theft
152990,155705,3,42.868,-78.837,Theft
152991,155706,3,42.896,-78.805,Breaking & Entering
153003,155718,3,42.896,-78.834,Breaking & Entering
153014,155729,3,42.86,-78.822,Theft
153021,155736,3,42.847,-78.828,Theft of Vehicle
153037,155752,3,42.895,-78.826,Theft of Vehicle
153042,155757,3,42.882,-78.831,Sexual Assault
153049,155764,3,42.855,-78.807,Breaking & Entering
153055,155770,3,42.847,-78.815,Theft
153056,155771,3,42.89,-78.81,Theft
153057,155772,3,42.897,-78.814,Theft
153068,155784,3,42.895,-78.835,Breaking & Entering
153071,155787,3,42.893,-78.837,Theft
153073,155789,3,42.898,-78.831,Assault
153083,155799,3,42.884,-78.84,Other Sexual Offense
153085,155801,3,42.888,-78.809,Theft
153087,155803,3,42.892,-78.81,Theft
153094,155810,3,42.875,-78.803,Theft
153108,155824,3,42.858,-78.831,Assault
153109,155825,3,42.887,-78.816,Theft
153110,155826,3,42.892,-78.84,Theft
153117,155833,3,42.889,-78.811,Robbery
153126,155842,3,42.856,-78.811,Theft
153128,155844,3,42.873,-78.804,Other Sexual Offense
153130,155846,3,42.896,-78.818,Assault
153131,155847,3,42.897,-78.803,Theft
153132,155848,3,42.867,-78.809,Breaking & Entering
153133,155849,3,42.848,-78.823,Theft
153135,155851,3,42.875,-78.843,Theft
153137,155853,3,42.871,-78.832,Assault
153141,155857,3,42.852,-78.806,Theft
153142,155858,3,42.894,-78.837,Robbery
153148,155864,3,42.899,-78.817,Assault
153152,155869,3,42.852,-78.829,Theft
153154,155871,3,42.888,-78.819,Breaking & Entering
153156,155873,3,42.872,-78.806,Assault
153160,155877,3,42.869,-78.832,Assault
153168,155885,3,42.895,-78.83,Assault
153176,155893,3,42.895,-78.808,Theft
153180,155897,3,42.859,-78.812,Theft
153183,155900,3,42.85,-78.815,Theft
153188,155905,3,42.884,-78.842,Theft
153189,155906,3,42.898,-78.807,Assault
153190,155907,3,42.857,-78.813,Assault
153192,155909,3,42.871,-78.839,Theft
153211,155929,3,42.871,-78.834,Breaking & Entering
153213,155931,3,42.888,-78.805,Assault
153214,155932,3,42.847,-78.832,Assault
153215,155933,3,42.869,-78.8,Theft
153217,155935,3,42.851,-78.828,Assault
153220,155938,3,42.87,-78.801,Breaking & Entering
153238,155956,3,42.852,-78.803,Assault
153241,155959,3,42.892,-78.837,Breaking & Entering
153246,155964,3,42.872,-78.824,Breaking & Entering
153251,155969,3,42.843,-78.824,Assault
153263,155981,3,42.841,-78.821,Theft
153265,155983,3,42.836,-78.824,Breaking & Entering
153272,155990,3,42.841,-78.824,Theft
153274,155992,3,42.85,-78.829,Assault
153280,155998,3,42.87,-78.812,Other Sexual Offense
153281,155999,3,42.852,-78.806,Theft
153285,156003,3,42.894,-78.826,Assault
153300,156018,3,42.855,-78.809,Breaking & Entering
153306,156024,3,42.874,-78.804,Breaking & Entering
153313,156031,3,42.891,-78.84,Theft
153316,156035,3,42.892,-78.835,Assault
153323,156042,3,42.896,-78.815,Theft
153325,156044,3,42.899,-78.823,Theft
153329,156049,3,42.895,-78.825,Assault
153331,156051,3,42.858,-78.831,Theft
153339,156059,3,42.832,-78.815,Theft
153349,156069,3,42.894,-78.825,Theft
153350,156070,3,42.853,-78.829,Theft
153353,156073,3,42.861,-78.817,Theft
153354,156074,3,42.86,-78.826,Theft
153358,156078,3,42.857,-78.809,Theft
153359,156079,3,42.896,-78.824,Theft
153363,156084,3,42.873,-78.801,Theft of Vehicle
153368,156089,3,42.879,-78.839,Robbery
153374,156095,3,42.876,-78.816,Theft
153376,156097,3,42.897,-78.816,Theft
153380,156102,3,42.897,-78.84,Theft of Vehicle
153391,156113,3,42.857,-78.832,Breaking & Entering
153402,156124,3,42.879,-78.835,Theft of Vehicle
153407,156129,3,42.892,-78.833,Breaking & Entering
153417,156139,3,42.847,-78.824,Theft
153426,156148,3,42.853,-78.827,Theft
153435,156157,3,42.892,-78.834,Breaking & Entering
153436,156158,3,42.888,-78.803,Assault
153437,156159,3,42.884,-78.839,Theft
153446,156168,3,42.872,-78.826,Theft
153461,156184,3,42.895,-78.809,Breaking & Entering
153462,156185,3,42.896,-78.819,Robbery
153464,156187,3,42.835,-78.824,Theft
153466,156189,3,42.871,-78.833,Breaking & Entering
153468,156191,3,42.893,-78.837,Theft of Vehicle
153469,156192,3,42.89,-78.8,Other Sexual Offense
153481,156204,3,42.893,-78.841,Theft
153482,156205,3,42.858,-78.833,Breaking & Entering
153488,156211,3,42.894,-78.822,Breaking & Entering
153495,156218,3,42.893,-78.808,Theft
153501,156225,3,42.851,-78.81,Theft
153507,156232,3,42.848,-78.832,Robbery
153511,156236,3,42.859,-78.822,Theft
153520,156245,3,42.894,-78.819,Breaking & Entering
153523,156248,3,42.858,-78.825,Assault
153527,156252,3,42.898,-78.801,Breaking & Entering
153528,156253,3,42.896,-78.819,Assault
153534,156260,3,42.875,-78.828,Breaking & Entering
153537,156263,3,42.847,-78.824,Theft
153546,156272,3,42.869,-78.848,Assault
153547,156273,3,42.873,-78.81,Theft
153548,156274,3,42.836,-78.805,Theft
153553,156279,3,42.879,-78.835,Breaking & Entering
153569,156295,3,42.892,-78.831,Assault
153574,156300,3,42.869,-78.83,Theft
153576,156302,3,42.889,-78.808,Theft
153594,156320,3,42.897,-78.832,Theft
153606,156332,3,42.894,-78.822,Theft
153616,156343,3,42.858,-78.823,Theft of Vehicle
153625,156352,3,42.896,-78.838,Breaking & Entering
153629,156356,3,42.886,-78.842,Breaking & Entering
153639,156366,3,42.89,-78.843,Breaking & Entering
153641,156368,3,42.841,-78.824,Theft
153648,156375,3,42.896,-78.836,Theft
153653,156380,3,42.851,-78.828,Breaking & Entering
153655,156382,3,42.851,-78.807,Theft
153658,156385,3,42.886,-78.845,Assault
153664,156391,3,42.87,-78.81,Theft
153667,156394,3,42.896,-78.83,Breaking & Entering
153671,156398,3,42.856,-78.817,Theft
153672,156399,3,42.897,-78.816,Theft
153683,156410,3,42.88,-78.841,Theft
153692,156420,3,42.892,-78.844,Assault
153696,156424,3,42.856,-78.824,Theft
153699,156427,3,42.872,-78.812,Theft
153701,156429,3,42.895,-78.826,Breaking & Entering
153703,156431,3,42.891,-78.831,Homicide
153708,156436,3,42.867,-78.807,Breaking & Entering
153721,156450,3,42.833,-78.815,Theft
153726,156455,3,42.854,-78.832,Assault
153727,156456,3,42.832,-78.821,Breaking & Entering
153733,156463,3,42.898,-78.8,Theft of Vehicle
153744,156474,3,42.885,-78.827,Theft
153749,156479,3,42.89,-78.8,Breaking & Entering
153750,156480,3,42.897,-78.814,Theft
153751,156481,3,42.886,-78.839,Theft
153754,156484,3,42.852,-78.822,Theft
153759,156491,3,42.854,-78.818,Assault
153760,156492,3,42.887,-78.807,Theft
153764,156496,3,42.893,-78.837,Theft
153765,156497,3,42.849,-78.823,Breaking & Entering
153767,156499,3,42.894,-78.82,Breaking & Entering
153776,156508,3,42.888,-78.808,Assault
153781,156514,3,42.853,-78.831,Breaking & Entering
153795,156528,3,42.894,-78.833,Robbery
153801,156534,3,42.873,-78.81,Breaking & Entering
153812,156545,3,42.836,-78.822,Theft
153814,156547,3,42.897,-78.814,Theft of Vehicle
153818,156551,3,42.848,-78.824,Assault
153823,156556,3,42.885,-78.846,Breaking & Entering
153828,156561,3,42.837,-78.826,Theft
153833,156566,3,42.87,-78.831,Assault
153837,156570,3,42.854,-78.832,Breaking & Entering
153838,156571,3,42.876,-78.825,Other Sexual Offense
153841,156574,3,42.895,-78.824,Breaking & Entering
153844,156577,3,42.845,-78.801,Breaking & Entering
153850,156584,3,42.859,-78.814,Breaking & Entering
153870,156604,3,42.837,-78.81,Theft
153872,156606,3,42.88,-78.841,Breaking & Entering
153873,156607,3,42.894,-78.841,Robbery
153888,156622,3,42.885,-78.81,Theft of Vehicle
153896,156631,3,42.881,-78.8,Assault
153897,156632,3,42.856,-78.833,Theft
153917,156652,3,42.869,-78.835,Breaking & Entering
153922,156657,3,42.89,-78.806,Theft
153927,156662,3,42.872,-78.844,Theft
153928,156663,3,42.841,-78.815,Assault
153935,156670,3,42.844,-78.824,Assault
153946,156681,3,42.836,-78.824,Theft of Vehicle
153958,156693,3,42.833,-78.81,Theft
153963,156698,3,42.898,-78.807,Theft
153968,156703,3,42.891,-78.83,Theft of Vehicle
153971,156706,3,42.847,-78.814,Theft
153984,156719,3,42.849,-78.812,Assault
153987,156722,3,42.894,-78.836,Breaking & Entering
153995,156730,3,42.854,-78.808,Theft
153996,156731,3,42.884,-78.834,Assault
153998,156733,3,42.891,-78.803,Assault
153999,156734,3,42.895,-78.828,Theft
154005,156740,3,42.888,-78.815,Theft
154011,156746,3,42.851,-78.827,Theft
154014,156749,3,42.839,-78.804,Theft
154023,156758,3,42.87,-78.831,Breaking & Entering
154033,156768,3,42.839,-78.82,Theft
154042,156777,3,42.881,-78.832,Theft
154045,156780,3,42.878,-78.801,Theft
154047,156782,3,42.841,-78.824,Theft
154052,156787,3,42.842,-78.823,Assault
154059,156794,3,42.85,-78.801,Theft
154066,156801,3,42.896,-78.817,Assault
154067,156802,3,42.889,-78.814,Theft of Vehicle
154074,156809,3,42.858,-78.831,Assault
154082,156818,3,42.89,-78.84,Breaking & Entering
154084,156820,3,42.861,-78.817,Assault
154085,156821,3,42.833,-78.816,Theft
154086,156822,3,42.85,-78.81,Theft
154087,156823,3,42.857,-78.812,Theft
154092,156828,3,42.898,-78.815,Theft of Vehicle
154098,156834,3,42.884,-78.848,Breaking & Entering
154099,156835,3,42.897,-78.817,Theft of Vehicle
154109,156845,3,42.855,-78.826,Theft
154111,156847,3,42.877,-78.849,Theft of Vehicle
154114,156850,3,42.888,-78.802,Theft
154117,156853,3,42.896,-78.831,Breaking & Entering
154122,156858,3,42.858,-78.823,Assault
154127,156863,3,42.884,-78.833,Theft
154130,156866,3,42.86,-78.814,Theft
154131,156867,3,42.858,-78.825,Theft
154149,156885,3,42.869,-78.846,Breaking & Entering
154151,156887,3,42.872,-78.807,Theft
154158,156895,3,42.882,-78.84,Theft
154176,156916,3,42.891,-78.811,Assault
154185,156925,3,42.876,-78.828,Theft
154186,156926,3,42.86,-78.822,Theft
154190,156930,3,42.89,-78.836,Theft
154191,156931,3,42.856,-78.828,Theft of Vehicle
154193,156933,3,42.88,-78.834,Theft
154206,156946,3,42.854,-78.806,Assault
154218,156958,3,42.848,-78.822,Assault
154225,156965,3,42.845,-78.824,Theft
154231,156971,3,42.856,-78.812,Assault
154238,156978,3,42.896,-78.82,Breaking & Entering
154239,156979,3,42.883,-78.808,Assault
154240,156980,3,42.851,-78.829,Theft
154249,156989,3,42.898,-78.807,Theft
154250,156990,3,42.894,-78.838,Assault
154252,156993,3,42.851,-78.805,Theft of Vehicle
154271,157012,3,42.898,-78.82,Sexual Assault
154273,157014,3,42.891,-78.804,Assault
154274,157015,3,42.885,-78.814,Theft
154275,157016,3,42.893,-78.831,Breaking & Entering
154276,157017,3,42.858,-78.81,Assault
154285,157026,3,42.858,-78.831,Robbery
154302,157043,3,42.858,-78.816,Theft
154304,157045,3,42.85,-78.803,Assault
154306,157047,3,42.872,-78.842,Theft
154311,157052,3,42.848,-78.818,Theft
154312,157053,3,42.87,-78.833,Theft
154315,157056,3,42.896,-78.819,Theft
154323,157064,3,42.854,-78.833,Theft
154325,157066,3,42.89,-78.805,Theft of Vehicle
154328,157069,3,42.87,-78.834,Theft of Vehicle
154337,157078,3,42.897,-78.814,Theft of Vehicle
154349,157090,3,42.833,-78.813,Theft
154350,157091,3,42.885,-78.814,Theft
154352,157093,3,42.85,-78.814,Theft
154360,157101,3,42.847,-78.824,Theft
154365,157106,3,42.853,-78.827,Breaking & Entering
154368,157109,3,42.885,-78.839,Theft of Vehicle
154372,157113,3,42.896,-78.838,Breaking & Entering
154374,157115,3,42.898,-78.84,Assault
154376,157117,3,42.882,-78.849,Robbery
154377,157118,3,42.85,-78.815,Theft
154409,157151,3,42.896,-78.82,Breaking & Entering
154414,157156,3,42.868,-78.809,Assault
154415,157157,3,42.884,-78.839,Theft of Vehicle
154421,157163,3,42.891,-78.814,Theft
154426,157169,3,42.896,-78.823,Theft
154432,157175,3,42.886,-78.805,Assault
154440,157183,3,42.855,-78.808,Assault
154467,157210,3,42.856,-78.829,Breaking & Entering
154486,157230,3,42.87,-78.849,Robbery
154495,157239,3,42.876,-78.827,Sexual Assault
154496,157240,3,42.889,-78.837,Breaking & Entering
154500,157244,3,42.89,-78.81,Theft
154509,157253,3,42.893,-78.818,Theft
154516,157260,3,42.855,-78.813,Theft
154522,157266,3,42.879,-78.839,Breaking & Entering
154536,157281,3,42.863,-78.82,Theft of Vehicle
154537,157282,3,42.858,-78.815,Theft
154540,157285,3,42.848,-78.824,Theft
154550,157295,3,42.853,-78.828,Assault
154551,157296,3,42.897,-78.84,Robbery
154552,157297,3,42.858,-78.831,Theft
154553,157298,3,42.89,-78.805,Breaking & Entering
154559,157304,3,42.888,-78.818,Theft
154561,157306,3,42.847,-78.833,Theft
154565,157311,3,42.891,-78.816,Theft
154580,157326,3,42.868,-78.842,Assault
154595,157341,3,42.857,-78.833,Assault
154608,157354,3,42.898,-78.823,Theft
154613,157359,3,42.841,-78.812,Assault
154614,157360,3,42.866,-78.83,Theft
154631,157377,3,42.896,-78.823,Theft
154634,157380,3,42.87,-78.826,Breaking & Entering
154635,157381,3,42.899,-78.81,Theft
154647,157393,3,42.855,-78.81,Theft
154650,157397,3,42.844,-78.827,Breaking & Entering
154654,157401,3,42.891,-78.837,Assault
154656,157403,3,42.896,-78.824,Theft
154661,157408,3,42.874,-78.817,Theft
154664,157411,3,42.897,-78.814,Assault
154665,157412,3,42.848,-78.824,Assault
154668,157415,3,42.897,-78.816,Robbery
154674,157421,3,42.849,-78.832,Theft
154684,157431,3,42.835,-78.816,Theft
154696,157444,3,42.862,-78.819,Assault
154699,157447,3,42.852,-78.807,Robbery
154701,157449,3,42.899,-78.81,Theft
154711,157459,3,42.855,-78.81,Theft
154718,157466,3,42.89,-78.807,Assault
154723,157471,3,42.877,-78.847,Theft
154724,157472,3,42.848,-78.815,Theft of Vehicle
154742,157490,3,42.856,-78.825,Assault
154755,157503,3,42.895,-78.84,Theft of Vehicle
154759,157507,3,42.835,-78.807,Breaking & Entering
154769,157517,3,42.856,-78.833,Breaking & Entering
154775,157523,3,42.872,-78.804,Robbery
154779,157527,3,42.896,-78.841,Assault
154804,157552,3,42.868,-78.835,Breaking & Entering
154805,157554,3,42.866,-78.849,Assault
154807,157556,3,42.841,-78.825,Theft
154812,157561,3,42.833,-78.824,Assault
154825,157574,3,42.887,-78.805,Assault
154827,157576,3,42.898,-78.807,Theft
154829,157578,3,42.858,-78.827,Assault
154831,157580,3,42.877,-78.813,Breaking & Entering
154833,157582,3,42.849,-78.829,Theft
154835,157584,3,42.862,-78.817,Theft
154840,157589,3,42.845,-78.824,Theft
154852,157602,3,42.857,-78.832,Theft
154853,157603,3,42.893,-78.837,Theft
154855,157605,3,42.852,-78.827,Assault
154859,157609,3,42.893,-78.821,Assault
154865,157615,3,42.894,-78.834,Assault
154866,157616,3,42.87,-78.803,Theft
154869,157619,3,42.853,-78.804,Assault
154870,157620,3,42.895,-78.829,Breaking & Entering
154881,157631,3,42.846,-78.823,Theft
154887,157637,3,42.849,-78.813,Breaking & Entering
154893,157643,3,42.877,-78.846,Theft of Vehicle
154900,157650,3,42.898,-78.807,Theft
154904,157654,3,42.878,-78.836,Assault
154906,157656,3,42.858,-78.831,Theft
154911,157661,3,42.898,-78.816,Breaking & Entering
154916,157666,3,42.84,-78.803,Theft
154918,157668,3,42.855,-78.813,Assault
154920,157670,3,42.89,-78.815,Assault
154922,157672,3,42.893,-78.839,Robbery
154923,157673,3,42.857,-78.812,Theft
154928,157678,3,42.847,-78.832,Sexual Assault
154931,157681,3,42.877,-78.847,Theft
154932,157682,3,42.876,-78.827,Breaking & Entering
154934,157684,3,42.873,-78.806,Assault
154939,157690,3,42.862,-78.818,Theft
154940,157691,3,42.891,-78.806,Theft
154948,157699,3,42.894,-78.836,Breaking & Entering
154949,157700,3,42.895,-78.82,Theft
154953,157704,3,42.845,-78.812,Theft
154960,157711,3,42.898,-78.807,Theft
154962,157713,3,42.898,-78.807,Theft
154973,157724,3,42.879,-78.844,Breaking & Entering
154984,157735,3,42.852,-78.801,Theft
154989,157740,3,42.858,-78.833,Theft
154991,157742,3,42.852,-78.804,Breaking & Entering
154996,157747,3,42.849,-78.823,Theft
154997,157748,3,42.844,-78.83,Robbery
155000,157752,3,42.896,-78.836,Assault
155004,157756,3,42.854,-78.829,Theft
155006,157758,3,42.848,-78.801,Breaking & Entering
155009,157761,3,42.898,-78.835,Assault
155011,157763,3,42.893,-78.803,Assault
155019,157771,3,42.845,-78.812,Breaking & Entering
155022,157774,3,42.862,-78.813,Assault
155025,157777,3,42.894,-78.81,Theft
155026,157778,3,42.857,-78.812,Theft
155030,157782,3,42.888,-78.8,Robbery
155033,157785,3,42.872,-78.85,Sexual Assault
155042,157795,3,42.835,-78.812,Theft
155043,157796,3,42.888,-78.841,Robbery
155045,157798,3,42.854,-78.808,Theft
155050,157803,3,42.842,-78.814,Theft
155056,157809,3,42.858,-78.81,Assault
155058,157811,3,42.893,-78.839,Theft
155060,157813,3,42.882,-78.839,Assault
155063,157816,3,42.855,-78.81,Theft
155069,157822,3,42.859,-78.828,Theft
155077,157831,3,42.87,-78.81,Theft
155092,157846,3,42.857,-78.833,Theft
155103,157857,3,42.898,-78.814,Theft
155117,157871,3,42.891,-78.8,Assault
155127,157881,3,42.871,-78.831,Breaking & Entering
155134,157888,3,42.854,-78.827,Theft
155135,157889,3,42.847,-78.828,Breaking & Entering
155136,157890,3,42.887,-78.806,Theft
155138,157892,3,42.891,-78.833,Theft
155143,157897,3,42.89,-78.802,Assault
155144,157898,3,42.895,-78.835,Theft
155170,157924,3,42.842,-78.819,Breaking & Entering
155177,157931,3,42.848,-78.803,Theft
155182,157936,3,42.868,-78.802,Theft
155184,157938,3,42.898,-78.83,Breaking & Entering
155190,157944,3,42.857,-78.82,Theft
155192,157946,3,42.841,-78.824,Assault
155194,157948,3,42.893,-78.831,Theft
155208,157962,3,42.885,-78.808,Theft
155213,157967,3,42.846,-78.827,Theft
155219,157974,3,42.834,-78.812,Assault
155220,157975,3,42.868,-78.842,Theft
155224,157979,3,42.896,-78.826,Breaking & Entering
155225,157980,3,42.857,-78.831,Theft
155228,157983,3,42.858,-78.831,Theft
155234,157990,3,42.87,-78.806,Robbery
155241,157997,3,42.883,-78.843,Theft
155251,158007,3,42.874,-78.806,Breaking & Entering
155252,158008,3,42.88,-78.835,Theft
155262,158018,3,42.885,-78.84,Theft
155270,158026,3,42.895,-78.818,Breaking & Entering
155271,158027,3,42.841,-78.824,Assault
155277,158033,3,42.854,-78.808,Theft
155286,158042,3,42.841,-78.828,Breaking & Entering
155292,158049,3,42.861,-78.813,Assault
155298,158055,3,42.855,-78.81,Robbery
155300,158057,3,42.85,-78.815,Assault
155314,158071,3,42.893,-78.833,Theft of Vehicle
155317,158074,3,42.892,-78.813,Theft
155319,158076,3,42.879,-78.842,Assault
155324,158081,3,42.861,-78.813,Breaking & Entering
155325,158082,3,42.835,-78.823,Theft
155346,158103,3,42.888,-78.836,Assault
155350,158107,3,42.894,-78.807,Assault
155356,158113,3,42.899,-78.82,Theft of Vehicle
155358,158115,3,42.847,-78.815,Assault
155360,158117,3,42.896,-78.836,Theft
155364,158121,3,42.853,-78.802,Theft
155365,158122,3,42.854,-78.828,Breaking & Entering
155369,158126,3,42.889,-78.814,Theft
155370,158127,3,42.887,-78.843,Breaking & Entering
155377,158134,3,42.833,-78.819,Assault
155382,158140,3,42.852,-78.825,Assault
155384,158142,3,42.883,-78.8,Breaking & Entering
155389,158147,3,42.851,-78.826,Theft
155398,158156,3,42.859,-78.823,Breaking & Entering
155404,158162,3,42.85,-78.815,Theft
155411,158169,3,42.868,-78.842,Theft of Vehicle
155416,158174,3,42.852,-78.804,Theft
155417,158175,3,42.878,-78.835,Theft of Vehicle
155418,158176,3,42.895,-78.824,Theft
155423,158181,3,42.89,-78.8,Assault
155431,158189,3,42.839,-78.822,Theft
155438,158196,3,42.86,-78.825,Theft
155447,158205,3,42.885,-78.839,Theft of Vehicle
155462,158220,3,42.896,-78.819,Theft
155467,158225,3,42.879,-78.807,Theft of Vehicle
155474,158232,3,42.883,-78.844,Theft
155479,158237,3,42.856,-78.812,Theft
155481,158239,3,42.845,-78.828,Breaking & Entering
155482,158240,3,42.897,-78.832,Theft
155495,158253,3,42.842,-78.821,Theft
155507,158265,3,42.875,-78.83,Breaking & Entering
155511,158269,3,42.849,-78.813,Theft
155514,158272,3,42.888,-78.806,Theft
155519,158277,3,42.883,-78.839,Robbery
155520,158278,3,42.853,-78.807,Theft of Vehicle
155528,158286,3,42.863,-78.818,Assault
155530,158288,3,42.894,-78.835,Theft
155534,158292,3,42.888,-78.809,Breaking & Entering
155536,158294,3,42.898,-78.835,Breaking & Entering
155540,158298,3,42.891,-78.834,Assault
155547,158305,3,42.835,-78.824,Theft
155550,158308,3,42.859,-78.809,Theft
155552,158310,3,42.894,-78.834,Assault
155555,158313,3,42.858,-78.816,Theft
155556,158314,3,42.854,-78.801,Breaking & Entering
155557,158315,3,42.894,-78.809,Theft
155563,158321,3,42.89,-78.836,Assault
155579,158337,3,42.856,-78.818,Assault
155580,158338,3,42.869,-78.832,Theft
155584,158342,3,42.852,-78.801,Theft of Vehicle
155601,158359,3,42.894,-78.835,Theft
155605,158363,3,42.851,-78.802,Breaking & Entering
155608,158366,3,42.854,-78.809,Theft
155613,158371,3,42.848,-78.801,Robbery
155615,158373,3,42.891,-78.803,Breaking & Entering
155630,158388,3,42.886,-78.842,Assault
155634,158392,3,42.885,-78.84,Assault
155638,158396,3,42.885,-78.802,Theft
155644,158402,3,42.852,-78.825,Breaking & Entering
155646,158404,3,42.887,-78.846,Breaking & Entering
155664,158422,3,42.878,-78.801,Theft
155668,158426,3,42.84,-78.808,Theft
155686,158445,3,42.854,-78.834,Breaking & Entering
155692,158451,3,42.869,-78.81,Theft
155696,158455,3,42.845,-78.81,Robbery
155698,158457,3,42.887,-78.803,Theft of Vehicle
155703,158462,3,42.893,-78.839,Theft
155712,158471,3,42.877,-78.843,Theft
155713,158472,3,42.889,-78.845,Assault
155727,158486,3,42.841,-78.824,Robbery
155729,158488,3,42.893,-78.821,Theft
155733,158492,3,42.896,-78.837,Assault
155753,158512,3,42.896,-78.832,Theft
155757,158516,3,42.898,-78.819,Breaking & Entering
155759,158518,3,42.896,-78.806,Breaking & Entering
155769,158528,3,42.854,-78.809,Theft
155783,158543,3,42.888,-78.806,Theft
155795,158555,3,42.895,-78.829,Robbery
155797,158557,3,42.848,-78.818,Theft
155802,158562,3,42.856,-78.805,Theft
155803,158563,3,42.885,-78.815,Theft of Vehicle
155806,158566,3,42.893,-78.841,Theft
155810,158570,3,42.887,-78.836,Assault
155812,158572,3,42.894,-78.834,Breaking & Entering
155821,158581,3,42.888,-78.837,Breaking & Entering
155825,158585,3,42.877,-78.814,Theft
155829,158589,3,42.869,-78.807,Breaking & Entering
155831,158591,3,42.885,-78.815,Breaking & Entering
155834,158594,3,42.889,-78.803,Theft
155835,158595,3,42.851,-78.801,Assault
155836,158596,3,42.89,-78.801,Assault
155842,158602,3,42.844,-78.831,Breaking & Entering
155846,158606,3,42.892,-78.84,Theft
155849,158609,3,42.851,-78.809,Assault
155851,158611,3,42.856,-78.813,Theft
155855,158615,3,42.856,-78.827,Assault
155857,158617,3,42.832,-78.818,Breaking & Entering
155861,158621,3,42.898,-78.836,Breaking & Entering
155862,158622,3,42.896,-78.836,Theft
155863,158623,3,42.891,-78.837,Assault
155866,158626,3,42.873,-78.841,Breaking & Entering
155868,158628,3,42.893,-78.837,Theft
155870,158630,3,42.856,-78.817,Theft
155872,158632,3,42.888,-78.844,Theft
155877,158637,3,42.898,-78.816,Theft of Vehicle
155884,158644,3,42.849,-78.803,Theft
155886,158646,3,42.854,-78.803,Breaking & Entering
155890,158650,3,42.89,-78.815,Breaking & Entering
155893,158653,3,42.886,-78.813,Breaking & Entering
155906,158667,3,42.848,-78.824,Assault
155918,158679,3,42.832,-78.805,Theft of Vehicle
155929,158690,3,42.834,-78.821,Theft
155936,158697,3,42.838,-78.831,Theft
155937,158698,3,42.85,-78.803,Assault
155938,158699,3,42.895,-78.83,Theft
155940,158701,3,42.899,-78.82,Assault
155941,158702,3,42.888,-78.815,Assault
155948,158709,3,42.846,-78.801,Breaking & Entering
155952,158713,3,42.893,-78.837,Theft
155958,158719,3,42.87,-78.832,Assault
155979,158740,3,42.848,-78.822,Theft
155980,158741,3,42.851,-78.801,Theft of Vehicle
155984,158745,3,42.866,-78.824,Theft
155986,158747,3,42.855,-78.834,Breaking & Entering
156030,158791,3,42.856,-78.812,Assault
156031,158792,3,42.892,-78.838,Theft
156033,158794,3,42.833,-78.824,Assault
156038,158799,3,42.859,-78.842,Theft
156039,158800,3,42.898,-78.816,Theft
156052,158813,3,42.842,-78.816,Assault
156056,158817,3,42.897,-78.817,Assault
156068,158829,3,42.879,-78.842,Assault
156073,158834,3,42.843,-78.825,Theft of Vehicle
156076,158837,3,42.877,-78.842,Theft of Vehicle
156077,158838,3,42.837,-78.812,Assault
156084,158845,3,42.899,-78.818,Assault
156087,158848,3,42.885,-78.814,Breaking & Entering
156099,158860,3,42.847,-78.824,Assault
156104,158865,3,42.895,-78.839,Sexual Assault
156110,158871,3,42.847,-78.803,Breaking & Entering
156117,158878,3,42.848,-78.813,Theft of Vehicle
156125,158886,3,42.841,-78.829,Assault
156148,158909,3,42.896,-78.818,Theft
156154,158915,3,42.896,-78.809,Breaking & Entering
156166,158927,3,42.854,-78.811,Assault
156170,158931,3,42.89,-78.808,Theft
156191,158955,3,42.858,-78.831,Theft
156192,158956,3,42.898,-78.815,Theft
156194,158958,3,42.893,-78.841,Assault
156200,158964,3,42.866,-78.848,Theft of Vehicle
156201,158965,3,42.854,-78.809,Assault
156204,158968,3,42.879,-78.802,Theft
156206,158970,3,42.89,-78.84,Theft of Vehicle
156208,158972,3,42.899,-78.816,Breaking & Entering
156210,158975,3,42.871,-78.835,Breaking & Entering
156214,158979,3,42.889,-78.808,Theft
156219,158984,3,42.884,-78.835,Theft
156222,158987,3,42.837,-78.801,Assault
156225,158990,3,42.898,-78.82,Theft
156229,158994,3,42.892,-78.834,Assault
156246,159011,3,42.883,-78.833,Theft
156250,159015,3,42.866,-78.858,Breaking & Entering
156258,159023,3,42.85,-78.815,Robbery
156262,159027,3,42.875,-78.831,Theft
156270,159035,3,42.864,-78.824,Theft
156274,159039,3,42.891,-78.813,Assault
156280,159045,3,42.89,-78.816,Theft
156282,159047,3,42.833,-78.803,Theft of Vehicle
156284,159049,3,42.841,-78.824,Assault
156285,159050,3,42.87,-78.848,Theft
156286,159051,3,42.876,-78.826,Theft
156295,159060,3,42.898,-78.8,Theft
156297,159062,3,42.898,-78.807,Theft
156298,159063,3,42.835,-78.821,Theft
156306,159071,3,42.881,-78.844,Theft
156319,159084,3,42.884,-78.832,Breaking & Entering
156325,159090,3,42.898,-78.801,Breaking & Entering
156337,159103,3,42.89,-78.804,Theft
156343,159110,3,42.899,-78.818,Breaking & Entering
156344,159111,3,42.893,-78.809,Assault
156346,159113,3,42.848,-78.812,Assault
156351,159118,3,42.856,-78.829,Assault
156354,159121,3,42.839,-78.823,Robbery
156360,159127,3,42.893,-78.841,Theft
156366,159133,3,42.846,-78.801,Theft
156369,159136,3,42.875,-78.853,Theft
156374,159141,3,42.854,-78.82,Assault
156390,159158,3,42.833,-78.824,Assault
156401,159169,3,42.88,-78.84,Breaking & Entering
156403,159171,3,42.886,-78.801,Assault
156407,159175,3,42.892,-78.836,Theft
156409,159177,3,42.879,-78.841,Theft
156413,159181,3,42.89,-78.812,Theft
156425,159193,3,42.895,-78.809,Assault
156427,159195,3,42.847,-78.817,Theft of Vehicle
156431,159200,3,42.838,-78.803,Breaking & Entering
156432,159201,3,42.86,-78.807,Breaking & Entering
156436,159205,3,42.871,-78.842,Theft
156439,159208,3,42.832,-78.811,Theft
156440,159209,3,42.848,-78.824,Assault
156451,159220,3,42.897,-78.838,Breaking & Entering
156471,159240,3,42.867,-78.857,Assault
156477,159246,3,42.866,-78.821,Assault
156482,159251,3,42.842,-78.818,Theft
156483,159252,3,42.85,-78.803,Theft
156484,159253,3,42.894,-78.834,Breaking & Entering
156485,159254,3,42.869,-78.831,Assault
156487,159256,3,42.845,-78.813,Breaking & Entering
156493,159262,3,42.898,-78.814,Theft
156497,159267,3,42.873,-78.844,Assault
156498,159268,3,42.842,-78.824,Assault
156505,159275,3,42.859,-78.813,Theft
156510,159280,3,42.859,-78.808,Theft of Vehicle
156514,159284,3,42.892,-78.835,Assault
156519,159289,3,42.898,-78.801,Assault
156521,159291,3,42.887,-78.804,Assault
156524,159294,3,42.853,-78.807,Theft
156531,159301,3,42.873,-78.842,Assault
156540,159310,3,42.857,-78.812,Breaking & Entering
156541,159311,3,42.899,-78.81,Theft
156547,159317,3,42.873,-78.828,Robbery
156551,159321,3,42.856,-78.812,Breaking & Entering
156557,159327,3,42.861,-78.81,Theft
156584,159355,3,42.851,-78.812,Breaking & Entering
156585,159356,3,42.889,-78.803,Theft
156587,159358,3,42.898,-78.819,Theft
156588,159359,3,42.885,-78.843,Assault
156590,159361,3,42.88,-78.834,Breaking & Entering
156592,159363,3,42.899,-78.81,Theft
156596,159367,3,42.885,-78.84,Robbery
156599,159370,3,42.85,-78.815,Robbery
156600,159371,3,42.898,-78.815,Theft
156617,159388,3,42.838,-78.808,Theft
156625,159396,3,42.898,-78.807,Theft
156635,159406,3,42.88,-78.834,Assault
156637,159408,3,42.894,-78.83,Breaking & Entering
156641,159412,3,42.892,-78.836,Assault
156644,159415,3,42.874,-78.81,Breaking & Entering
156651,159422,3,42.896,-78.826,Robbery
156653,159424,3,42.85,-78.819,Theft
156655,159426,3,42.877,-78.805,Theft
156659,159430,3,42.858,-78.805,Theft
156673,159445,3,42.833,-78.823,Theft
156674,159446,3,42.893,-78.839,Theft
156680,159453,3,42.877,-78.825,Breaking & Entering
156682,159455,3,42.87,-78.845,Assault
156685,159459,3,42.871,-78.834,Theft
156696,159470,3,42.893,-78.82,Theft
156705,159479,3,42.843,-78.823,Breaking & Entering
156709,159483,3,42.894,-78.834,Theft
156718,159492,3,42.872,-78.804,Theft
156719,159493,3,42.833,-78.821,Breaking & Entering
156738,159512,3,42.877,-78.845,Breaking & Entering
156739,159513,3,42.892,-78.844,Theft of Vehicle
156743,159517,3,42.855,-78.81,Theft
156748,159522,3,42.889,-78.808,Theft
156781,159556,3,42.846,-78.813,Breaking & Entering
156787,159563,3,42.884,-78.831,Theft
156800,159576,3,42.886,-78.814,Assault
156802,159578,3,42.858,-78.818,Assault
156807,159583,3,42.887,-78.802,Breaking & Entering
156828,159605,3,42.885,-78.814,Sexual Assault
156830,159607,3,42.872,-78.802,Theft
156833,159610,3,42.874,-78.808,Theft
156835,159612,3,42.879,-78.802,Robbery
156844,159621,3,42.849,-78.803,Assault
156848,159625,3,42.887,-78.837,Assault
156857,159634,3,42.887,-78.808,Theft
156863,159640,3,42.833,-78.824,Assault
156864,159641,3,42.875,-78.85,Theft
156868,159645,3,42.898,-78.807,Theft
156870,159647,3,42.892,-78.832,Assault
156874,159651,3,42.858,-78.811,Theft
156875,159652,3,42.898,-78.807,Theft
156878,159655,3,42.859,-78.826,Assault
156879,159656,3,42.894,-78.822,Breaking & Entering
156886,159663,3,42.859,-78.81,Assault
156887,159664,3,42.87,-78.834,Breaking & Entering
156891,159669,3,42.844,-78.822,Theft of Vehicle
156896,159674,3,42.89,-78.841,Theft of Vehicle
156897,159675,3,42.872,-78.82,Theft
156921,159699,3,42.895,-78.841,Assault
156922,159700,3,42.847,-78.855,Theft of Vehicle
156925,159703,3,42.857,-78.807,Theft
156932,159710,3,42.87,-78.834,Assault
156935,159713,3,42.896,-78.823,Breaking & Entering
156942,159720,3,42.858,-78.831,Theft
156948,159726,3,42.871,-78.805,Assault
156959,159737,3,42.877,-78.833,Breaking & Entering
156967,159745,3,42.889,-78.808,Theft
156968,159746,3,42.867,-78.824,Breaking & Entering
156980,159759,3,42.881,-78.842,Theft
156981,159760,3,42.852,-78.823,Assault
156982,159761,3,42.875,-78.832,Breaking & Entering
156994,159773,3,42.874,-78.817,Breaking & Entering
156999,159778,3,42.858,-78.814,Theft of Vehicle
157014,159794,3,42.898,-78.8,Theft
157019,159799,3,42.859,-78.826,Theft
157020,159800,3,42.855,-78.826,Breaking & Entering
157022,159802,3,42.894,-78.833,Robbery
157029,159810,3,42.871,-78.838,Robbery
157031,159812,3,42.884,-78.839,Theft
157037,159818,3,42.899,-78.84,Assault
157040,159821,3,42.864,-78.822,Breaking & Entering
157044,159826,3,42.89,-78.831,Breaking & Entering
157047,159829,3,42.842,-78.819,Breaking & Entering
157062,159845,3,42.839,-78.808,Theft
157068,159851,3,42.835,-78.812,Theft
157069,159852,3,42.884,-78.84,Theft
157078,159861,3,42.877,-78.843,Breaking & Entering
157080,159863,3,42.878,-78.8,Theft
157095,159878,3,42.899,-78.817,Breaking & Entering
157100,159883,3,42.851,-78.82,Assault
157102,159885,3,42.897,-78.838,Theft
157111,159894,3,42.898,-78.807,Theft
157128,159913,3,42.898,-78.816,Assault
157129,159914,3,42.857,-78.824,Theft
157145,159930,3,42.899,-78.818,Assault
157169,159954,3,42.897,-78.8,Sexual Assault
157182,159967,3,42.877,-78.846,Breaking & Entering
157187,159972,3,42.878,-78.83,Breaking & Entering
157198,159983,3,42.854,-78.809,Assault
157199,159984,3,42.891,-78.814,Breaking & Entering
157210,159995,3,42.896,-78.818,Assault
157212,159998,3,42.898,-78.807,Theft
157214,160001,3,42.867,-78.849,Theft
157226,160013,3,42.848,-78.824,Theft
157228,160015,3,42.876,-78.827,Other Sexual Offense
157230,160018,3,42.874,-78.827,Theft
157231,160019,3,42.852,-78.805,Theft
157237,160025,3,42.871,-78.838,Theft
157245,160033,3,42.895,-78.806,Assault
157249,160037,3,42.852,-78.803,Breaking & Entering
157253,160041,3,42.871,-78.815,Breaking & Entering
157259,160047,3,42.877,-78.847,Robbery
157277,160065,3,42.842,-78.824,Theft
157279,160067,3,42.834,-78.817,Assault
157280,160068,3,42.891,-78.833,Assault
157282,160070,3,42.884,-78.846,Assault
157285,160073,3,42.895,-78.829,Breaking & Entering
157287,160075,3,42.844,-78.832,Assault
157296,160084,3,42.844,-78.832,Theft
157301,160089,3,42.853,-78.819,Assault
157306,160094,3,42.85,-78.815,Assault
157310,160098,3,42.894,-78.806,Theft
157314,160102,3,42.872,-78.803,Breaking & Entering
157319,160107,3,42.886,-78.84,Breaking & Entering
157321,160109,3,42.89,-78.803,Theft
157327,160116,3,42.891,-78.825,Theft
157330,160119,3,42.856,-78.807,Breaking & Entering
157332,160121,3,42.853,-78.818,Breaking & Entering
157342,160132,3,42.853,-78.824,Theft
157359,160149,3,42.895,-78.832,Breaking & Entering
157363,160153,3,42.874,-78.844,Theft of Vehicle
157364,160154,3,42.879,-78.842,Theft
157368,160158,3,42.851,-78.801,Theft
157383,160173,3,42.882,-78.832,Theft
157390,160180,3,42.853,-78.828,Breaking & Entering
157398,160188,3,42.866,-78.847,Breaking & Entering
157399,160189,3,42.877,-78.847,Theft
157406,160198,3,42.854,-78.806,Assault
157407,160199,3,42.859,-78.858,Breaking & Entering
157408,160200,3,42.858,-78.825,Theft
157411,160203,3,42.899,-78.818,Robbery
157417,160209,3,42.889,-78.811,Assault
157421,160213,3,42.89,-78.808,Theft of Vehicle
157429,160221,3,42.869,-78.85,Theft
157430,160222,3,42.898,-78.807,Theft
157440,160232,3,42.849,-78.802,Theft
157441,160234,3,42.838,-78.824,Assault
157451,160244,3,42.838,-78.82,Theft
157454,160247,3,42.855,-78.827,Breaking & Entering
157457,160250,3,42.871,-78.803,Theft
157458,160251,3,42.847,-78.818,Robbery
157463,160256,3,42.882,-78.84,Theft
157482,160275,3,42.893,-78.815,Theft
157484,160277,3,42.843,-78.824,Robbery
157488,160281,3,42.879,-78.834,Assault
157490,160283,3,42.847,-78.814,Assault
157494,160287,3,42.851,-78.827,Assault
157495,160288,3,42.886,-78.806,Breaking & Entering
157498,160292,3,42.892,-78.815,Theft of Vehicle
157502,160296,3,42.851,-78.823,Breaking & Entering
157506,160300,3,42.848,-78.824,Assault
157510,160304,3,42.88,-78.839,Theft
157514,160308,3,42.899,-78.809,Assault
157517,160311,3,42.885,-78.839,Theft
157519,160313,3,42.849,-78.823,Assault
157524,160319,3,42.859,-78.834,Breaking & Entering
157525,160320,3,42.878,-78.848,Assault
157533,160328,3,42.866,-78.851,Theft
157534,160329,3,42.834,-78.816,Theft
157537,160332,3,42.893,-78.839,Robbery
157550,160345,3,42.896,-78.835,Theft
157565,160360,3,42.896,-78.813,Theft of Vehicle
157566,160361,3,42.854,-78.82,Robbery
157570,160365,3,42.87,-78.829,Assault
157571,160366,3,42.895,-78.82,Theft
157572,160367,3,42.896,-78.823,Theft
157577,160372,3,42.898,-78.815,Theft
157579,160374,3,42.835,-78.812,Breaking & Entering
157580,160375,3,42.892,-78.839,Theft
157584,160379,3,42.896,-78.836,Assault
157587,160383,3,42.898,-78.807,Theft
157588,160384,3,42.863,-78.813,Theft
157591,160387,3,42.872,-78.812,Assault
157598,160394,3,42.894,-78.806,Breaking & Entering
157600,160396,3,42.89,-78.84,Assault
157601,160397,3,42.884,-78.829,Theft
157604,160400,3,42.828,-78.83,Theft
157605,160401,3,42.889,-78.841,Breaking & Entering
157612,160409,3,42.889,-78.801,Theft
157618,160415,3,42.891,-78.814,Breaking & Entering
157620,160417,3,42.883,-78.849,Breaking & Entering
157621,160418,3,42.855,-78.809,Theft
157623,160420,3,42.893,-78.825,Breaking & Entering
157627,160424,3,42.858,-78.814,Assault
157629,160426,3,42.856,-78.806,Theft
157631,160428,3,42.888,-78.804,Assault
157636,160433,3,42.858,-78.822,Breaking & Entering
157637,160434,3,42.852,-78.823,Theft
157639,160437,3,42.898,-78.822,Breaking & Entering
157643,160441,3,42.856,-78.823,Robbery
157645,160443,3,42.897,-78.808,Theft
157659,160457,3,42.873,-78.812,Theft
157661,160459,3,42.835,-78.823,Theft
157664,160462,3,42.894,-78.843,Assault
157671,160469,3,42.886,-78.802,Theft
157674,160472,3,42.852,-78.804,Theft
157679,160477,3,42.853,-78.829,Theft
157684,160482,3,42.893,-78.827,Breaking & Entering
157691,160489,3,42.894,-78.834,Theft of Vehicle
157697,160495,3,42.851,-78.829,Theft
157713,160512,3,42.847,-78.831,Theft of Vehicle
157717,160516,3,42.871,-78.852,Theft
157720,160519,3,42.853,-78.828,Theft
157742,160541,3,42.871,-78.835,Breaking & Entering
157747,160546,3,42.898,-78.8,Theft
157748,160547,3,42.854,-78.809,Breaking & Entering
157754,160553,3,42.87,-78.838,Theft of Vehicle
157755,160554,3,42.898,-78.807,Theft
157757,160556,3,42.891,-78.841,Breaking & Entering
157770,160570,3,42.894,-78.805,Assault
157774,160574,3,42.889,-78.836,Assault
157776,160576,3,42.848,-78.827,Breaking & Entering
157777,160577,3,42.837,-78.819,Theft
157784,160584,3,42.885,-78.839,Assault
157785,160585,3,42.878,-78.804,Assault
157791,160592,3,42.848,-78.808,Theft
157805,160606,3,42.876,-78.849,Breaking & Entering
157814,160615,3,42.896,-78.805,Assault
157819,160620,3,42.867,-78.851,Breaking & Entering
157830,160631,3,42.851,-78.81,Theft
157833,160634,3,42.841,-78.824,Theft
157840,160642,3,42.893,-78.831,Breaking & Entering
157844,160646,3,42.869,-78.81,Theft
157849,160651,3,42.895,-78.832,Assault
157851,160653,3,42.897,-78.832,Robbery
157859,160661,3,42.852,-78.817,Theft
157860,160662,3,42.896,-78.814,Theft of Vehicle
157864,160666,3,42.854,-78.803,Theft
157865,160667,3,42.872,-78.834,Theft
157867,160669,3,42.883,-78.845,Breaking & Entering
157880,160682,3,42.854,-78.808,Assault
157889,160691,3,42.876,-78.824,Breaking & Entering
157896,160698,3,42.877,-78.804,Theft
157897,160699,3,42.878,-78.847,Breaking & Entering
157898,160700,3,42.868,-78.851,Assault
157901,160703,3,42.849,-78.824,Assault
157924,160727,3,42.887,-78.84,Breaking & Entering
157929,160732,3,42.853,-78.824,Theft
157933,160736,3,42.848,-78.824,Assault
157939,160742,3,42.855,-78.831,Assault
157945,160748,3,42.85,-78.815,Theft
157948,160751,3,42.846,-78.81,Theft
157949,160752,3,42.848,-78.812,Assault
157956,160759,3,42.896,-78.824,Theft
157960,160763,3,42.85,-78.815,Theft
157963,160766,3,42.873,-78.804,Breaking & Entering
157967,160770,3,42.895,-78.822,Robbery
157970,160773,3,42.891,-78.805,Robbery
157981,160785,3,42.854,-78.825,Breaking & Entering
157988,160792,3,42.893,-78.839,Theft
157995,160799,3,42.852,-78.823,Theft
158008,160813,3,42.862,-78.818,Robbery
158012,160817,3,42.845,-78.811,Theft
158016,160821,3,42.869,-78.832,Assault
158022,160827,3,42.871,-78.837,Assault
158025,160830,3,42.89,-78.844,Assault
158026,160831,3,42.859,-78.811,Theft
158038,160843,3,42.852,-78.823,Theft
158054,160859,3,42.888,-78.841,Robbery
158058,160863,3,42.852,-78.823,Theft
158060,160865,3,42.896,-78.842,Theft
158063,160868,3,42.872,-78.8,Theft
158074,160880,3,42.894,-78.821,Assault
158075,160881,3,42.847,-78.823,Theft
158091,160897,3,42.877,-78.828,Theft
158094,160900,3,42.848,-78.828,Theft
158097,160903,3,42.853,-78.808,Assault
158104,160910,3,42.855,-78.818,Assault
158108,160914,3,42.855,-78.809,Theft
158109,160915,3,42.86,-78.807,Breaking & Entering
158111,160917,3,42.87,-78.802,Theft
158116,160922,3,42.845,-78.824,Theft
158120,160926,3,42.899,-78.835,Breaking & Entering
158122,160928,3,42.871,-78.809,Breaking & Entering
158125,160931,3,42.893,-78.823,Theft
158126,160932,3,42.841,-78.811,Theft
158129,160935,3,42.89,-78.802,Theft
158134,160940,3,42.895,-78.805,Assault
158146,160952,3,42.838,-78.824,Theft
158149,160955,3,42.867,-78.823,Breaking & Entering
158167,160973,3,42.855,-78.807,Assault
158168,160974,3,42.853,-78.832,Assault
158172,160978,3,42.888,-78.804,Theft
158173,160979,3,42.875,-78.83,Theft
158179,160985,3,42.839,-78.808,Theft
158181,160987,3,42.847,-78.824,Assault
158198,161004,3,42.869,-78.809,Assault
158205,161011,3,42.896,-78.819,Theft
158206,161012,3,42.85,-78.811,Theft
158211,161017,3,42.881,-78.832,Theft
158214,161020,3,42.872,-78.843,Assault
158221,161027,3,42.847,-78.801,Assault
158227,161033,3,42.878,-78.813,Robbery
158241,161047,3,42.872,-78.82,Theft
158248,161054,3,42.857,-78.809,Assault
158251,161057,3,42.886,-78.84,Robbery
158253,161059,3,42.857,-78.835,Theft of Vehicle
158255,161061,3,42.872,-78.803,Breaking & Entering
158256,161063,3,42.878,-78.849,Theft
158257,161064,3,42.848,-78.824,Theft
158262,161069,3,42.846,-78.823,Theft
158267,161074,3,42.898,-78.807,Theft
158268,161075,3,42.89,-78.84,Breaking & Entering
158281,161089,3,42.847,-78.81,Theft
158303,161111,3,42.896,-78.802,Robbery
158308,161116,3,42.897,-78.832,Robbery
158314,161122,3,42.899,-78.832,Theft
158321,161129,3,42.873,-78.806,Assault
158323,161131,3,42.892,-78.83,Assault
158324,161132,3,42.884,-78.843,Theft
158326,161134,3,42.854,-78.815,Theft
158337,161145,3,42.866,-78.826,Breaking & Entering
158348,161156,3,42.869,-78.808,Breaking & Entering
158351,161159,3,42.893,-78.84,Breaking & Entering
158355,161163,3,42.892,-78.814,Theft
158356,161164,3,42.854,-78.825,Assault
158362,161170,3,42.851,-78.824,Theft
158366,161174,3,42.856,-78.826,Breaking & Entering
158380,161188,3,42.858,-78.831,Theft
158382,161190,3,42.892,-78.833,Theft of Vehicle
158387,161195,3,42.897,-78.838,Assault
158389,161197,3,42.852,-78.813,Breaking & Entering
158390,161198,3,42.896,-78.805,Theft
158399,161207,3,42.871,-78.852,Robbery
158402,161210,3,42.857,-78.823,Theft
158441,161249,3,42.851,-78.802,Theft
158452,161260,3,42.882,-78.835,Theft
158453,161261,3,42.854,-78.805,Assault
158455,161263,3,42.883,-78.836,Assault
158461,161269,3,42.871,-78.811,Theft
158466,161274,3,42.852,-78.806,Breaking & Entering
158468,161276,3,42.858,-78.818,Breaking & Entering
158473,161281,3,42.887,-78.815,Breaking & Entering
158478,161286,3,42.873,-78.825,Theft
158483,161291,3,42.897,-78.836,Robbery
158487,161295,3,42.852,-78.819,Breaking & Entering
158488,161296,3,42.852,-78.808,Assault
158498,161306,3,42.868,-78.808,Theft
158503,161311,3,42.89,-78.803,Assault
158511,161319,3,42.871,-78.808,Assault
158515,161323,3,42.888,-78.803,Theft
158528,161336,3,42.85,-78.815,Theft
158543,161351,3,42.896,-78.8,Theft
158548,161357,3,42.886,-78.843,Theft of Vehicle
158571,161381,3,42.869,-78.828,Breaking & Entering
158574,161384,3,42.896,-78.826,Assault
158582,161392,3,42.871,-78.805,Breaking & Entering
158594,161404,3,42.848,-78.823,Theft
158597,161407,3,42.875,-78.808,Other Sexual Offense
158604,161414,3,42.872,-78.852,Breaking & Entering
158606,161416,3,42.866,-78.807,Assault
158614,161424,3,42.892,-78.824,Theft
158618,161428,3,42.898,-78.838,Theft of Vehicle
158626,161436,3,42.897,-78.835,Assault
158631,161441,3,42.899,-78.821,Theft of Vehicle
158634,161444,3,42.872,-78.807,Assault
158638,161448,3,42.89,-78.837,Assault
158641,161451,3,42.839,-78.857,Breaking & Entering
158651,161461,3,42.872,-78.845,Assault
158653,161463,3,42.84,-78.819,Theft
158655,161465,3,42.891,-78.833,Theft
158657,161467,3,42.891,-78.8,Theft
158662,161472,3,42.843,-78.823,Theft
158678,161488,3,42.86,-78.807,Other Sexual Offense
158680,161490,3,42.848,-78.813,Theft
158682,161492,3,42.844,-78.824,Theft
158688,161498,3,42.84,-78.847,Theft
158691,161501,3,42.894,-78.83,Assault
158695,161505,3,42.898,-78.818,Other Sexual Offense
158697,161507,3,42.891,-78.833,Breaking & Entering
158706,161516,3,42.857,-78.823,Breaking & Entering
158710,161520,3,42.897,-78.82,Assault
158715,161525,3,42.873,-78.809,Theft
158731,161541,3,42.836,-78.812,Theft
158738,161548,3,42.864,-78.824,Assault
158739,161549,3,42.87,-78.833,Assault
158740,161550,3,42.87,-78.848,Theft of Vehicle
158746,161556,3,42.894,-78.828,Assault
158747,161557,3,42.875,-78.805,Breaking & Entering
158751,161561,3,42.885,-78.815,Theft of Vehicle
158764,161574,3,42.844,-78.819,Assault
158786,161597,3,42.869,-78.808,Breaking & Entering
158788,161599,3,42.835,-78.806,Assault
158797,161608,3,42.879,-78.8,Assault
158807,161618,3,42.886,-78.805,Assault
158817,161628,3,42.892,-78.832,Assault
158820,161631,3,42.885,-78.804,Sexual Offense
158821,161632,3,42.89,-78.845,Assault
158822,161633,3,42.842,-78.825,Theft
158831,161642,3,42.899,-78.817,Breaking & Entering
158839,161650,3,42.854,-78.834,Theft
158841,161652,3,42.843,-78.822,Breaking & Entering
158843,161654,3,42.845,-78.813,Theft of Vehicle
158844,161655,3,42.892,-78.803,Assault
158846,161658,3,42.846,-78.822,Theft
158847,161659,3,42.883,-78.807,Breaking & Entering
158858,161670,3,42.866,-78.85,Theft
158865,161677,3,42.881,-78.843,Other Sexual Offense
158870,161682,3,42.898,-78.841,Homicide
158872,161684,3,42.855,-78.81,Theft
158874,161686,3,42.85,-78.831,Theft
158883,161695,3,42.851,-78.804,Theft
158892,161704,3,42.89,-78.84,Theft
158901,161713,3,42.87,-78.832,Breaking & Entering
158908,161720,3,42.873,-78.818,Sexual Assault
158911,161723,3,42.869,-78.831,Assault
158919,161731,3,42.895,-78.823,Assault
158929,161741,3,42.85,-78.803,Theft
158937,161749,3,42.899,-78.816,Theft
158940,161752,3,42.873,-78.811,Assault
158947,161759,3,42.896,-78.815,Theft
158952,161764,3,42.886,-78.803,Breaking & Entering
158955,161767,3,42.894,-78.807,Assault
158964,161776,3,42.858,-78.831,Theft
158976,161788,3,42.84,-78.823,Breaking & Entering
158978,161790,3,42.884,-78.833,Theft
158984,161796,3,42.855,-78.826,Theft
158989,161801,3,42.888,-78.807,Theft
159009,161821,3,42.874,-78.844,Breaking & Entering
159011,161823,3,42.894,-78.836,Breaking & Entering
159015,161827,3,42.896,-78.819,Breaking & Entering
159019,161831,3,42.881,-78.841,Other Sexual Offense
159036,161848,3,42.857,-78.814,Breaking & Entering
159046,161858,3,42.881,-78.832,Theft
159048,161860,3,42.889,-78.813,Theft
159049,161861,3,42.875,-78.85,Theft
159050,161862,3,42.857,-78.808,Assault
159060,161872,3,42.862,-78.82,Theft
159064,161877,3,42.847,-78.821,Theft
159078,161891,3,42.86,-78.813,Breaking & Entering
159082,161895,3,42.857,-78.825,Theft
159091,161904,3,42.856,-78.81,Assault
159095,161908,3,42.866,-78.858,Breaking & Entering
159103,161917,3,42.898,-78.807,Theft
159108,161922,3,42.856,-78.826,Assault
159110,161925,3,42.86,-78.815,Breaking & Entering
159130,161945,3,42.869,-78.849,Robbery
159142,161957,3,42.881,-78.836,Theft
159143,161958,3,42.896,-78.806,Breaking & Entering
159145,161960,3,42.855,-78.827,Theft
159148,161963,3,42.894,-78.819,Robbery
159151,161966,3,42.872,-78.821,Theft
159152,161967,3,42.892,-78.83,Breaking & Entering
159153,161968,3,42.891,-78.8,Assault
159156,161971,3,42.866,-78.848,Theft
159158,161973,3,42.886,-78.82,Theft
159161,161976,3,42.88,-78.839,Theft
159163,161978,3,42.845,-78.825,Theft of Vehicle
159173,161988,3,42.858,-78.814,Theft
159177,161992,3,42.899,-78.815,Theft of Vehicle
159179,161994,3,42.892,-78.827,Assault
159199,162015,3,42.85,-78.82,Assault
159203,162019,3,42.888,-78.836,Assault
159210,162026,3,42.881,-78.841,Robbery
159214,162030,3,42.875,-78.802,Theft
159229,162045,3,42.89,-78.837,Assault
159249,162065,3,42.866,-78.848,Breaking & Entering
159251,162067,3,42.867,-78.847,Theft
159257,162073,3,42.856,-78.818,Breaking & Entering
159259,162075,3,42.849,-78.82,Theft
159271,162087,3,42.857,-78.829,Breaking & Entering
159277,162093,3,42.848,-78.802,Theft
159279,162095,3,42.874,-78.801,Assault
159282,162098,3,42.895,-78.808,Assault
159284,162100,3,42.853,-78.83,Breaking & Entering
159286,162102,3,42.894,-78.834,Breaking & Entering
159292,162108,3,42.89,-78.81,Assault
159302,162118,3,42.869,-78.83,Assault
159309,162125,3,42.896,-78.837,Robbery
159313,162129,3,42.872,-78.812,Theft
159314,162130,3,42.891,-78.813,Theft
159317,162133,3,42.873,-78.811,Assault
159319,162135,3,42.897,-78.821,Breaking & Entering
159327,162143,3,42.897,-78.809,Robbery
159329,162145,3,42.884,-78.844,Assault
159340,162156,3,42.846,-78.81,Theft
159341,162157,3,42.869,-78.829,Assault
159349,162165,3,42.891,-78.834,Theft
159361,162177,3,42.854,-78.811,Theft
159374,162190,3,42.895,-78.833,Theft
159376,162192,3,42.858,-78.831,Theft
159380,162196,3,42.861,-78.815,Robbery
159381,162197,3,42.855,-78.833,Assault
159391,162207,3,42.851,-78.812,Breaking & Entering
159392,162208,3,42.894,-78.834,Breaking & Entering
159394,162210,3,42.892,-78.805,Assault
159397,162214,3,42.853,-78.824,Breaking & Entering
159398,162215,3,42.898,-78.815,Other Sexual Offense
159402,162220,3,42.843,-78.82,Theft
159428,162246,3,42.871,-78.838,Theft
159434,162252,3,42.856,-78.808,Breaking & Entering
159440,162258,3,42.869,-78.806,Assault
159454,162273,3,42.86,-78.806,Assault
159458,162277,3,42.835,-78.815,Assault
159462,162281,3,42.872,-78.833,Theft
159475,162294,3,42.857,-78.835,Theft
159476,162295,3,42.895,-78.832,Assault
159487,162306,3,42.857,-78.812,Assault
159498,162317,3,42.87,-78.802,Breaking & Entering
159502,162321,3,42.89,-78.808,Theft
159503,162322,3,42.886,-78.815,Theft
159506,162325,3,42.886,-78.843,Breaking & Entering
159512,162331,3,42.896,-78.805,Assault
159513,162332,3,42.887,-78.8,Theft
159515,162334,3,42.89,-78.834,Theft of Vehicle
159517,162336,3,42.896,-78.842,Breaking & Entering
159526,162345,3,42.899,-78.835,Theft of Vehicle
159527,162346,3,42.855,-78.833,Breaking & Entering
159535,162355,3,42.894,-78.83,Theft
159538,162358,3,42.868,-78.835,Theft
159547,162367,3,42.857,-78.808,Breaking & Entering
159560,162380,3,42.874,-78.851,Robbery
159561,162381,3,42.883,-78.827,Breaking & Entering
159563,162384,3,42.855,-78.817,Theft
159564,162385,3,42.898,-78.818,Assault
159577,162398,3,42.89,-78.837,Breaking & Entering
159578,162399,3,42.859,-78.816,Theft of Vehicle
159579,162400,3,42.885,-78.807,Assault
159581,162402,3,42.887,-78.837,Assault
159590,162412,3,42.85,-78.801,Other Sexual Offense
159603,162426,3,42.857,-78.825,Breaking & Entering
159611,162434,3,42.86,-78.815,Assault
159614,162437,3,42.893,-78.831,Assault
159618,162441,3,42.856,-78.811,Breaking & Entering
159626,162450,3,42.878,-78.85,Theft
159630,162454,3,42.857,-78.827,Breaking & Entering
159644,162469,3,42.855,-78.815,Theft of Vehicle
159654,162479,3,42.879,-78.838,Breaking & Entering
159657,162482,3,42.886,-78.839,Assault
159663,162488,3,42.866,-78.802,Theft
159667,162492,3,42.86,-78.825,Theft
159670,162495,3,42.875,-78.825,Theft
159681,162506,3,42.858,-78.807,Breaking & Entering
159700,162525,3,42.887,-78.812,Theft
159701,162526,3,42.878,-78.801,Theft
159704,162529,3,42.891,-78.838,Theft
159708,162533,3,42.892,-78.816,Theft
159713,162538,3,42.832,-78.811,Theft
159714,162539,3,42.898,-78.816,Breaking & Entering
159716,162541,3,42.893,-78.839,Theft
159724,162549,3,42.894,-78.806,Theft
159731,162557,3,42.868,-78.808,Assault
159733,162559,3,42.858,-78.806,Theft
159739,162566,3,42.874,-78.81,Theft
159744,162571,3,42.896,-78.835,Theft
159751,162578,3,42.898,-78.825,Theft
159753,162580,3,42.874,-78.827,Robbery
159759,162586,3,42.854,-78.825,Breaking & Entering
159762,162589,3,42.856,-78.812,Breaking & Entering
159771,162598,3,42.874,-78.851,Assault
159789,162616,3,42.854,-78.803,Breaking & Entering
159790,162617,3,42.858,-78.831,Theft
159808,162635,3,42.837,-78.824,Assault
159812,162639,3,42.891,-78.841,Assault
159819,162646,3,42.897,-78.812,Theft
159820,162647,3,42.858,-78.831,Theft
159832,162659,3,42.867,-78.857,Assault
159833,162660,3,42.858,-78.831,Theft
159836,162663,3,42.87,-78.829,Breaking & Entering
159837,162664,3,42.873,-78.844,Theft of Vehicle
159844,162671,3,42.849,-78.819,Theft
159859,162686,3,42.895,-78.832,Theft
159861,162688,3,42.891,-78.831,Breaking & Entering
159866,162693,3,42.896,-78.834,Assault
159867,162694,3,42.872,-78.824,Theft
159870,162697,3,42.878,-78.8,Theft
159874,162701,3,42.855,-78.826,Breaking & Entering
159878,162705,3,42.866,-78.848,Robbery
159884,162711,3,42.896,-78.821,Assault
159886,162713,3,42.89,-78.806,Robbery
159896,162723,3,42.899,-78.817,Assault
159902,162729,3,42.84,-78.817,Theft
159915,162742,3,42.89,-78.837,Robbery
159916,162743,3,42.886,-78.84,Assault
159917,162744,3,42.856,-78.809,Assault
159920,162747,3,42.851,-78.813,Assault
159922,162749,3,42.843,-78.824,Theft
159928,162755,3,42.889,-78.838,Theft
159934,162761,3,42.896,-78.824,Robbery
159935,162762,3,42.894,-78.835,Assault
159937,162764,3,42.857,-78.805,Assault
159939,162766,3,42.875,-78.827,Assault
159941,162768,3,42.847,-78.832,Theft
159959,162787,3,42.851,-78.802,Assault
159963,162791,3,42.871,-78.808,Assault
159972,162800,3,42.895,-78.827,Assault
159973,162801,3,42.837,-78.811,Theft of Vehicle
159977,162805,3,42.871,-78.833,Breaking & Entering
159982,162810,3,42.866,-78.805,Assault
159984,162812,3,42.869,-78.806,Breaking & Entering
159986,162814,3,42.894,-78.831,Assault
159988,162816,3,42.89,-78.804,Assault
159995,162824,3,42.868,-78.837,Theft of Vehicle
159998,162827,3,42.857,-78.812,Theft
160005,162834,3,42.894,-78.827,Assault
160013,162842,3,42.899,-78.831,Theft
160018,162847,3,42.856,-78.805,Theft
160020,162849,3,42.853,-78.806,Theft
160021,162850,3,42.894,-78.83,Robbery
160022,162851,3,42.873,-78.85,Theft
160033,162863,3,42.851,-78.824,Assault
160034,162864,3,42.891,-78.836,Assault
160038,162868,3,42.894,-78.834,Breaking & Entering
160044,162874,3,42.881,-78.832,Theft
160046,162876,3,42.879,-78.842,Homicide
160050,162880,3,42.896,-78.822,Theft of Vehicle
160065,162896,3,42.848,-78.808,Theft
160073,162904,3,42.857,-78.812,Theft
160076,162907,3,42.85,-78.821,Theft of Vehicle
160088,162919,3,42.872,-78.812,Theft
160094,162925,3,42.85,-78.824,Assault
160099,162930,3,42.874,-78.827,Breaking & Entering
160102,162933,3,42.879,-78.843,Breaking & Entering
160110,162941,3,42.893,-78.82,Theft
160111,162942,3,42.844,-78.824,Sexual Assault
160129,162962,3,42.894,-78.802,Theft
160158,162991,3,42.841,-78.822,Theft
160161,162994,3,42.896,-78.818,Robbery
160173,163006,3,42.897,-78.823,Assault
160181,163014,3,42.837,-78.812,Theft
160182,163015,3,42.869,-78.834,Theft of Vehicle
160183,163016,3,42.896,-78.806,Assault
160193,163026,3,42.894,-78.835,Robbery
160194,163027,3,42.842,-78.83,Theft
160196,163029,3,42.841,-78.824,Sexual Assault
160201,163034,3,42.871,-78.807,Theft
160205,163038,3,42.892,-78.823,Breaking & Entering
160206,163039,3,42.873,-78.81,Theft
160215,163048,3,42.856,-78.811,Breaking & Entering
160221,163054,3,42.857,-78.814,Assault
160223,163056,3,42.883,-78.83,Theft
160226,163059,3,42.892,-78.827,Breaking & Entering
160232,163065,3,42.896,-78.82,Robbery
160235,163068,3,42.85,-78.804,Theft of Vehicle
160250,163083,3,42.892,-78.834,Theft
160251,163084,3,42.899,-78.818,Assault
160261,163094,3,42.848,-78.824,Assault
160264,163097,3,42.892,-78.833,Assault
160268,163101,3,42.892,-78.811,Theft
160273,163106,3,42.887,-78.844,Theft
160274,163107,3,42.856,-78.824,Breaking & Entering
160276,163109,3,42.887,-78.813,Robbery
160281,163114,3,42.855,-78.808,Assault
160282,163115,3,42.866,-78.822,Theft of Vehicle
160283,163116,3,42.845,-78.824,Theft
160288,163121,3,42.878,-78.836,Theft of Vehicle
160292,163125,3,42.832,-78.805,Theft
160308,163142,3,42.88,-78.807,Breaking & Entering
160310,163144,3,42.855,-78.819,Theft of Vehicle
160313,163147,3,42.858,-78.813,Breaking & Entering
160314,163148,3,42.895,-78.839,Assault
160322,163156,3,42.866,-78.825,Theft
160328,163162,3,42.858,-78.83,Robbery
160338,163172,3,42.896,-78.824,Theft
160339,163173,3,42.888,-78.815,Theft
160349,163183,3,42.839,-78.822,Theft
160356,163190,3,42.894,-78.842,Assault
160364,163198,3,42.89,-78.802,Theft
160370,163204,3,42.872,-78.832,Assault
160372,163206,3,42.899,-78.816,Assault
160374,163208,3,42.89,-78.803,Theft
160404,163239,3,42.837,-78.825,Assault
160418,163253,3,42.838,-78.808,Theft
160423,163258,3,42.858,-78.831,Theft
160430,163265,3,42.867,-78.808,Theft
160439,163274,3,42.898,-78.814,Assault
160440,163275,3,42.879,-78.845,Assault
160448,163283,3,42.873,-78.806,Assault
160449,163284,3,42.86,-78.816,Theft
160456,163291,3,42.898,-78.807,Theft
160458,163293,3,42.848,-78.827,Theft of Vehicle
160473,163308,3,42.854,-78.808,Theft
160485,163320,3,42.845,-78.824,Theft
160493,163328,3,42.894,-78.819,Breaking & Entering
160494,163329,3,42.847,-78.828,Theft
160496,163331,3,42.855,-78.818,Homicide
160497,163332,3,42.897,-78.84,Theft
160505,163340,3,42.862,-78.813,Breaking & Entering
160526,163361,3,42.85,-78.815,Theft
160530,163365,3,42.852,-78.802,Theft of Vehicle
160535,163370,3,42.894,-78.806,Assault
160544,163379,3,42.848,-78.832,Theft
160549,163384,3,42.869,-78.809,Robbery
160551,163386,3,42.898,-78.835,Assault
160557,163392,3,42.872,-78.805,Assault
160560,163395,3,42.868,-78.809,Breaking & Entering
160564,163400,3,42.863,-78.812,Theft
160573,163409,3,42.874,-78.804,Theft
160582,163418,3,42.894,-78.828,Theft of Vehicle
160592,163429,3,42.86,-78.805,Theft
160596,163433,3,42.878,-78.801,Theft
160597,163434,3,42.881,-78.801,Theft
160598,163435,3,42.896,-78.839,Breaking & Entering
160602,163439,3,42.844,-78.832,Theft
160603,163440,3,42.891,-78.83,Breaking & Entering
160607,163444,3,42.894,-78.833,Theft
160619,163456,3,42.881,-78.843,Theft
160629,163467,3,42.895,-78.823,Assault
160630,163468,3,42.867,-78.848,Theft
160639,163478,3,42.876,-78.852,Robbery
160653,163492,3,42.881,-78.836,Theft of Vehicle
160660,163499,3,42.895,-78.83,Assault
160671,163510,3,42.887,-78.805,Assault
160690,163529,3,42.897,-78.809,Theft
160696,163535,3,42.854,-78.828,Theft
160716,163555,3,42.848,-78.827,Breaking & Entering
160719,163558,3,42.895,-78.819,Breaking & Entering
160734,163574,3,42.892,-78.83,Theft
160739,163579,3,42.875,-78.83,Theft
160741,163581,3,42.87,-78.848,Assault
160743,163583,3,42.858,-78.831,Theft
160744,163584,3,42.888,-78.84,Robbery
160746,163586,3,42.848,-78.812,Assault
160748,163588,3,42.896,-78.824,Assault
160750,163590,3,42.869,-78.848,Robbery
160758,163598,3,42.869,-78.807,Theft
160762,163602,3,42.883,-78.839,Theft of Vehicle
160763,163603,3,42.89,-78.837,Breaking & Entering
160766,163607,3,42.893,-78.837,Theft
160769,163610,3,42.838,-78.806,Theft
160770,163611,3,42.882,-78.829,Theft
160785,163626,3,42.857,-78.814,Assault
160791,163632,3,42.897,-78.814,Assault
160799,163640,3,42.851,-78.818,Breaking & Entering
160800,163641,3,42.88,-78.802,Theft
160803,163644,3,42.86,-78.825,Theft
160814,163655,3,42.899,-78.837,Breaking & Entering
160840,163682,3,42.886,-78.839,Assault
160847,163689,3,42.888,-78.837,Theft
160856,163698,3,42.895,-78.84,Assault
160859,163701,3,42.894,-78.835,Theft
160875,163717,3,42.859,-78.814,Breaking & Entering
160879,163722,3,42.89,-78.841,Assault
160885,163728,3,42.869,-78.829,Theft
160894,163737,3,42.896,-78.802,Breaking & Entering
160897,163740,3,42.898,-78.807,Theft
160898,163741,3,42.858,-78.813,Theft
160904,163747,3,42.837,-78.825,Sexual Offense
160924,163769,3,42.85,-78.831,Breaking & Entering
160925,163770,3,42.89,-78.803,Theft
160928,163773,3,42.893,-78.84,Assault
160938,163783,3,42.887,-78.84,Breaking & Entering
160939,163784,3,42.845,-78.809,Theft
160951,163796,3,42.88,-78.835,Assault
160967,163812,3,42.852,-78.826,Assault
160970,163815,3,42.852,-78.805,Assault
160976,163821,3,42.896,-78.806,Assault
160986,163831,3,42.89,-78.806,Assault
160992,163837,3,42.852,-78.805,Theft
160994,163839,3,42.895,-78.826,Homicide
161015,163862,3,42.875,-78.803,Theft
161017,163864,3,42.896,-78.82,Theft
161019,163866,3,42.873,-78.81,Assault
161023,163870,3,42.89,-78.84,Breaking & Entering
161035,163882,3,42.893,-78.837,Robbery
161037,163884,3,42.852,-78.819,Breaking & Entering
161038,163885,3,42.872,-78.811,Theft
161041,163888,3,42.896,-78.8,Theft
161042,163889,3,42.887,-78.837,Assault
161048,163895,3,42.898,-78.807,Theft
161054,163901,3,42.851,-78.806,Theft
161068,163915,3,42.892,-78.839,Theft
161079,163926,3,42.842,-78.825,Theft of Vehicle
161085,163932,3,42.842,-78.809,Theft
161090,163937,3,42.88,-78.802,Theft
161093,163940,3,42.88,-78.802,Breaking & Entering
161100,163947,3,42.899,-78.84,Breaking & Entering
161102,163949,3,42.893,-78.843,Assault
161103,163950,3,42.895,-78.806,Assault
161108,163955,3,42.846,-78.82,Theft
161109,163956,3,42.86,-78.817,Breaking & Entering
161111,163958,3,42.838,-78.808,Theft
161116,163963,3,42.842,-78.824,Assault
161118,163965,3,42.895,-78.809,Theft
161127,163974,3,42.842,-78.83,Breaking & Entering
161140,163987,3,42.872,-78.802,Breaking & Entering
161142,163989,3,42.857,-78.821,Breaking & Entering
161143,163990,3,42.856,-78.817,Assault
161145,163992,3,42.832,-78.815,Theft
161153,164000,3,42.89,-78.832,Theft
161167,164015,3,42.841,-78.824,Robbery
161169,164017,3,42.869,-78.829,Theft
161175,164023,3,42.853,-78.808,Theft
161181,164029,3,42.858,-78.808,Theft
161182,164030,3,42.871,-78.834,Breaking & Entering
161183,164031,3,42.898,-78.84,Assault
161185,164033,3,42.858,-78.804,Theft
161207,164055,3,42.834,-78.82,Assault
161211,164059,3,42.87,-78.835,Assault
161214,164062,3,42.837,-78.808,Breaking & Entering
161216,164064,3,42.887,-78.841,Assault
161229,164077,3,42.875,-78.804,Assault
161230,164078,3,42.894,-78.834,Robbery
161234,164082,3,42.849,-78.814,Assault
161236,164084,3,42.885,-78.811,Theft
161250,164098,3,42.85,-78.803,Assault
161254,164102,3,42.855,-78.816,Theft
161259,164107,3,42.836,-78.823,Theft
161263,164111,3,42.853,-78.819,Breaking & Entering
161266,164114,3,42.877,-78.804,Assault
161270,164118,3,42.857,-78.829,Theft
161272,164120,3,42.892,-78.84,Theft
161280,164128,3,42.882,-78.835,Theft of Vehicle
161291,164139,3,42.87,-78.809,Breaking & Entering
161316,164164,3,42.882,-78.831,Breaking & Entering
161320,164168,3,42.891,-78.836,Assault
161322,164170,3,42.894,-78.819,Theft
161324,164172,3,42.869,-78.836,Assault
161325,164173,3,42.891,-78.836,Theft
161327,164175,3,42.872,-78.802,Theft
161330,164178,3,42.873,-78.842,Theft
161345,164193,3,42.875,-78.825,Theft
161347,164195,3,42.87,-78.807,Theft
161350,164198,3,42.88,-78.839,Assault
161363,164211,3,42.898,-78.824,Assault
161367,164215,3,42.889,-78.846,Assault
161374,164222,3,42.852,-78.806,Theft
161384,164232,3,42.863,-78.821,Assault
161394,164242,3,42.872,-78.814,Breaking & Entering
161403,164251,3,42.86,-78.811,Theft
161409,164257,3,42.896,-78.816,Robbery
161425,164273,3,42.863,-78.812,Theft
161426,164274,3,42.858,-78.83,Theft
161427,164275,3,42.895,-78.824,Theft
161432,164281,3,42.859,-78.825,Theft
161433,164282,3,42.877,-78.847,Breaking & Entering
161436,164285,3,42.877,-78.845,Theft
161439,164288,3,42.895,-78.829,Theft
161442,164291,3,42.891,-78.844,Theft
161445,164294,3,42.879,-78.84,Breaking & Entering
161461,164310,3,42.89,-78.804,Breaking & Entering
161469,164319,3,42.854,-78.812,Theft
161475,164325,3,42.869,-78.801,Theft
161482,164332,3,42.893,-78.839,Theft
161489,164339,3,42.881,-78.836,Assault
161493,164343,3,42.889,-78.839,Theft
161500,164350,3,42.891,-78.84,Breaking & Entering
161506,164356,3,42.839,-78.824,Theft
161510,164360,3,42.858,-78.825,Theft
161519,164369,3,42.868,-78.8,Assault
161542,164392,3,42.875,-78.826,Breaking & Entering
161545,164395,3,42.872,-78.826,Theft
161546,164396,3,42.869,-78.808,Breaking & Entering
161549,164399,3,42.855,-78.818,Sexual Assault
161550,164400,3,42.894,-78.821,Theft
161551,164401,3,42.87,-78.856,Breaking & Entering
161555,164405,3,42.846,-78.832,Theft
161559,164409,3,42.898,-78.839,Robbery
161562,164412,3,42.848,-78.812,Theft
161569,164419,3,42.872,-78.831,Assault
161573,164423,3,42.89,-78.802,Theft of Vehicle
161594,164444,3,42.874,-78.804,Theft
161595,164445,3,42.833,-78.822,Theft
161599,164449,3,42.858,-78.831,Theft
161602,164452,3,42.891,-78.814,Theft
161603,164453,3,42.848,-78.832,Theft
161604,164454,3,42.851,-78.808,Breaking & Entering
161605,164455,3,42.858,-78.831,Theft
161611,164461,3,42.898,-78.831,Breaking & Entering
161624,164474,3,42.895,-78.805,Theft
161625,164475,3,42.892,-78.804,Theft
161627,164477,3,42.899,-78.83,Theft
161628,164478,3,42.893,-78.839,Theft
161630,164480,3,42.871,-78.816,Breaking & Entering
161637,164488,3,42.854,-78.811,Assault
161638,164489,3,42.85,-78.801,Theft
161640,164491,3,42.847,-78.824,Theft
161648,164499,3,42.889,-78.808,Theft
161655,164506,3,42.86,-78.825,Theft
161657,164508,3,42.848,-78.828,Theft
161663,164514,3,42.896,-78.808,Breaking & Entering
161664,164515,3,42.858,-78.831,Theft
161666,164517,3,42.889,-78.809,Assault
161674,164525,3,42.875,-78.833,Breaking & Entering
161678,164529,3,42.893,-78.833,Robbery
161679,164530,3,42.898,-78.815,Breaking & Entering
161682,164534,3,42.862,-78.815,Assault
161684,164536,3,42.842,-78.823,Assault
161689,164541,3,42.843,-78.818,Theft
161704,164557,3,42.897,-78.815,Theft of Vehicle
161716,164569,3,42.85,-78.803,Theft
161730,164583,3,42.888,-78.816,Theft
161734,164587,3,42.894,-78.831,Robbery
161739,164592,3,42.856,-78.822,Assault
161747,164600,3,42.849,-78.828,Theft
161750,164603,3,42.848,-78.824,Theft
161762,164615,3,42.87,-78.804,Theft
161765,164618,3,42.86,-78.814,Assault
161771,164625,3,42.889,-78.803,Robbery
161779,164633,3,42.853,-78.81,Theft
161783,164637,3,42.864,-78.825,Assault
161784,164638,3,42.848,-78.828,Theft
161792,164647,3,42.893,-78.826,Breaking & Entering
161794,164649,3,42.89,-78.803,Theft
161800,164655,3,42.85,-78.803,Assault
161822,164678,3,42.852,-78.809,Theft
161824,164680,3,42.872,-78.812,Theft
161825,164681,3,42.872,-78.82,Theft
161832,164688,3,42.898,-78.807,Theft
161843,164699,3,42.852,-78.822,Theft
161849,164705,3,42.892,-78.834,Theft
161852,164708,3,42.885,-78.807,Breaking & Entering
161854,164710,3,42.859,-78.826,Theft
161858,164714,3,42.856,-78.81,Breaking & Entering
161861,164717,3,42.86,-78.814,Assault
161865,164722,3,42.833,-78.819,Theft of Vehicle
161866,164723,3,42.847,-78.824,Theft
161871,164728,3,42.898,-78.803,Theft
161875,164732,3,42.852,-78.805,Theft
161876,164733,3,42.853,-78.807,Assault
161886,164743,3,42.899,-78.818,Breaking & Entering
161899,164757,3,42.881,-78.84,Theft of Vehicle
161902,164760,3,42.891,-78.801,Theft of Vehicle
161912,164770,3,42.891,-78.831,Assault
161915,164773,3,42.845,-78.828,Breaking & Entering
161916,164774,3,42.858,-78.813,Theft
161921,164779,3,42.854,-78.802,Breaking & Entering
161928,164786,3,42.844,-78.824,Breaking & Entering
161929,164787,3,42.861,-78.816,Theft
161930,164788,3,42.851,-78.805,Theft
161932,164790,3,42.887,-78.839,Theft
161934,164792,3,42.849,-78.822,Theft
161936,164794,3,42.851,-78.806,Robbery
161937,164795,3,42.891,-78.802,Theft
161938,164796,3,42.85,-78.823,Theft
161947,164805,3,42.844,-78.824,Assault
161950,164808,3,42.872,-78.804,Theft of Vehicle
161956,164814,3,42.859,-78.808,Assault
161963,164821,3,42.878,-78.843,Theft
161972,164830,3,42.875,-78.847,Assault
161982,164840,3,42.852,-78.825,Theft
162001,164859,3,42.889,-78.816,Breaking & Entering
162004,164862,3,42.84,-78.802,Breaking & Entering
162008,164867,3,42.898,-78.815,Theft
162009,164868,3,42.85,-78.812,Other Sexual Offense
162020,164879,3,42.888,-78.811,Theft of Vehicle
162026,164885,3,42.896,-78.821,Theft
162051,164911,3,42.897,-78.834,Breaking & Entering
162059,164919,3,42.885,-78.804,Assault
162062,164922,3,42.885,-78.804,Assault
162071,164931,3,42.893,-78.823,Theft
162074,164934,3,42.881,-78.842,Breaking & Entering
162082,164942,3,42.868,-78.851,Assault
162084,164944,3,42.852,-78.818,Other Sexual Offense
162089,164949,3,42.879,-78.84,Theft of Vehicle
162093,164953,3,42.885,-78.838,Assault
162094,164954,3,42.89,-78.806,Assault
162104,164964,3,42.867,-78.809,Breaking & Entering
162114,164975,3,42.878,-78.8,Theft
162120,164981,3,42.86,-78.818,Breaking & Entering
162123,164984,3,42.896,-78.818,Assault
162131,164992,3,42.853,-78.864,Theft
162136,164997,3,42.894,-78.836,Theft
162139,165000,3,42.854,-78.806,Theft of Vehicle
162140,165001,3,42.888,-78.808,Breaking & Entering
162141,165002,3,42.896,-78.817,Theft
162147,165008,3,42.883,-78.839,Sexual Assault
162148,165009,3,42.849,-78.863,Theft
162167,165028,3,42.877,-78.841,Breaking & Entering
162168,165029,3,42.883,-78.844,Theft
162169,165030,3,42.848,-78.824,Assault
162170,165031,3,42.871,-78.816,Theft
162176,165037,3,42.892,-78.835,Theft of Vehicle
162177,165038,3,42.879,-78.832,Breaking & Entering
162181,165042,3,42.89,-78.84,Theft
162182,165043,3,42.854,-78.81,Theft
162183,165044,3,42.858,-78.81,Assault
162208,165069,3,42.898,-78.803,Theft
162221,165082,3,42.899,-78.819,Theft
162223,165084,3,42.848,-78.824,Assault
162224,165085,3,42.857,-78.831,Theft
162227,165088,3,42.898,-78.807,Theft
162230,165091,3,42.896,-78.826,Assault
162238,165099,3,42.898,-78.837,Assault
162240,165101,3,42.853,-78.811,Assault
162249,165110,3,42.848,-78.824,Theft
162255,165116,3,42.897,-78.817,Theft
162256,165117,3,42.896,-78.82,Theft
162257,165118,3,42.888,-78.803,Theft
162271,165132,3,42.869,-78.83,Theft
162276,165137,3,42.85,-78.825,Breaking & Entering
162279,165140,3,42.853,-78.831,Theft of Vehicle
162285,165146,3,42.841,-78.81,Assault
162287,165148,3,42.843,-78.825,Assault
162294,165155,3,42.846,-78.81,Theft
162295,165156,3,42.893,-78.827,Breaking & Entering
162300,165161,3,42.894,-78.822,Assault
162308,165169,3,42.842,-78.808,Assault
162310,165171,3,42.85,-78.815,Theft
162312,165173,3,42.896,-78.82,Theft
162319,165180,3,42.851,-78.825,Breaking & Entering
162332,165193,3,42.885,-78.848,Theft
162344,165205,3,42.895,-78.819,Breaking & Entering
162346,165207,3,42.874,-78.827,Breaking & Entering
162350,165211,3,42.893,-78.839,Theft of Vehicle
162352,165213,3,42.889,-78.808,Theft
162355,165216,3,42.872,-78.834,Theft of Vehicle
162356,165217,3,42.889,-78.836,Theft
162361,165222,3,42.852,-78.826,Sexual Assault
162366,165227,3,42.884,-78.833,Theft
162369,165230,3,42.859,-78.826,Theft
162372,165233,3,42.896,-78.824,Robbery
162373,165234,3,42.845,-78.822,Assault
162378,165239,3,42.897,-78.819,Breaking & Entering
162380,165241,3,42.898,-78.831,Breaking & Entering
162389,165250,3,42.842,-78.812,Theft
162392,165253,3,42.891,-78.837,Assault
162400,165261,3,42.848,-78.812,Theft
162404,165265,3,42.886,-78.844,Assault
162408,165269,3,42.87,-78.832,Theft
162416,165277,3,42.873,-78.805,Assault
162419,165280,3,42.896,-78.836,Theft
162421,165282,3,42.857,-78.808,Theft
162426,165287,3,42.894,-78.821,Sexual Assault
162429,165290,3,42.877,-78.814,Theft
162433,165294,3,42.852,-78.817,Theft
162441,165302,3,42.899,-78.832,Breaking & Entering
162451,165312,3,42.848,-78.813,Assault
162460,165321,3,42.858,-78.816,Breaking & Entering
162490,165352,3,42.883,-78.834,Assault
162491,165353,3,42.857,-78.826,Breaking & Entering
162498,165360,3,42.833,-78.82,Assault
162501,165363,3,42.893,-78.826,Theft
162504,165366,3,42.859,-78.811,Assault
162509,165371,3,42.857,-78.803,Breaking & Entering
162516,165378,3,42.839,-78.814,Theft
162517,165379,3,42.897,-78.801,Assault
162519,165381,3,42.891,-78.834,Theft
162520,165382,3,42.84,-78.826,Theft of Vehicle
162524,165386,3,42.841,-78.816,Homicide
162537,165399,3,42.893,-78.84,Theft
162545,165407,3,42.852,-78.815,Theft
162549,165412,3,42.85,-78.814,Breaking & Entering
162550,165413,3,42.86,-78.81,Theft
162560,165423,3,42.876,-78.83,Assault
162569,165432,3,42.897,-78.814,Theft
162575,165438,3,42.837,-78.82,Theft
162583,165446,3,42.85,-78.803,Theft
162615,165479,3,42.873,-78.813,Assault
162621,165485,3,42.894,-78.84,Assault
162629,165493,3,42.855,-78.808,Theft
162634,165498,3,42.886,-78.813,Theft
162644,165508,3,42.892,-78.838,Theft
162647,165511,3,42.848,-78.832,Breaking & Entering
162651,165515,3,42.857,-78.812,Theft
162652,165516,3,42.841,-78.821,Theft
162655,165519,3,42.893,-78.824,Theft
162671,165535,3,42.894,-78.826,Robbery
162672,165536,3,42.859,-78.814,Breaking & Entering
162673,165537,3,42.897,-78.807,Theft of Vehicle
162678,165542,3,42.898,-78.822,Theft of Vehicle
162679,165543,3,42.892,-78.811,Theft
162681,165545,3,42.871,-78.815,Assault
162682,165546,3,42.881,-78.801,Theft
162686,165550,3,42.85,-78.818,Assault
162693,165557,3,42.892,-78.844,Theft
162724,165588,3,42.893,-78.837,Theft
162752,165616,3,42.875,-78.81,Theft
162761,165626,3,42.858,-78.831,Theft
162762,165627,3,42.894,-78.82,Breaking & Entering
162764,165629,3,42.897,-78.841,Assault
162770,165635,3,42.885,-78.814,Theft
162771,165636,3,42.878,-78.801,Theft
162774,165639,3,42.872,-78.842,Theft
162776,165641,3,42.896,-78.836,Theft of Vehicle
162779,165644,3,42.858,-78.833,Theft
162787,165652,3,42.844,-78.82,Theft
162789,165654,3,42.892,-78.825,Breaking & Entering
162794,165659,3,42.859,-78.81,Breaking & Entering
162798,165663,3,42.899,-78.823,Theft of Vehicle
162802,165667,3,42.853,-78.823,Assault
162813,165678,3,42.873,-78.819,Theft
162827,165692,3,42.889,-78.839,Breaking & Entering
162831,165696,3,42.841,-78.824,Theft
162839,165704,3,42.894,-78.83,Robbery
162843,165708,3,42.896,-78.816,Theft
162845,165710,3,42.889,-78.81,Theft
162849,165714,3,42.858,-78.818,Breaking & Entering
162859,165724,3,42.854,-78.82,Theft of Vehicle
162862,165727,3,42.871,-78.806,Homicide
162867,165732,3,42.848,-78.816,Breaking & Entering
162870,165735,3,42.839,-78.813,Theft
162871,165736,3,42.869,-78.809,Robbery
162872,165737,3,42.881,-78.836,Assault
162873,165738,3,42.874,-78.804,Assault
162885,165750,3,42.855,-78.827,Theft
162892,165757,3,42.892,-78.833,Theft
162901,165766,3,42.896,-78.819,Assault
162905,165770,3,42.86,-78.816,Assault
162919,165785,3,42.893,-78.839,Assault
162929,165795,3,42.858,-78.813,Theft
162936,165803,3,42.885,-78.839,Robbery
162955,165822,3,42.855,-78.808,Breaking & Entering
162959,165826,3,42.896,-78.802,Theft
162965,165832,3,42.898,-78.807,Theft
162969,165836,3,42.879,-78.837,Assault
162975,165842,3,42.896,-78.818,Theft
162981,165848,3,42.853,-78.83,Theft
162983,165850,3,42.858,-78.813,Theft
163019,165886,3,42.856,-78.824,Robbery
163022,165889,3,42.892,-78.836,Theft
163031,165898,3,42.886,-78.805,Assault
163032,165899,3,42.835,-78.809,Theft
163034,165901,3,42.878,-78.813,Theft of Vehicle
163037,165904,3,42.898,-78.836,Breaking & Entering
163042,165909,3,42.858,-78.83,Theft
163045,165912,3,42.871,-78.802,Theft
163052,165919,3,42.894,-78.822,Breaking & Entering
163059,165926,3,42.845,-78.809,Assault
163064,165931,3,42.863,-78.819,Breaking & Entering
163074,165941,3,42.857,-78.82,Theft
163075,165942,3,42.88,-78.844,Breaking & Entering
163078,165945,3,42.895,-78.828,Assault
163085,165952,3,42.873,-78.852,Assault
163098,165965,3,42.835,-78.818,Theft of Vehicle
163099,165966,3,42.858,-78.81,Theft
163116,165983,3,42.87,-78.85,Breaking & Entering
163121,165988,3,42.885,-78.848,Robbery
163122,165990,3,42.872,-78.806,Theft
163135,166003,3,42.896,-78.832,Assault
163146,166014,3,42.877,-78.846,Theft
163150,166018,3,42.853,-78.81,Theft
163163,166032,3,42.897,-78.837,Robbery
163170,166039,3,42.837,-78.808,Theft of Vehicle
163179,166048,3,42.893,-78.803,Breaking & Entering
163183,166052,3,42.861,-78.812,Theft
163186,166055,3,42.853,-78.832,Assault
163187,166056,3,42.894,-78.825,Theft
163190,166060,3,42.868,-78.807,Assault
163204,166074,3,42.864,-78.825,Assault
163205,166075,3,42.893,-78.834,Theft
163208,166078,3,42.858,-78.821,Breaking & Entering
163209,166079,3,42.856,-78.812,Breaking & Entering
163212,166082,3,42.882,-78.8,Theft
163219,166089,3,42.893,-78.837,Assault
163220,166090,3,42.868,-78.808,Theft
163224,166094,3,42.895,-78.815,Theft of Vehicle
163226,166096,3,42.885,-78.807,Theft
163228,166098,3,42.89,-78.808,Assault
163230,166100,3,42.889,-78.837,Theft
163234,166104,3,42.856,-78.807,Theft
163237,166107,3,42.849,-78.829,Assault
163241,166112,3,42.851,-78.83,Theft
163242,166113,3,42.881,-78.833,Theft
163247,166118,3,42.855,-78.817,Theft
163259,166130,3,42.884,-78.824,Breaking & Entering
163263,166135,3,42.841,-78.824,Breaking & Entering
163264,166136,3,42.844,-78.829,Theft
163265,166137,3,42.883,-78.849,Theft
163273,166145,3,42.849,-78.812,Theft
163275,166147,3,42.88,-78.839,Assault
163278,166150,3,42.892,-78.83,Assault
163280,166152,3,42.846,-78.832,Theft
163282,166154,3,42.874,-78.852,Breaking & Entering
163287,166159,3,42.845,-78.821,Theft
163292,166164,3,42.854,-78.808,Theft
163305,166177,3,42.886,-78.837,Theft of Vehicle
163309,166181,3,42.892,-78.826,Theft
163313,166185,3,42.851,-78.803,Breaking & Entering
163316,166188,3,42.894,-78.821,Assault
163320,166192,3,42.893,-78.837,Theft
163322,166194,3,42.867,-78.851,Theft
163324,166197,3,42.882,-78.84,Assault
163325,166198,3,42.894,-78.83,Assault
163326,166199,3,42.848,-78.819,Theft
163335,166208,3,42.85,-78.803,Assault
163336,166209,3,42.855,-78.824,Theft of Vehicle
163337,166210,3,42.868,-78.848,Assault
163349,166222,3,42.889,-78.838,Breaking & Entering
163350,166223,3,42.858,-78.813,Breaking & Entering
163352,166225,3,42.867,-78.807,Assault
163356,166229,3,42.872,-78.807,Breaking & Entering
163358,166231,3,42.851,-78.826,Robbery
163366,166239,3,42.87,-78.805,Theft
163369,166242,3,42.854,-78.807,Theft
163383,166256,3,42.872,-78.804,Theft
163384,166257,3,42.849,-78.816,Breaking & Entering
163386,166259,3,42.899,-78.839,Homicide
163394,166267,3,42.848,-78.824,Robbery
163398,166271,3,42.839,-78.824,Theft
163410,166283,3,42.898,-78.807,Theft
163411,166284,3,42.886,-78.847,Assault
163413,166287,3,42.872,-78.806,Breaking & Entering
163417,166291,3,42.844,-78.813,Theft
163435,166309,3,42.889,-78.838,Assault
163440,166314,3,42.887,-78.846,Theft
163442,166316,3,42.843,-78.829,Breaking & Entering
163443,166317,3,42.855,-78.816,Theft
163444,166318,3,42.897,-78.822,Breaking & Entering
163452,166326,3,42.832,-78.811,Assault
163455,166329,3,42.858,-78.831,Theft
163477,166351,3,42.894,-78.824,Breaking & Entering
163488,166362,3,42.885,-78.84,Robbery
163501,166375,3,42.833,-78.819,Breaking & Entering
163503,166377,3,42.888,-78.844,Robbery
163516,166390,3,42.856,-78.824,Theft
163517,166391,3,42.867,-78.805,Theft
163531,166405,3,42.899,-78.815,Theft
163536,166410,3,42.89,-78.801,Assault
163537,166411,3,42.898,-78.817,Assault
163544,166418,3,42.887,-78.813,Theft of Vehicle
163549,166423,3,42.85,-78.805,Breaking & Entering
163552,166426,3,42.85,-78.803,Homicide
163572,166447,3,42.896,-78.831,Breaking & Entering
163575,166451,3,42.886,-78.803,Theft of Vehicle
163580,166456,3,42.879,-78.844,Assault
163587,166463,3,42.887,-78.84,Breaking & Entering
163589,166466,3,42.857,-78.814,Theft
163602,166479,3,42.892,-78.836,Theft
163608,166486,3,42.897,-78.803,Assault
163616,166494,3,42.848,-78.824,Theft
163617,166495,3,42.898,-78.82,Assault
163618,166496,3,42.851,-78.826,Theft
163625,166503,3,42.874,-78.804,Theft
163627,166505,3,42.846,-78.826,Assault
163632,166512,3,42.892,-78.838,Theft
163635,166515,3,42.845,-78.817,Theft
163644,166524,3,42.875,-78.804,Breaking & Entering
163649,166529,3,42.859,-78.828,Theft of Vehicle
163655,166535,3,42.893,-78.82,Theft
163660,166540,3,42.861,-78.821,Theft
163661,166541,3,42.848,-78.824,Assault
163663,166543,3,42.851,-78.826,Theft
163667,166547,3,42.872,-78.82,Theft
163674,166554,3,42.888,-78.825,Theft
163681,166561,3,42.896,-78.818,Breaking & Entering
163688,166568,3,42.841,-78.821,Other Sexual Offense
163695,166575,3,42.894,-78.835,Robbery
163700,166580,3,42.886,-78.815,Robbery
163704,166585,3,42.861,-78.813,Assault
163706,166587,3,42.872,-78.853,Theft of Vehicle
163707,166588,3,42.889,-78.808,Theft
163714,166595,3,42.873,-78.811,Assault
163715,166596,3,42.848,-78.801,Robbery
163719,166600,3,42.883,-78.836,Assault
163731,166612,3,42.854,-78.809,Breaking & Entering
163737,166618,3,42.843,-78.822,Assault
163739,166620,3,42.896,-78.819,Robbery
163740,166621,3,42.86,-78.825,Theft
163786,166668,3,42.857,-78.833,Theft
163792,166674,3,42.842,-78.829,Theft of Vehicle
163803,166685,3,42.858,-78.811,Assault
163811,166693,3,42.886,-78.805,Theft of Vehicle
163817,166699,3,42.896,-78.825,Theft
163819,166701,3,42.892,-78.839,Theft
163820,166702,3,42.869,-78.809,Assault
163827,166709,3,42.879,-78.845,Assault
163833,166715,3,42.856,-78.809,Assault
163840,166722,3,42.872,-78.811,Theft
163854,166737,3,42.848,-78.83,Theft
163855,166738,3,42.854,-78.807,Breaking & Entering
163858,166741,3,42.852,-78.805,Theft
163866,166749,3,42.848,-78.812,Assault
163867,166750,3,42.854,-78.811,Assault
163884,166767,3,42.852,-78.832,Assault
163886,166769,3,42.89,-78.805,Theft
163888,166771,3,42.856,-78.836,Theft
163891,166774,3,42.856,-78.809,Assault
163905,166788,3,42.841,-78.809,Theft
163914,166797,3,42.872,-78.811,Theft of Vehicle
163925,166808,3,42.899,-78.816,Assault
163932,166816,3,42.871,-78.836,Assault
163933,166817,3,42.871,-78.815,Theft
163935,166819,3,42.898,-78.815,Robbery
163953,166838,3,42.898,-78.8,Theft
163964,166849,3,42.856,-78.824,Theft of Vehicle
163967,166852,3,42.898,-78.807,Theft
163970,166856,3,42.855,-78.808,Assault
163972,166858,3,42.857,-78.813,Assault
163976,166862,3,42.877,-78.846,Breaking & Entering
163977,166863,3,42.86,-78.825,Theft
163978,166864,3,42.888,-78.805,Assault
163981,166867,3,42.873,-78.821,Theft
163990,166877,3,42.886,-78.802,Breaking & Entering
164002,166889,3,42.895,-78.822,Theft of Vehicle
164010,166897,3,42.842,-78.825,Assault
164013,166900,3,42.871,-78.838,Theft
164019,166906,3,42.879,-78.813,Theft
164022,166909,3,42.892,-78.802,Breaking & Entering
164029,166916,3,42.856,-78.809,Theft
164035,166922,3,42.844,-78.824,Theft
164041,166928,3,42.897,-78.83,Assault
164043,166930,3,42.855,-78.807,Theft
164046,166933,3,42.858,-78.831,Theft
164049,166936,3,42.893,-78.824,Breaking & Entering
164051,166938,3,42.856,-78.828,Assault
164053,166940,3,42.857,-78.804,Theft
164059,166946,3,42.87,-78.848,Assault
164067,166954,3,42.847,-78.828,Theft of Vehicle
164086,166973,3,42.848,-78.812,Assault
164091,166978,3,42.895,-78.818,Theft
164096,166983,3,42.883,-78.839,Theft of Vehicle
164097,166984,3,42.893,-78.839,Assault
164099,166987,3,42.847,-78.803,Assault
164101,166989,3,42.878,-78.813,Assault
164111,166999,3,42.876,-78.803,Theft
164112,167000,3,42.884,-78.834,Theft
164121,167009,3,42.89,-78.808,Robbery
164125,167013,3,42.895,-78.804,Theft
164147,167036,3,42.868,-78.808,Theft
164161,167050,3,42.856,-78.819,Theft
164163,167052,3,42.849,-78.863,Theft
164164,167053,3,42.886,-78.839,Theft
164169,167058,3,42.888,-78.837,Robbery
164172,167061,3,42.89,-78.808,Theft
164174,167063,3,42.847,-78.802,Theft
164180,167069,3,42.899,-78.831,Theft
164186,167075,3,42.893,-78.837,Theft
164189,167078,3,42.853,-78.8,Theft of Vehicle
164193,167082,3,42.847,-78.825,Theft
164198,167087,3,42.853,-78.802,Theft
164199,167088,3,42.848,-78.812,Theft
164202,167091,3,42.885,-78.804,Theft
164208,167097,3,42.886,-78.8,Breaking & Entering
164209,167098,3,42.891,-78.832,Assault
164216,167105,3,42.897,-78.823,Breaking & Entering
164217,167106,3,42.852,-78.821,Theft
164223,167112,3,42.894,-78.826,Breaking & Entering
164233,167122,3,42.894,-78.82,Assault
164236,167125,3,42.841,-78.809,Theft
164239,167128,3,42.893,-78.823,Breaking & Entering
164242,167131,3,42.86,-78.813,Theft
164250,167139,3,42.888,-78.816,Breaking & Entering
164251,167140,3,42.849,-78.832,Theft
164260,167149,3,42.844,-78.811,Theft
164268,167157,3,42.839,-78.823,Theft
164271,167160,3,42.899,-78.823,Theft
164272,167161,3,42.889,-78.808,Assault
164294,167183,3,42.892,-78.802,Theft of Vehicle
164303,167192,3,42.891,-78.831,Assault
164305,167194,3,42.897,-78.814,Assault
164311,167200,3,42.863,-78.805,Theft
164319,167209,3,42.897,-78.838,Robbery
164323,167213,3,42.857,-78.808,Theft
164328,167218,3,42.883,-78.849,Assault
164331,167221,3,42.899,-78.817,Assault
164335,167225,3,42.893,-78.841,Assault
164341,167231,3,42.893,-78.821,Assault
164347,167237,3,42.884,-78.835,Theft of Vehicle
164348,167238,3,42.845,-78.824,Robbery
164356,167246,3,42.851,-78.802,Theft
164359,167249,3,42.893,-78.83,Theft of Vehicle
164362,167252,3,42.884,-78.832,Breaking & Entering
164367,167257,3,42.898,-78.832,Breaking & Entering
164388,167278,3,42.852,-78.814,Theft
164409,167299,3,42.855,-78.829,Assault
164423,167313,3,42.88,-78.835,Breaking & Entering
164424,167314,3,42.876,-78.827,Theft
164425,167315,3,42.899,-78.815,Theft
164428,167318,3,42.885,-78.814,Robbery
164431,167321,3,42.867,-78.806,Assault
164435,167325,3,42.85,-78.805,Theft of Vehicle
164437,167327,3,42.85,-78.816,Theft
164441,167331,3,42.887,-78.816,Sexual Assault
164450,167340,3,42.89,-78.842,Assault
164452,167342,3,42.87,-78.809,Theft of Vehicle
164460,167350,3,42.886,-78.805,Other Sexual Offense
164467,167357,3,42.897,-78.831,Assault
164472,167362,3,42.833,-78.819,Assault
164473,167363,3,42.896,-78.821,Assault
164482,167372,3,42.882,-78.829,Theft
164489,167379,3,42.896,-78.802,Breaking & Entering
164499,167389,3,42.868,-78.804,Theft
164506,167396,3,42.871,-78.815,Breaking & Entering
164507,167397,3,42.872,-78.805,Breaking & Entering
164511,167401,3,42.838,-78.808,Theft
164512,167402,3,42.894,-78.819,Breaking & Entering
164525,167415,3,42.847,-78.832,Theft
164527,167417,3,42.862,-78.818,Breaking & Entering
164549,167440,3,42.894,-78.835,Theft
164550,167441,3,42.895,-78.83,Theft of Vehicle
164554,167445,3,42.856,-78.809,Assault
164557,167448,3,42.854,-78.827,Assault
164565,167456,3,42.895,-78.802,Theft
164572,167463,3,42.893,-78.839,Theft
164592,167483,3,42.888,-78.805,Theft of Vehicle
164603,167494,3,42.877,-78.841,Assault
164614,167505,3,42.852,-78.815,Breaking & Entering
164615,167506,3,42.899,-78.816,Assault
164623,167514,3,42.885,-78.808,Theft
164635,167526,3,42.857,-78.812,Theft
164636,167527,3,42.854,-78.825,Theft
164642,167533,3,42.851,-78.806,Theft
164648,167539,3,42.833,-78.824,Assault
164650,167541,3,42.89,-78.802,Theft
164652,167543,3,42.844,-78.824,Assault
164657,167548,3,42.861,-78.804,Assault
164680,167571,3,42.894,-78.835,Assault
164685,167577,3,42.889,-78.808,Theft
164700,167592,3,42.874,-78.827,Theft
164703,167595,3,42.89,-78.813,Breaking & Entering
164713,167605,3,42.858,-78.815,Assault
164714,167606,3,42.854,-78.821,Theft
164718,167610,3,42.897,-78.838,Other Sexual Offense
164721,167613,3,42.877,-78.841,Theft
164723,167615,3,42.89,-78.836,Breaking & Entering
164724,167616,3,42.892,-78.84,Theft
164725,167617,3,42.888,-78.84,Theft
164732,167624,3,42.893,-78.821,Theft
164743,167635,3,42.896,-78.818,Assault
164744,167636,3,42.844,-78.813,Breaking & Entering
164747,167639,3,42.867,-78.847,Assault
164748,167640,3,42.892,-78.83,Sexual Assault
164766,167658,3,42.878,-78.836,Theft
164769,167661,3,42.85,-78.815,Theft
164770,167662,3,42.861,-78.81,Theft
164772,167664,3,42.895,-78.832,Theft
164783,167676,3,42.897,-78.838,Theft
164784,167677,3,42.855,-78.82,Breaking & Entering
164786,167679,3,42.836,-78.824,Assault
164787,167680,3,42.852,-78.805,Theft
164812,167706,3,42.897,-78.819,Robbery
164823,167717,3,42.839,-78.815,Theft
164825,167719,3,42.843,-78.822,Breaking & Entering
164828,167722,3,42.857,-78.824,Robbery
164831,167725,3,42.899,-78.836,Breaking & Entering
164832,167726,3,42.89,-78.804,Theft
164834,167728,3,42.893,-78.826,Assault
164838,167732,3,42.894,-78.833,Theft
164848,167742,3,42.891,-78.814,Breaking & Entering
164849,167743,3,42.856,-78.805,Theft of Vehicle
164857,167751,3,42.891,-78.844,Assault
164860,167754,3,42.885,-78.81,Theft
164865,167759,3,42.884,-78.839,Robbery
164871,167765,3,42.834,-78.816,Assault
164874,167768,3,42.869,-78.829,Robbery
164876,167770,3,42.895,-78.823,Breaking & Entering
164877,167771,3,42.894,-78.834,Breaking & Entering
164881,167775,3,42.893,-78.827,Breaking & Entering
164884,167778,3,42.857,-78.825,Assault
164891,167785,3,42.86,-78.806,Theft
164897,167791,3,42.844,-78.831,Assault
164906,167800,3,42.893,-78.839,Assault
164910,167804,3,42.896,-78.823,Breaking & Entering
164918,167812,3,42.844,-78.819,Breaking & Entering
164926,167820,3,42.855,-78.807,Theft
164929,167823,3,42.881,-78.848,Theft
164931,167825,3,42.895,-78.836,Robbery
164936,167830,3,42.845,-78.825,Assault
164940,167834,3,42.871,-78.851,Breaking & Entering
164943,167837,3,42.871,-78.852,Breaking & Entering
164946,167840,3,42.895,-78.827,Robbery
164950,167844,3,42.866,-78.823,Theft
164952,167846,3,42.858,-78.813,Assault
164963,167857,3,42.892,-78.824,Breaking & Entering
164964,167858,3,42.844,-78.824,Theft
164965,167859,3,42.86,-78.814,Theft
164968,167862,3,42.866,-78.821,Theft
164988,167883,3,42.848,-78.827,Assault
164992,167887,3,42.856,-78.828,Theft
164999,167894,3,42.884,-78.833,Theft
165007,167902,3,42.869,-78.848,Theft
165013,167909,3,42.892,-78.84,Theft
165020,167916,3,42.895,-78.817,Theft
165026,167922,3,42.899,-78.815,Theft
165033,167929,3,42.87,-78.834,Theft
165035,167931,3,42.888,-78.816,Theft
165038,167934,3,42.858,-78.823,Breaking & Entering
165040,167936,3,42.868,-78.809,Theft
165051,167947,3,42.895,-78.827,Theft
165053,167949,3,42.898,-78.819,Assault
165061,167957,3,42.857,-78.808,Breaking & Entering
165063,167959,3,42.841,-78.81,Sexual Assault
165068,167964,3,42.876,-78.826,Theft
165076,167973,3,42.879,-78.84,Theft
165078,167975,3,42.893,-78.805,Breaking & Entering
165084,167981,3,42.894,-78.82,Theft
165094,167991,3,42.898,-78.801,Theft of Vehicle
165095,167992,3,42.852,-78.805,Theft
165100,167997,3,42.864,-78.825,Assault
165113,168011,3,42.878,-78.849,Theft
165114,168012,3,42.888,-78.816,Assault
165123,168021,3,42.873,-78.803,Theft
165125,168023,3,42.897,-78.838,Breaking & Entering
165126,168024,3,42.85,-78.803,Theft
165133,168031,3,42.898,-78.839,Robbery
165138,168036,3,42.88,-78.843,Theft
165143,168041,3,42.833,-78.806,Theft of Vehicle
165145,168043,3,42.846,-78.832,Theft
165148,168046,3,42.847,-78.827,Assault
165152,168050,3,42.896,-78.838,Theft
165155,168053,3,42.835,-78.811,Theft
165165,168063,3,42.853,-78.83,Assault
165168,168066,3,42.896,-78.8,Assault
165183,168081,3,42.89,-78.802,Theft
165185,168083,3,42.897,-78.835,Theft of Vehicle
165189,168087,3,42.896,-78.841,Assault
165194,168092,3,42.855,-78.864,Theft
165200,168098,3,42.885,-78.846,Breaking & Entering
165201,168099,3,42.899,-78.81,Theft
165204,168102,3,42.848,-78.812,Assault
165208,168106,3,42.897,-78.838,Assault
165217,168115,3,42.891,-78.833,Breaking & Entering
165218,168116,3,42.834,-78.816,Assault
165219,168117,3,42.874,-78.826,Assault
165220,168118,3,42.855,-78.81,Theft
165229,168127,3,42.89,-78.811,Assault
165232,168130,3,42.895,-78.838,Theft
165233,168131,3,42.892,-78.835,Breaking & Entering
165234,168132,3,42.858,-78.831,Theft
165237,168135,3,42.889,-78.813,Breaking & Entering
165239,168137,3,42.886,-78.807,Breaking & Entering
165240,168138,3,42.858,-78.831,Theft
165241,168139,3,42.866,-78.821,Breaking & Entering
165244,168142,3,42.878,-78.836,Assault
165260,168158,3,42.873,-78.801,Theft
165264,168162,3,42.892,-78.834,Theft
165266,168164,3,42.889,-78.808,Theft
165280,168178,3,42.889,-78.838,Assault
165281,168179,3,42.87,-78.835,Assault
165282,168180,3,42.894,-78.822,Breaking & Entering
165283,168181,3,42.867,-78.805,Theft
165285,168183,3,42.854,-78.808,Theft
165297,168195,3,42.837,-78.812,Breaking & Entering
165298,168196,3,42.873,-78.841,Theft
165308,168206,3,42.852,-78.813,Theft
165311,168209,3,42.888,-78.814,Theft
165314,168212,3,42.857,-78.815,Theft
165322,168220,3,42.872,-78.813,Theft
165323,168221,3,42.889,-78.814,Theft
165324,168222,3,42.846,-78.824,Assault
165328,168226,3,42.899,-78.818,Sexual Assault
165331,168229,3,42.853,-78.82,Theft
165335,168233,3,42.853,-78.823,Theft
165337,168235,3,42.899,-78.835,Theft of Vehicle
165338,168236,3,42.836,-78.824,Theft
165356,168254,3,42.868,-78.81,Assault
165367,168265,3,42.853,-78.82,Theft
165368,168266,3,42.895,-78.832,Robbery
165369,168267,3,42.89,-78.803,Theft
165374,168272,3,42.858,-78.823,Theft
165382,168280,3,42.851,-78.825,Theft
165390,168288,3,42.884,-78.824,Robbery
165396,168294,3,42.887,-78.841,Assault
165400,168298,3,42.891,-78.834,Theft of Vehicle
165402,168300,3,42.853,-78.803,Theft
165403,168301,3,42.866,-78.85,Theft
165409,168307,3,42.871,-78.834,Assault
165410,168308,3,42.851,-78.831,Breaking & Entering
165413,168311,3,42.857,-78.833,Assault
165416,168314,3,42.849,-78.803,Theft
165419,168317,3,42.895,-78.803,Assault
165421,168319,3,42.898,-78.807,Theft
165425,168323,3,42.898,-78.84,Theft
165440,168339,3,42.886,-78.807,Assault
165441,168340,3,42.873,-78.801,Breaking & Entering
165442,168341,3,42.855,-78.827,Breaking & Entering
165450,168349,3,42.888,-78.801,Breaking & Entering
165462,168361,3,42.895,-78.809,Assault
165470,168369,3,42.892,-78.83,Theft of Vehicle
165472,168371,3,42.852,-78.803,Assault
165476,168376,3,42.894,-78.838,Breaking & Entering
165478,168378,3,42.889,-78.806,Assault
165486,168386,3,42.853,-78.807,Robbery
165487,168387,3,42.84,-78.821,Theft
165499,168400,3,42.89,-78.802,Theft
165505,168406,3,42.887,-78.803,Theft
165507,168408,3,42.837,-78.806,Theft
165508,168409,3,42.855,-78.809,Breaking & Entering
165509,168410,3,42.892,-78.826,Assault
165510,168411,3,42.857,-78.812,Theft
165515,168416,3,42.89,-78.8,Breaking & Entering
165520,168421,3,42.897,-78.819,Assault
165521,168422,3,42.872,-78.818,Theft
165523,168424,3,42.879,-78.842,Homicide
165530,168431,3,42.832,-78.811,Theft
165534,168435,3,42.858,-78.825,Theft
165538,168439,3,42.837,-78.804,Theft
165542,168443,3,42.872,-78.812,Theft
165544,168445,3,42.897,-78.836,Sexual Assault
165546,168447,3,42.849,-78.863,Theft
165547,168448,3,42.872,-78.81,Theft
165555,168456,3,42.894,-78.805,Assault
165557,168459,3,42.858,-78.831,Theft
165562,168465,3,42.867,-78.847,Theft
165571,168474,3,42.888,-78.809,Theft
165578,168481,3,42.847,-78.827,Theft
165579,168482,3,42.887,-78.806,Breaking & Entering
165585,168488,3,42.856,-78.826,Breaking & Entering
165586,168489,3,42.844,-78.826,Breaking & Entering
165588,168491,3,42.89,-78.8,Assault
165597,168500,3,42.896,-78.816,Theft
165601,168504,3,42.893,-78.839,Theft
165619,168522,3,42.856,-78.836,Breaking & Entering
165629,168532,3,42.839,-78.857,Theft
165631,168534,3,42.89,-78.84,Breaking & Entering
165635,168538,3,42.88,-78.84,Theft of Vehicle
165640,168543,3,42.898,-78.803,Robbery
165645,168548,3,42.896,-78.817,Robbery
165647,168550,3,42.867,-78.824,Assault
165657,168561,3,42.841,-78.824,Robbery
165668,168572,3,42.845,-78.824,Theft
165672,168576,3,42.892,-78.84,Theft
165675,168579,3,42.86,-78.815,Assault
165689,168593,3,42.897,-78.832,Breaking & Entering
165690,168594,3,42.834,-78.818,Theft
165697,168601,3,42.838,-78.808,Theft
165698,168602,3,42.842,-78.807,Theft
165699,168603,3,42.896,-78.82,Theft
165701,168605,3,42.897,-78.838,Theft
165704,168608,3,42.88,-78.834,Theft
165708,168612,3,42.87,-78.836,Breaking & Entering
165713,168617,3,42.895,-78.83,Assault
165717,168621,3,42.856,-78.824,Assault
165730,168634,3,42.869,-78.808,Assault
165731,168635,3,42.896,-78.8,Breaking & Entering
165732,168636,3,42.856,-78.811,Breaking & Entering
165734,168638,3,42.852,-78.823,Assault
165737,168641,3,42.885,-78.839,Theft
165758,168662,3,42.878,-78.814,Assault
165766,168670,3,42.854,-78.826,Breaking & Entering
165768,168672,3,42.845,-78.824,Theft
165771,168675,3,42.841,-78.824,Theft
165775,168679,3,42.869,-78.849,Assault
165778,168682,3,42.894,-78.836,Theft of Vehicle
165779,168683,3,42.849,-78.827,Theft
165785,168689,3,42.878,-78.801,Theft
165787,168691,3,42.886,-78.839,Breaking & Entering
165799,168703,3,42.892,-78.842,Breaking & Entering
165800,168704,3,42.836,-78.823,Theft
165806,168710,3,42.895,-78.808,Assault
165810,168714,3,42.89,-78.842,Robbery
165813,168717,3,42.844,-78.822,Assault
165815,168719,3,42.836,-78.824,Theft
165818,168722,3,42.897,-78.841,Robbery
165824,168728,3,42.85,-78.804,Assault
165832,168736,3,42.889,-78.808,Theft
165835,168739,3,42.852,-78.805,Theft
165838,168742,3,42.895,-78.83,Assault
165841,168745,3,42.869,-78.85,Assault
165845,168749,3,42.895,-78.83,Theft
165847,168751,3,42.869,-78.802,Robbery
165849,168753,3,42.845,-78.861,Theft
165854,168758,3,42.858,-78.831,Theft
165856,168760,3,42.896,-78.816,Theft
165863,168767,3,42.86,-78.815,Theft
165864,168768,3,42.858,-78.833,Theft
165877,168781,3,42.858,-78.809,Theft
165881,168785,3,42.857,-78.808,Assault
165903,168807,3,42.894,-78.821,Robbery
165908,168812,3,42.894,-78.823,Robbery
165916,168820,3,42.895,-78.824,Assault
165924,168828,3,42.895,-78.804,Theft
165933,168837,3,42.867,-78.849,Assault
165940,168844,3,42.889,-78.808,Theft of Vehicle
165946,168850,3,42.897,-78.819,Breaking & Entering
165949,168853,3,42.863,-78.814,Theft
165951,168855,3,42.895,-78.806,Theft
165954,168858,3,42.857,-78.824,Theft
165955,168859,3,42.848,-78.824,Assault
165956,168860,3,42.873,-78.82,Theft
165959,168863,3,42.854,-78.824,Breaking & Entering
165970,168875,3,42.858,-78.813,Theft
165975,168880,3,42.894,-78.836,Theft
165991,168896,3,42.886,-78.841,Breaking & Entering
166000,168905,3,42.886,-78.805,Breaking & Entering
166003,168908,3,42.867,-78.803,Breaking & Entering
166037,168943,3,42.888,-78.804,Assault
166039,168945,3,42.863,-78.819,Breaking & Entering
166045,168951,3,42.878,-78.801,Theft
166063,168969,3,42.856,-78.812,Theft
166064,168971,3,42.874,-78.817,Theft
166077,168984,3,42.896,-78.821,Breaking & Entering
166090,168997,3,42.842,-78.821,Assault
166094,169001,3,42.882,-78.849,Breaking & Entering
166096,169003,3,42.854,-78.829,Robbery
166097,169004,3,42.89,-78.811,Theft
166101,169008,3,42.847,-78.832,Theft
166105,169012,3,42.855,-78.808,Theft
166108,169015,3,42.871,-78.834,Assault
166114,169022,3,42.878,-78.83,Theft
166131,169039,3,42.828,-78.83,Other Sexual Offense
166142,169050,3,42.882,-78.826,Robbery
166143,169051,3,42.846,-78.826,Assault
166146,169054,3,42.852,-78.821,Theft
166147,169055,3,42.896,-78.822,Assault
166158,169066,3,42.855,-78.81,Theft of Vehicle
166159,169067,3,42.843,-78.824,Theft of Vehicle
166167,169075,3,42.899,-78.831,Theft of Vehicle
166173,169081,3,42.885,-78.839,Assault
166178,169086,3,42.899,-78.818,Breaking & Entering
166183,169091,3,42.835,-78.824,Sexual Assault
166185,169093,3,42.885,-78.84,Breaking & Entering
166193,169101,3,42.888,-78.819,Breaking & Entering
166211,169119,3,42.847,-78.831,Assault
166230,169138,3,42.891,-78.83,Theft of Vehicle
166232,169140,3,42.897,-78.82,Breaking & Entering
166234,169142,3,42.857,-78.812,Theft
166237,169145,3,42.889,-78.805,Theft
166239,169147,3,42.893,-78.837,Theft
166251,169159,3,42.849,-78.811,Theft
166262,169170,3,42.89,-78.806,Assault
166264,169172,3,42.853,-78.828,Assault
166267,169175,3,42.875,-78.807,Theft
166279,169187,3,42.851,-78.821,Assault
166288,169196,3,42.892,-78.802,Theft of Vehicle
166289,169197,3,42.899,-78.83,Robbery
166294,169202,3,42.898,-78.831,Theft of Vehicle
166295,169203,3,42.893,-78.833,Theft of Vehicle
166299,169207,3,42.898,-78.84,Theft of Vehicle
166301,169209,3,42.896,-78.819,Robbery
166310,169218,3,42.872,-78.813,Assault
166314,169222,3,42.848,-78.824,Breaking & Entering
166320,169228,3,42.888,-78.819,Theft
166327,169235,3,42.847,-78.838,Theft of Vehicle
166328,169236,3,42.898,-78.82,Theft
166329,169237,3,42.894,-78.804,Breaking & Entering
166330,169238,3,42.89,-78.842,Theft
166355,169263,3,42.857,-78.829,Robbery
166357,169265,3,42.885,-78.804,Breaking & Entering
166384,169293,3,42.89,-78.832,Assault
166390,169299,3,42.85,-78.824,Theft
166398,169307,3,42.894,-78.808,Theft
166402,169311,3,42.898,-78.807,Theft
166412,169321,3,42.854,-78.808,Theft
166414,169323,3,42.865,-78.837,Theft
166415,169324,3,42.898,-78.807,Theft
166419,169328,3,42.896,-78.82,Theft
166423,169332,3,42.858,-78.826,Assault
166439,169348,3,42.898,-78.841,Theft
166461,169372,3,42.896,-78.823,Robbery
166462,169373,3,42.872,-78.843,Theft
166475,169387,3,42.897,-78.822,Theft
166478,169390,3,42.868,-78.848,Theft
166486,169398,3,42.873,-78.813,Theft
166487,169399,3,42.894,-78.817,Breaking & Entering
166489,169401,3,42.85,-78.828,Theft
166493,169405,3,42.899,-78.82,Assault
166510,169422,3,42.89,-78.84,Theft of Vehicle
166521,169433,3,42.892,-78.838,Assault
166523,169435,3,42.847,-78.811,Theft
166528,169440,3,42.892,-78.833,Assault
166534,169446,3,42.887,-78.836,Breaking & Entering
166535,169447,3,42.898,-78.818,Assault
166547,169459,3,42.892,-78.815,Theft of Vehicle
166549,169461,3,42.888,-78.807,Assault
166552,169464,3,42.888,-78.836,Breaking & Entering
166554,169466,3,42.894,-78.821,Theft
166567,169481,3,42.891,-78.809,Breaking & Entering
166570,169484,3,42.848,-78.812,Theft of Vehicle
166574,169488,3,42.873,-78.807,Breaking & Entering
166577,169491,3,42.843,-78.826,Assault
166579,169493,3,42.855,-78.8,Theft
166584,169498,3,42.884,-78.826,Breaking & Entering
166588,169502,3,42.873,-78.824,Breaking & Entering
166595,169509,3,42.89,-78.8,Breaking & Entering
166596,169510,3,42.833,-78.824,Theft
166610,169524,3,42.895,-78.804,Breaking & Entering
166616,169530,3,42.888,-78.838,Breaking & Entering
166620,169535,3,42.884,-78.841,Theft of Vehicle
166624,169540,3,42.86,-78.819,Theft
166634,169550,3,42.899,-78.819,Assault
166636,169552,3,42.857,-78.812,Robbery
166644,169560,3,42.89,-78.832,Breaking & Entering
166646,169562,3,42.894,-78.827,Robbery
166653,169569,3,42.893,-78.837,Theft
166654,169570,3,42.855,-78.805,Theft
166661,169577,3,42.885,-78.808,Theft
166663,169579,3,42.889,-78.834,Assault
166685,169602,3,42.885,-78.805,Theft
166689,169606,3,42.871,-78.831,Assault
166709,169627,3,42.891,-78.841,Breaking & Entering
166711,169629,3,42.885,-78.806,Breaking & Entering
166716,169634,3,42.898,-78.835,Breaking & Entering
166718,169636,3,42.858,-78.831,Theft
166720,169638,3,42.883,-78.832,Assault
166721,169639,3,42.894,-78.82,Breaking & Entering
166727,169645,3,42.848,-78.808,Theft
166736,169654,3,42.884,-78.839,Theft
166743,169661,3,42.855,-78.827,Theft
166744,169662,3,42.885,-78.804,Theft
166752,169670,3,42.844,-78.829,Assault
166758,169676,3,42.836,-78.825,Theft
166761,169679,3,42.842,-78.817,Theft
166763,169681,3,42.854,-78.827,Assault
166767,169685,3,42.886,-78.814,Theft of Vehicle
166770,169688,3,42.878,-78.801,Theft
166771,169689,3,42.843,-78.817,Theft
166776,169695,3,42.844,-78.828,Theft
166777,169697,3,42.89,-78.802,Theft
166778,169698,3,42.886,-78.81,Theft
166782,169702,3,42.876,-78.807,Theft of Vehicle
166798,169718,3,42.85,-78.804,Theft of Vehicle
166800,169720,3,42.897,-78.84,Robbery
166801,169721,3,42.89,-78.802,Assault
166803,169723,3,42.896,-78.804,Theft
166811,169731,3,42.867,-78.837,Sexual Assault
166816,169736,3,42.858,-78.825,Theft
166822,169742,3,42.857,-78.818,Theft
166824,169744,3,42.871,-78.834,Assault
166828,169748,3,42.851,-78.801,Theft
166830,169750,3,42.846,-78.823,Theft
166837,169757,3,42.891,-78.833,Assault
166839,169759,3,42.84,-78.828,Theft of Vehicle
166841,169761,3,42.896,-78.824,Theft
166847,169767,3,42.852,-78.826,Theft
166863,169783,3,42.891,-78.837,Theft
166903,169823,3,42.842,-78.82,Theft
166905,169825,3,42.889,-78.811,Assault
166908,169828,3,42.858,-78.831,Theft
166909,169829,3,42.886,-78.815,Breaking & Entering
166915,169835,3,42.886,-78.805,Assault
166944,169864,3,42.867,-78.857,Theft
166949,169869,3,42.89,-78.836,Theft
166952,169872,3,42.865,-78.823,Theft
166960,169880,3,42.848,-78.813,Theft
166968,169888,3,42.842,-78.829,Breaking & Entering
166971,169891,3,42.841,-78.832,Theft
166973,169893,3,42.833,-78.817,Theft
166975,169895,3,42.899,-78.818,Assault
166981,169901,3,42.898,-78.807,Robbery
166991,169911,3,42.872,-78.806,Theft
166995,169915,3,42.841,-78.804,Theft
167005,169925,3,42.855,-78.827,Assault
167015,169935,3,42.855,-78.809,Breaking & Entering
167016,169936,3,42.89,-78.806,Assault
167019,169939,3,42.848,-78.824,Theft
167030,169950,3,42.881,-78.801,Theft
167034,169954,3,42.872,-78.811,Robbery
167035,169955,3,42.888,-78.804,Theft
167039,169961,3,42.869,-78.822,Theft
167042,169964,3,42.889,-78.838,Theft
167056,169978,3,42.888,-78.816,Assault
167062,169984,3,42.873,-78.824,Assault
167064,169986,3,42.895,-78.829,Theft
167072,169994,3,42.851,-78.829,Theft
167078,170000,3,42.89,-78.8,Assault
167085,170007,3,42.895,-78.832,Theft
167090,170012,3,42.881,-78.836,Theft
167094,170016,3,42.847,-78.832,Theft of Vehicle
167097,170019,3,42.888,-78.814,Theft of Vehicle
167103,170025,3,42.862,-78.819,Assault
167114,170036,3,42.857,-78.814,Assault
167122,170044,3,42.893,-78.827,Theft
167124,170046,3,42.894,-78.836,Robbery
167127,170049,3,42.851,-78.864,Theft
167133,170055,3,42.848,-78.824,Assault
167137,170059,3,42.851,-78.802,Theft
167141,170063,3,42.863,-78.82,Theft
167144,170066,3,42.85,-78.83,Theft of Vehicle
167155,170078,3,42.889,-78.837,Breaking & Entering
167160,170083,3,42.851,-78.823,Theft
167162,170085,3,42.826,-78.834,Theft
167165,170088,3,42.856,-78.824,Theft
167170,170093,3,42.888,-78.838,Assault
167172,170095,3,42.855,-78.807,Breaking & Entering
167175,170098,3,42.852,-78.805,Assault
167189,170112,3,42.885,-78.839,Assault
167198,170121,3,42.869,-78.811,Assault
167200,170123,3,42.848,-78.829,Theft of Vehicle
167207,170130,3,42.888,-78.837,Breaking & Entering
167211,170134,3,42.857,-78.812,Theft
167212,170135,3,42.892,-78.83,Breaking & Entering
167215,170138,3,42.893,-78.827,Assault
167218,170141,3,42.896,-78.836,Assault
167227,170150,3,42.856,-78.807,Theft
167229,170152,3,42.884,-78.829,Assault
167237,170160,3,42.886,-78.805,Theft
167239,170162,3,42.876,-78.804,Assault
167240,170163,3,42.891,-78.831,Homicide
167243,170166,3,42.845,-78.824,Theft
167245,170168,3,42.847,-78.855,Theft
167250,170173,3,42.89,-78.815,Theft
167256,170179,3,42.848,-78.832,Breaking & Entering
167266,170189,3,42.849,-78.811,Assault
167267,170190,3,42.893,-78.827,Breaking & Entering
167273,170196,3,42.891,-78.814,Breaking & Entering
167274,170197,3,42.84,-78.827,Assault
167278,170201,3,42.885,-78.808,Assault
167279,170202,3,42.859,-78.81,Assault
167281,170204,3,42.887,-78.8,Theft
167288,170212,3,42.85,-78.801,Assault
167296,170220,3,42.89,-78.845,Breaking & Entering
167298,170222,3,42.868,-78.857,Breaking & Entering
167299,170223,3,42.857,-78.828,Theft
167308,170232,3,42.889,-78.843,Assault
167321,170245,3,42.858,-78.812,Breaking & Entering
167325,170249,3,42.895,-78.822,Assault
167335,170259,3,42.896,-78.822,Theft of Vehicle
167338,170262,3,42.87,-78.834,Assault
167341,170265,3,42.89,-78.81,Assault
167342,170266,3,42.899,-78.836,Breaking & Entering
167343,170267,3,42.885,-78.839,Assault
167349,170273,3,42.89,-78.807,Theft
167356,170280,3,42.855,-78.807,Breaking & Entering
167359,170283,3,42.893,-78.843,Breaking & Entering
167370,170294,3,42.893,-78.842,Theft
167372,170296,3,42.892,-78.83,Assault
167389,170313,3,42.885,-78.84,Theft
167390,170314,3,42.873,-78.814,Theft
167395,170319,3,42.84,-78.824,Robbery
167399,170323,3,42.897,-78.815,Assault
167403,170327,3,42.893,-78.829,Assault
167407,170331,3,42.875,-78.829,Theft
167413,170337,3,42.87,-78.807,Theft
167419,170343,3,42.846,-78.831,Theft
167427,170352,3,42.888,-78.816,Breaking & Entering
167431,170356,3,42.86,-78.822,Robbery
167436,170361,3,42.867,-78.807,Theft
167438,170363,3,42.879,-78.836,Breaking & Entering
167442,170367,3,42.854,-78.833,Breaking & Entering
167444,170369,3,42.896,-78.814,Theft
167445,170370,3,42.849,-78.812,Breaking & Entering
167446,170371,3,42.851,-78.821,Theft
167453,170378,3,42.899,-78.839,Breaking & Entering
167454,170379,3,42.851,-78.82,Theft
167461,170386,3,42.895,-78.828,Robbery
167462,170387,3,42.89,-78.845,Theft of Vehicle
167473,170398,3,42.892,-78.832,Assault
167489,170414,3,42.897,-78.82,Theft
167495,170421,3,42.896,-78.818,Theft
167496,170422,3,42.896,-78.819,Assault
167501,170427,3,42.855,-78.833,Theft of Vehicle
167506,170432,3,42.88,-78.839,Theft
167534,170461,3,42.895,-78.83,Theft
167537,170464,3,42.899,-78.814,Assault
167540,170467,3,42.895,-78.833,Sexual Assault
167552,170480,3,42.886,-78.841,Assault
167556,170484,3,42.888,-78.808,Assault
167562,170490,3,42.896,-78.817,Assault
167569,170497,3,42.841,-78.817,Theft of Vehicle
167573,170501,3,42.871,-78.834,Robbery
167574,170502,3,42.845,-78.813,Theft of Vehicle
167577,170505,3,42.894,-78.836,Theft
167591,170519,3,42.851,-78.813,Assault
167594,170522,3,42.857,-78.826,Breaking & Entering
167598,170526,3,42.837,-78.805,Theft
167609,170537,3,42.891,-78.804,Assault
167616,170544,3,42.854,-78.809,Theft
167633,170562,3,42.843,-78.825,Theft
167642,170571,3,42.894,-78.819,Assault
167653,170582,3,42.842,-78.831,Breaking & Entering
167663,170592,3,42.881,-78.843,Assault
167668,170597,3,42.852,-78.821,Theft
167672,170601,3,42.857,-78.812,Theft
167676,170605,3,42.853,-78.828,Theft
167677,170606,3,42.899,-78.818,Breaking & Entering
167683,170612,3,42.893,-78.828,Breaking & Entering
167684,170613,3,42.895,-78.809,Theft
167691,170620,3,42.843,-78.822,Theft
167694,170623,3,42.852,-78.825,Theft of Vehicle
167712,170641,3,42.877,-78.846,Breaking & Entering
167714,170643,3,42.859,-78.858,Breaking & Entering
167717,170646,3,42.844,-78.827,Theft
167719,170648,3,42.898,-78.84,Theft
167725,170655,3,42.856,-78.827,Theft
167733,170663,3,42.894,-78.837,Theft
167734,170664,3,42.896,-78.824,Theft
167736,170666,3,42.856,-78.808,Theft
167737,170667,3,42.864,-78.844,Theft
167746,170676,3,42.845,-78.826,Theft
167748,170678,3,42.898,-78.815,Breaking & Entering
167750,170680,3,42.871,-78.802,Theft
167751,170681,3,42.835,-78.809,Breaking & Entering
167755,170685,3,42.879,-78.832,Theft
167760,170690,3,42.895,-78.826,Assault
167767,170697,3,42.888,-78.813,Breaking & Entering
167768,170698,3,42.89,-78.806,Breaking & Entering
167773,170704,3,42.889,-78.836,Theft
167775,170706,3,42.839,-78.823,Robbery
167776,170707,3,42.835,-78.812,Theft
167785,170716,3,42.897,-78.831,Theft
167795,170726,3,42.852,-78.821,Theft of Vehicle
167817,170748,3,42.878,-78.84,Assault
167818,170749,3,42.857,-78.812,Theft
167821,170752,3,42.848,-78.812,Theft
167825,170756,3,42.89,-78.842,Theft
167833,170764,3,42.866,-78.848,Theft of Vehicle
167840,170771,3,42.858,-78.831,Theft
167848,170779,3,42.849,-78.832,Theft
167850,170781,3,42.85,-78.803,Breaking & Entering
167851,170783,3,42.833,-78.821,Theft
167852,170784,3,42.894,-78.834,Assault
167855,170787,3,42.856,-78.824,Robbery
167856,170788,3,42.847,-78.816,Theft
167857,170789,3,42.853,-78.82,Breaking & Entering
167859,170791,3,42.892,-78.844,Theft of Vehicle
167862,170794,3,42.884,-78.833,Robbery
167864,170796,3,42.879,-78.841,Theft
167865,170797,3,42.886,-78.819,Theft
167866,170798,3,42.896,-78.835,Breaking & Entering
167895,170827,3,42.834,-78.817,Theft of Vehicle
167900,170832,3,42.869,-78.832,Theft
167904,170836,3,42.886,-78.839,Assault
167908,170840,3,42.891,-78.839,Theft
167913,170845,3,42.872,-78.812,Theft
167923,170855,3,42.894,-78.821,Assault
167924,170856,3,42.871,-78.831,Assault
167928,170860,3,42.879,-78.846,Assault
167930,170862,3,42.857,-78.829,Assault
167933,170865,3,42.89,-78.805,Breaking & Entering
167940,170872,3,42.869,-78.837,Theft
167941,170873,3,42.893,-78.84,Theft
167956,170888,3,42.872,-78.808,Theft
167959,170891,3,42.835,-78.823,Assault
167966,170898,3,42.897,-78.804,Theft
167971,170903,3,42.862,-78.815,Assault
167985,170917,3,42.857,-78.812,Assault
167987,170919,3,42.86,-78.814,Theft of Vehicle
167989,170921,3,42.849,-78.824,Assault
167997,170929,3,42.857,-78.812,Theft
167998,170930,3,42.838,-78.812,Theft
167999,170931,3,42.841,-78.815,Assault
168004,170936,3,42.89,-78.809,Assault
168011,170944,3,42.899,-78.814,Theft
168020,170953,3,42.848,-78.824,Other Sexual Offense
168035,170968,3,42.857,-78.803,Theft
168038,170971,3,42.855,-78.809,Theft
168054,170988,3,42.896,-78.82,Theft
168059,170993,3,42.897,-78.817,Robbery
168068,171002,3,42.897,-78.819,Breaking & Entering
168077,171011,3,42.891,-78.8,Theft
168080,171014,3,42.875,-78.805,Theft
168082,171016,3,42.848,-78.824,Theft
168088,171022,3,42.854,-78.829,Assault
168092,171026,3,42.865,-78.825,Breaking & Entering
168094,171028,3,42.881,-78.807,Breaking & Entering
168102,171036,3,42.881,-78.836,Robbery
168114,171048,3,42.845,-78.811,Breaking & Entering
168117,171051,3,42.85,-78.801,Theft
168124,171058,3,42.879,-78.842,Theft
168125,171059,3,42.893,-78.837,Theft
168131,171065,3,42.855,-78.81,Robbery
168132,171066,3,42.866,-78.821,Assault
168136,171070,3,42.884,-78.839,Theft
168137,171071,3,42.833,-78.824,Assault
168138,171072,3,42.883,-78.835,Theft
168145,171079,3,42.896,-78.836,Breaking & Entering
168148,171082,3,42.885,-78.804,Theft
168180,171115,3,42.898,-78.817,Breaking & Entering
168186,171121,3,42.894,-78.819,Breaking & Entering
168203,171138,3,42.857,-78.83,Breaking & Entering
168204,171139,3,42.848,-78.824,Robbery
168206,171141,3,42.887,-78.803,Assault
168209,171144,3,42.847,-78.824,Theft
168210,171145,3,42.897,-78.805,Breaking & Entering
168211,171146,3,42.895,-78.834,Assault
168215,171150,3,42.859,-78.809,Assault
168221,171156,3,42.891,-78.831,Breaking & Entering
168222,171157,3,42.848,-78.824,Assault
168228,171163,3,42.86,-78.807,Theft
168233,171168,3,42.851,-78.803,Breaking & Entering
168248,171183,3,42.886,-78.843,Theft
168250,171185,3,42.897,-78.818,Assault
168256,171191,3,42.871,-78.835,Breaking & Entering
168260,171195,3,42.872,-78.8,Theft
168262,171197,3,42.853,-78.812,Theft
168277,171213,3,42.858,-78.831,Theft
168279,171215,3,42.846,-78.812,Theft
168281,171217,3,42.876,-78.83,Theft of Vehicle
168289,171225,3,42.881,-78.801,Theft
168303,171239,3,42.894,-78.836,Theft of Vehicle
168319,171255,3,42.898,-78.837,Theft
168322,171258,3,42.859,-78.825,Robbery
168325,171261,3,42.835,-78.823,Breaking & Entering
168329,171265,3,42.896,-78.82,Assault
168330,171266,3,42.851,-78.825,Theft
168334,171270,3,42.857,-78.812,Theft
168335,171271,3,42.898,-78.809,Theft
168353,171290,3,42.843,-78.816,Theft
168365,171302,3,42.896,-78.8,Breaking & Entering
168367,171304,3,42.847,-78.831,Breaking & Entering
168369,171306,3,42.859,-78.82,Theft
168371,171308,3,42.858,-78.831,Theft
168375,171312,3,42.892,-78.839,Theft
168376,171313,3,42.86,-78.815,Assault
168385,171323,3,42.852,-78.829,Assault
168403,171342,3,42.878,-78.834,Theft
168411,171351,3,42.862,-78.815,Sexual Assault
168432,171372,3,42.893,-78.82,Theft of Vehicle
168433,171373,3,42.859,-78.812,Theft
168443,171383,3,42.896,-78.82,Assault
168452,171392,3,42.898,-78.807,Breaking & Entering
168454,171394,3,42.855,-78.808,Theft
168462,171403,3,42.889,-78.815,Theft
168463,171404,3,42.887,-78.843,Breaking & Entering
168469,171410,3,42.841,-78.823,Theft
168472,171413,3,42.845,-78.822,Theft
168473,171414,3,42.869,-78.808,Theft of Vehicle
168481,171422,3,42.844,-78.825,Theft of Vehicle
168483,171424,3,42.891,-78.812,Breaking & Entering
168485,171426,3,42.89,-78.812,Breaking & Entering
168487,171428,3,42.877,-78.841,Theft
168490,171431,3,42.893,-78.836,Theft
168498,171439,3,42.897,-78.815,Assault
168504,171445,3,42.858,-78.831,Theft
168510,171451,3,42.855,-78.819,Theft
168519,171460,3,42.856,-78.807,Assault
168526,171469,3,42.847,-78.816,Breaking & Entering
168527,171470,3,42.854,-78.82,Theft
168532,171475,3,42.868,-78.848,Assault
168537,171480,3,42.856,-78.808,Theft
168542,171485,3,42.894,-78.83,Theft
168552,171495,3,42.848,-78.824,Breaking & Entering
168554,171497,3,42.898,-78.807,Theft
168558,171501,3,42.89,-78.808,Assault
168560,171503,3,42.858,-78.808,Theft
168569,171512,3,42.833,-78.824,Theft
168578,171521,3,42.895,-78.802,Theft
168584,171527,3,42.873,-78.852,Assault
168587,171531,3,42.857,-78.829,Breaking & Entering
168591,171535,3,42.869,-78.829,Theft
168593,171537,3,42.892,-78.834,Assault
168595,171539,3,42.895,-78.837,Robbery
168596,171540,3,42.881,-78.801,Theft
168614,171559,3,42.842,-78.827,Theft
168634,171580,3,42.889,-78.809,Theft
168636,171582,3,42.899,-78.81,Theft of Vehicle
168645,171591,3,42.871,-78.811,Theft
168652,171598,3,42.894,-78.837,Theft
168672,171618,3,42.853,-78.81,Theft
168674,171620,3,42.88,-78.834,Theft
168679,171625,3,42.855,-78.809,Assault
168696,171643,3,42.874,-78.807,Assault
168713,171660,3,42.893,-78.821,Theft
168727,171675,3,42.851,-78.821,Theft
168734,171682,3,42.847,-78.832,Breaking & Entering
168735,171683,3,42.86,-78.812,Theft of Vehicle
168736,171684,3,42.882,-78.836,Theft of Vehicle
168745,171693,3,42.881,-78.843,Theft
168757,171705,3,42.837,-78.825,Theft
168762,171710,3,42.867,-78.838,Breaking & Entering
168766,171714,3,42.866,-78.807,Theft
168771,171719,3,42.884,-78.834,Theft of Vehicle
168775,171723,3,42.897,-78.822,Robbery
168782,171730,3,42.85,-78.804,Theft
168783,171731,3,42.873,-78.812,Theft
168786,171734,3,42.893,-78.838,Theft
168788,171736,3,42.852,-78.825,Robbery
168796,171744,3,42.848,-78.832,Robbery
168798,171746,3,42.871,-78.809,Theft of Vehicle
168804,171752,3,42.855,-78.807,Theft
168807,171755,3,42.859,-78.81,Theft
168811,171759,3,42.857,-78.804,Assault
168818,171766,3,42.874,-78.827,Breaking & Entering
168826,171775,3,42.891,-78.832,Assault
168828,171777,3,42.868,-78.85,Theft
168832,171781,3,42.855,-78.827,Theft
168854,171803,3,42.854,-78.83,Breaking & Entering
168858,171807,3,42.896,-78.82,Theft
168864,171814,3,42.854,-78.802,Theft of Vehicle
168870,171820,3,42.881,-78.836,Assault
168873,171824,3,42.858,-78.81,Robbery
168879,171830,3,42.898,-78.835,Robbery
168886,171837,3,42.876,-78.826,Breaking & Entering
168887,171838,3,42.892,-78.838,Theft of Vehicle
168890,171841,3,42.886,-78.838,Theft
168891,171842,3,42.893,-78.802,Theft of Vehicle
168901,171853,3,42.889,-78.843,Breaking & Entering
168905,171857,3,42.884,-78.842,Theft
168909,171861,3,42.833,-78.824,Theft
168911,171863,3,42.857,-78.833,Theft
168912,171864,3,42.836,-78.831,Theft
168917,171869,3,42.894,-78.835,Assault
168921,171873,3,42.892,-78.826,Theft of Vehicle
168931,171883,3,42.887,-78.81,Assault
168937,171889,3,42.895,-78.82,Breaking & Entering
168941,171893,3,42.898,-78.831,Breaking & Entering
168942,171894,3,42.853,-78.803,Assault
168945,171897,3,42.86,-78.812,Theft
168953,171905,3,42.855,-78.809,Assault
168969,171921,3,42.89,-78.837,Assault
168971,171923,3,42.876,-78.805,Theft
168988,171940,3,42.847,-78.818,Assault
168990,171942,3,42.88,-78.845,Theft
168992,171944,3,42.885,-78.844,Theft
168994,171946,3,42.85,-78.815,Theft
169000,171952,3,42.859,-78.829,Theft
169010,171963,3,42.893,-78.832,Theft
169015,171968,3,42.858,-78.831,Theft
169017,171970,3,42.884,-78.843,Theft of Vehicle
169023,171977,3,42.898,-78.807,Theft
169026,171980,3,42.89,-78.804,Breaking & Entering
169028,171982,3,42.886,-78.805,Theft
169031,171985,3,42.855,-78.81,Robbery
169034,171988,3,42.883,-78.83,Theft
169041,171996,3,42.872,-78.82,Assault
169045,172000,3,42.872,-78.843,Breaking & Entering
169047,172002,3,42.835,-78.808,Theft
169049,172004,3,42.871,-78.834,Theft
169054,172009,3,42.848,-78.824,Assault
169055,172010,3,42.892,-78.83,Theft
169058,172013,3,42.878,-78.801,Robbery
169059,172014,3,42.852,-78.825,Breaking & Entering
169060,172015,3,42.881,-78.836,Breaking & Entering
169062,172017,3,42.859,-78.826,Robbery
169068,172023,3,42.897,-78.809,Breaking & Entering
169070,172025,3,42.882,-78.829,Theft
169078,172033,3,42.851,-78.804,Assault
169084,172039,3,42.867,-78.824,Theft
169090,172045,3,42.826,-78.834,Theft
169093,172048,3,42.848,-78.831,Theft
169108,172063,3,42.89,-78.838,Theft
169138,172093,3,42.834,-78.807,Assault
169140,172095,3,42.896,-78.818,Theft of Vehicle
169143,172098,3,42.841,-78.824,Theft
169149,172104,3,42.848,-78.824,Theft
169155,172110,3,42.877,-78.828,Breaking & Entering
169160,172115,3,42.896,-78.816,Theft
169167,172122,3,42.894,-78.821,Sexual Assault
169168,172123,3,42.876,-78.816,Theft of Vehicle
169172,172129,3,42.887,-78.812,Assault
169173,172130,3,42.893,-78.839,Theft
169179,172136,3,42.867,-78.823,Assault
169181,172138,3,42.856,-78.802,Theft
169186,172143,3,42.893,-78.838,Theft
169203,172161,3,42.894,-78.836,Theft of Vehicle
169204,172162,3,42.89,-78.833,Assault
169209,172167,3,42.896,-78.836,Breaking & Entering
169214,172173,3,42.886,-78.808,Theft
169217,172176,3,42.878,-78.83,Theft
169226,172185,3,42.871,-78.805,Breaking & Entering
169227,172187,3,42.881,-78.836,Theft
169228,172188,3,42.855,-78.808,Theft
169238,172198,3,42.854,-78.809,Theft
169246,172207,3,42.856,-78.834,Breaking & Entering
169253,172214,3,42.86,-78.814,Breaking & Entering
169254,172215,3,42.856,-78.836,Assault
169257,172218,3,42.873,-78.812,Assault
169263,172224,3,42.867,-78.809,Breaking & Entering
169264,172225,3,42.896,-78.817,Theft
169265,172226,3,42.876,-78.843,Assault
169266,172227,3,42.853,-78.818,Theft of Vehicle
169272,172233,3,42.884,-78.839,Theft
169287,172248,3,42.857,-78.829,Assault
169288,172249,3,42.859,-78.858,Breaking & Entering
169290,172251,3,42.892,-78.811,Assault
169295,172256,3,42.894,-78.819,Assault
169297,172258,3,42.893,-78.821,Assault
169301,172262,3,42.894,-78.819,Breaking & Entering
169314,172276,3,42.85,-78.816,Theft
169316,172278,3,42.895,-78.822,Assault
169329,172291,3,42.891,-78.804,Breaking & Entering
169330,172292,3,42.841,-78.809,Theft
169336,172298,3,42.893,-78.834,Assault
169338,172300,3,42.858,-78.831,Theft
169350,172313,3,42.862,-78.82,Assault
169353,172316,3,42.899,-78.81,Theft
169367,172330,3,42.854,-78.817,Assault
169379,172342,3,42.861,-78.812,Theft of Vehicle
169391,172355,3,42.851,-78.81,Theft
169396,172360,3,42.893,-78.831,Breaking & Entering
169398,172362,3,42.885,-78.807,Theft
169405,172370,3,42.857,-78.829,Theft
169406,172371,3,42.873,-78.808,Assault
169407,172372,3,42.836,-78.82,Breaking & Entering
169411,172376,3,42.837,-78.827,Assault
169418,172383,3,42.858,-78.831,Theft
169422,172387,3,42.837,-78.827,Theft
169427,172392,3,42.855,-78.81,Breaking & Entering
169428,172393,3,42.854,-78.834,Breaking & Entering
169430,172395,3,42.857,-78.812,Theft
169434,172399,3,42.88,-78.841,Theft
169438,172403,3,42.847,-78.815,Theft of Vehicle
169462,172427,3,42.87,-78.803,Breaking & Entering
169471,172436,3,42.89,-78.805,Breaking & Entering
169472,172437,3,42.895,-78.826,Theft
169490,172455,3,42.848,-78.812,Theft
169492,172457,3,42.852,-78.811,Theft
169497,172462,3,42.894,-78.831,Breaking & Entering
169510,172475,3,42.873,-78.823,Breaking & Entering
169511,172476,3,42.889,-78.809,Theft of Vehicle
169515,172480,3,42.879,-78.801,Breaking & Entering
169521,172486,3,42.839,-78.858,Theft
169524,172489,3,42.848,-78.824,Theft
169527,172492,3,42.858,-78.831,Theft
169531,172496,3,42.854,-78.809,Theft
169536,172501,3,42.897,-78.818,Theft
169543,172509,3,42.898,-78.841,Theft
169544,172510,3,42.871,-78.834,Breaking & Entering
169569,172535,3,42.895,-78.822,Breaking & Entering
169571,172537,3,42.848,-78.812,Theft
169572,172538,3,42.858,-78.813,Breaking & Entering
169573,172539,3,42.857,-78.811,Robbery
169576,172542,3,42.885,-78.84,Breaking & Entering
169587,172553,3,42.896,-78.82,Assault
169588,172554,3,42.892,-78.806,Theft
169590,172556,3,42.89,-78.816,Breaking & Entering
169592,172558,3,42.886,-78.839,Breaking & Entering
169607,172573,3,42.856,-78.813,Assault
169615,172581,3,42.85,-78.803,Assault
169622,172588,3,42.849,-78.863,Assault
169631,172597,3,42.892,-78.804,Assault
169634,172600,3,42.839,-78.811,Assault
169643,172609,3,42.857,-78.815,Assault
169645,172611,3,42.846,-78.81,Breaking & Entering
169654,172620,3,42.836,-78.825,Theft
169665,172632,3,42.872,-78.851,Theft
169666,172633,3,42.888,-78.838,Theft
169667,172634,3,42.897,-78.815,Assault
169669,172636,3,42.881,-78.84,Breaking & Entering
169675,172642,3,42.894,-78.826,Theft
169683,172650,3,42.89,-78.832,Theft
169686,172653,3,42.848,-78.831,Theft
169689,172656,3,42.887,-78.815,Assault
169698,172665,3,42.893,-78.819,Assault
169713,172680,3,42.899,-78.819,Robbery
169714,172682,3,42.872,-78.82,Theft
169715,172683,3,42.861,-78.817,Theft
169726,172695,3,42.88,-78.842,Theft
169732,172702,3,42.856,-78.817,Breaking & Entering
169736,172706,3,42.85,-78.816,Assault
169743,172713,3,42.862,-78.819,Theft
169746,172716,3,42.866,-78.847,Theft
169752,172723,3,42.894,-78.837,Theft
169763,172734,3,42.889,-78.844,Assault
169767,172738,3,42.888,-78.807,Breaking & Entering
169769,172740,3,42.89,-78.815,Breaking & Entering
169773,172744,3,42.856,-78.824,Breaking & Entering
169774,172745,3,42.848,-78.823,Theft of Vehicle
169775,172746,3,42.857,-78.827,Breaking & Entering
169787,172758,3,42.854,-78.808,Theft
169796,172767,3,42.898,-78.817,Breaking & Entering
169800,172771,3,42.897,-78.803,Theft
169809,172780,3,42.885,-78.814,Theft
169817,172789,3,42.873,-78.808,Assault
169819,172791,3,42.885,-78.844,Assault
169828,172800,3,42.884,-78.839,Theft
169830,172802,3,42.879,-78.807,Theft
169851,172823,3,42.895,-78.828,Breaking & Entering
169853,172825,3,42.886,-78.828,Theft
169857,172829,3,42.897,-78.838,Assault
169868,172841,3,42.884,-78.833,Theft
169870,172843,3,42.85,-78.803,Theft
169873,172846,3,42.885,-78.81,Theft
169875,172848,3,42.851,-78.805,Theft
169877,172850,3,42.893,-78.833,Assault
169888,172861,3,42.872,-78.812,Theft
169889,172862,3,42.842,-78.829,Theft
169898,172871,3,42.844,-78.824,Assault
169901,172874,3,42.894,-78.826,Assault
169909,172882,3,42.88,-78.844,Theft
169916,172889,3,42.856,-78.832,Theft of Vehicle
169917,172890,3,42.886,-78.837,Theft of Vehicle
169928,172901,3,42.889,-78.846,Assault
169934,172907,3,42.848,-78.824,Theft
169935,172908,3,42.85,-78.815,Theft
169936,172909,3,42.893,-78.837,Assault
169937,172910,3,42.892,-78.827,Breaking & Entering
169940,172913,3,42.855,-78.827,Assault
169941,172914,3,42.858,-78.831,Theft
169942,172915,3,42.895,-78.823,Theft
169952,172925,3,42.874,-78.805,Assault
169955,172928,3,42.896,-78.833,Breaking & Entering
169960,172933,3,42.87,-78.846,Theft
169963,172936,3,42.877,-78.805,Theft
169965,172938,3,42.843,-78.824,Assault
169967,172940,3,42.852,-78.828,Breaking & Entering
169984,172958,3,42.898,-78.807,Theft
169994,172968,3,42.893,-78.812,Breaking & Entering
169997,172971,3,42.851,-78.821,Assault
170000,172974,3,42.856,-78.834,Breaking & Entering
170006,172982,3,42.881,-78.84,Breaking & Entering
170010,172986,3,42.855,-78.831,Breaking & Entering
170011,172987,3,42.88,-78.839,Theft
170015,172991,3,42.896,-78.824,Theft
170020,172996,3,42.898,-78.834,Assault
170023,172999,3,42.847,-78.812,Theft
170026,173002,3,42.891,-78.826,Theft
170028,173004,3,42.855,-78.825,Theft
170031,173007,3,42.869,-78.8,Theft
170033,173009,3,42.894,-78.834,Theft of Vehicle
170039,173015,3,42.86,-78.825,Theft
170053,173029,3,42.851,-78.802,Assault
170055,173031,3,42.897,-78.816,Theft of Vehicle
170056,173032,3,42.836,-78.824,Theft
170063,173039,3,42.899,-78.817,Theft
170064,173040,3,42.881,-78.836,Breaking & Entering
170067,173043,3,42.879,-78.835,Theft
170068,173044,3,42.896,-78.838,Theft of Vehicle
170072,173048,3,42.891,-78.838,Assault
170093,173069,3,42.85,-78.803,Assault
170095,173071,3,42.899,-78.819,Theft
170108,173084,3,42.876,-78.823,Robbery
170114,173090,3,42.898,-78.807,Theft
170118,173094,3,42.855,-78.81,Theft
170121,173098,3,42.894,-78.836,Assault
170123,173100,3,42.858,-78.811,Theft
170131,173108,3,42.836,-78.807,Assault
170140,173117,3,42.858,-78.814,Theft
170146,173123,3,42.886,-78.839,Theft
170156,173133,3,42.887,-78.836,Assault
170160,173137,3,42.856,-78.825,Sexual Assault
170169,173146,3,42.873,-78.813,Theft
170172,173149,3,42.848,-78.824,Assault
170175,173152,3,42.889,-78.839,Sexual Assault
170183,173161,3,42.891,-78.808,Breaking & Entering
170184,173162,3,42.888,-78.816,Assault
170185,173163,3,42.896,-78.824,Theft of Vehicle
170186,173164,3,42.893,-78.833,Assault
170190,173168,3,42.888,-78.835,Assault
170193,173171,3,42.856,-78.817,Breaking & Entering
170199,173177,3,42.891,-78.805,Breaking & Entering
170220,173199,3,42.892,-78.838,Theft
170222,173201,3,42.859,-78.804,Theft
170224,173203,3,42.856,-78.824,Theft
170228,173207,3,42.871,-78.815,Breaking & Entering
170230,173209,3,42.842,-78.82,Theft
170237,173216,3,42.844,-78.823,Assault
170244,173223,3,42.898,-78.807,Theft
170245,173224,3,42.895,-78.83,Assault
170247,173226,3,42.855,-78.81,Theft
170259,173238,3,42.864,-78.851,Theft of Vehicle
170268,173247,3,42.85,-78.805,Assault
170281,173260,3,42.846,-78.824,Theft
170285,173264,3,42.885,-78.805,Breaking & Entering
170286,173265,3,42.848,-78.824,Other Sexual Offense
170294,173273,3,42.887,-78.81,Assault
170298,173277,3,42.899,-78.835,Theft
170319,173298,3,42.877,-78.851,Assault
170321,173300,3,42.847,-78.824,Theft
170324,173303,3,42.895,-78.839,Theft
170335,173314,3,42.895,-78.822,Breaking & Entering
170338,173317,3,42.896,-78.812,Breaking & Entering
170339,173318,3,42.888,-78.809,Theft of Vehicle
170348,173328,3,42.894,-78.82,Robbery
170351,173331,3,42.889,-78.806,Theft
170353,173333,3,42.896,-78.818,Theft
170357,173337,3,42.886,-78.843,Theft
170360,173340,3,42.893,-78.823,Breaking & Entering
170369,173349,3,42.882,-78.841,Theft
170376,173356,3,42.841,-78.824,Theft
170387,173367,3,42.885,-78.832,Breaking & Entering
170388,173368,3,42.843,-78.824,Assault
170389,173369,3,42.872,-78.807,Assault
170400,173380,3,42.883,-78.829,Theft
170413,173393,3,42.878,-78.85,Breaking & Entering
170414,173394,3,42.896,-78.819,Robbery
170416,173396,3,42.858,-78.831,Robbery
170419,173399,3,42.841,-78.825,Theft
170421,173401,3,42.833,-78.824,Assault
170424,173404,3,42.895,-78.809,Theft
170438,173418,3,42.858,-78.831,Theft
170440,173420,3,42.888,-78.839,Robbery
170444,173424,3,42.857,-78.803,Sexual Assault
170445,173425,3,42.875,-78.803,Assault
170456,173436,3,42.837,-78.82,Assault
170457,173437,3,42.895,-78.829,Theft of Vehicle
170459,173439,3,42.847,-78.828,Theft of Vehicle
170460,173440,3,42.853,-78.802,Theft
170466,173446,3,42.898,-78.818,Assault
170471,173452,3,42.869,-78.805,Theft
170478,173459,3,42.892,-78.823,Breaking & Entering
170488,173470,3,42.869,-78.849,Assault
170489,173471,3,42.871,-78.815,Assault
170491,173473,3,42.894,-78.835,Theft
170498,173480,3,42.891,-78.803,Breaking & Entering
170500,173482,3,42.878,-78.837,Theft
170502,173484,3,42.887,-78.811,Theft
170509,173491,3,42.884,-78.822,Breaking & Entering
170512,173494,3,42.86,-78.813,Sexual Offense
170518,173500,3,42.85,-78.815,Theft
170519,173501,3,42.855,-78.833,Robbery
170520,173502,3,42.859,-78.835,Breaking & Entering
170521,173503,3,42.893,-78.84,Theft
170527,173509,3,42.85,-78.803,Robbery
170535,173517,3,42.853,-78.832,Breaking & Entering
170538,173520,3,42.878,-78.801,Theft
170543,173525,3,42.858,-78.817,Theft
170547,173529,3,42.894,-78.82,Theft
170551,173533,3,42.895,-78.837,Theft
170560,173542,3,42.887,-78.801,Theft
170561,173544,3,42.894,-78.822,Theft
170571,173554,3,42.845,-78.822,Theft
170584,173567,3,42.894,-78.837,Theft
170587,173570,3,42.851,-78.809,Theft
170591,173574,3,42.846,-78.822,Assault
170594,173577,3,42.888,-78.815,Theft of Vehicle
170611,173594,3,42.886,-78.839,Assault
170619,173602,3,42.886,-78.847,Breaking & Entering
170622,173605,3,42.894,-78.837,Robbery
170623,173606,3,42.849,-78.803,Breaking & Entering
170628,173611,3,42.857,-78.833,Theft
170631,173614,3,42.892,-78.828,Breaking & Entering
170634,173617,3,42.898,-78.807,Theft
170635,173618,3,42.853,-78.805,Assault
170642,173625,3,42.873,-78.81,Assault
170643,173626,3,42.851,-78.81,Other Sexual Offense
170644,173627,3,42.836,-78.824,Assault
170648,173631,3,42.851,-78.81,Assault
170649,173632,3,42.851,-78.824,Theft
170652,173635,3,42.869,-78.812,Assault
170654,173637,3,42.855,-78.808,Breaking & Entering
170673,173656,3,42.847,-78.824,Assault
170674,173657,3,42.868,-78.808,Breaking & Entering
170680,173665,3,42.838,-78.806,Theft
170684,173669,3,42.893,-78.837,Theft
170687,173672,3,42.848,-78.812,Assault
170688,173673,3,42.837,-78.816,Theft
170689,173674,3,42.894,-78.82,Theft of Vehicle
170693,173678,3,42.852,-78.819,Theft of Vehicle
170699,173684,3,42.895,-78.825,Theft
170700,173685,3,42.869,-78.808,Assault
170705,173690,3,42.85,-78.816,Assault
170712,173697,3,42.862,-78.818,Theft
170716,173701,3,42.874,-78.851,Breaking & Entering
170718,173703,3,42.889,-78.843,Assault
170723,173708,3,42.894,-78.835,Robbery
170728,173713,3,42.887,-78.803,Breaking & Entering
170732,173717,3,42.846,-78.819,Theft
170741,173727,3,42.852,-78.828,Breaking & Entering
170743,173729,3,42.885,-78.803,Assault
170744,173730,3,42.835,-78.825,Theft
170751,173737,3,42.888,-78.837,Theft
170755,173741,3,42.897,-78.821,Sexual Assault
170756,173742,3,42.857,-78.808,Theft of Vehicle
170760,173746,3,42.874,-78.844,Theft
170763,173749,3,42.869,-78.807,Theft
170781,173767,3,42.841,-78.824,Robbery
170788,173774,3,42.851,-78.802,Theft
170795,173781,3,42.896,-78.806,Theft
170797,173783,3,42.852,-78.826,Breaking & Entering
170798,173784,3,42.897,-78.835,Assault
170809,173795,3,42.856,-78.826,Assault
170815,173801,3,42.85,-78.815,Theft
170820,173806,3,42.89,-78.802,Theft
170821,173807,3,42.842,-78.82,Breaking & Entering
170825,173811,3,42.897,-78.818,Assault
170830,173816,3,42.862,-78.815,Assault
170833,173819,3,42.878,-78.841,Robbery
170834,173820,3,42.896,-78.814,Assault
170836,173822,3,42.873,-78.827,Assault
170840,173826,3,42.856,-78.81,Robbery
170841,173827,3,42.885,-78.81,Theft
170843,173829,3,42.893,-78.839,Assault
170846,173832,3,42.892,-78.826,Breaking & Entering
170854,173840,3,42.843,-78.827,Theft
170859,173845,3,42.886,-78.815,Breaking & Entering
170861,173848,3,42.896,-78.834,Breaking & Entering
170870,173858,3,42.885,-78.803,Breaking & Entering
170871,173859,3,42.858,-78.829,Theft
170877,173865,3,42.874,-78.803,Breaking & Entering
170884,173872,3,42.893,-78.839,Theft
170885,173873,3,42.895,-78.832,Assault
170893,173881,3,42.885,-78.815,Breaking & Entering
170899,173887,3,42.886,-78.813,Theft
170905,173893,3,42.892,-78.84,Breaking & Entering
170909,173897,3,42.846,-78.82,Breaking & Entering
170920,173908,3,42.898,-78.807,Theft
170925,173913,3,42.891,-78.834,Breaking & Entering
170941,173929,3,42.884,-78.831,Theft
170961,173950,3,42.868,-78.807,Theft
170977,173967,3,42.88,-78.835,Assault
170978,173968,3,42.874,-78.807,Breaking & Entering
170993,173983,3,42.868,-78.848,Theft
170995,173985,3,42.895,-78.833,Theft
170998,173988,3,42.877,-78.814,Theft
171002,173992,3,42.849,-78.82,Theft of Vehicle
171003,173993,3,42.878,-78.847,Assault
171007,173997,3,42.877,-78.802,Breaking & Entering
171017,174007,3,42.85,-78.801,Theft
171020,174010,3,42.898,-78.807,Theft
171024,174014,3,42.878,-78.836,Breaking & Entering
171041,174031,3,42.896,-78.823,Theft
171048,174038,3,42.857,-78.812,Theft
171056,174046,3,42.857,-78.809,Breaking & Entering
171071,174061,3,42.837,-78.824,Theft
171072,174062,3,42.852,-78.819,Theft
171079,174069,3,42.854,-78.801,Theft
171081,174071,3,42.895,-78.833,Theft
171102,174092,3,42.898,-78.824,Breaking & Entering
171104,174094,3,42.888,-78.815,Theft
171106,174096,3,42.857,-78.833,Assault
171113,174103,3,42.848,-78.824,Theft
171115,174105,3,42.836,-78.831,Breaking & Entering
171123,174113,3,42.878,-78.801,Theft
171131,174121,3,42.856,-78.818,Breaking & Entering
171156,174147,3,42.847,-78.828,Theft
171168,174160,3,42.895,-78.827,Breaking & Entering
171170,174162,3,42.886,-78.808,Assault
171171,174163,3,42.866,-78.801,Theft
171175,174168,3,42.891,-78.8,Breaking & Entering
171176,174169,3,42.892,-78.84,Assault
171178,174171,3,42.833,-78.822,Theft
171185,174178,3,42.892,-78.84,Assault
171187,174180,3,42.884,-78.839,Theft
171191,174184,3,42.878,-78.801,Theft
171216,174209,3,42.893,-78.839,Assault
171222,174215,3,42.875,-78.805,Breaking & Entering
171227,174220,3,42.892,-78.805,Assault
171228,174221,3,42.843,-78.812,Theft
171229,174222,3,42.878,-78.84,Theft of Vehicle
171230,174223,3,42.843,-78.821,Theft
171235,174228,3,42.839,-78.811,Robbery
171238,174231,3,42.896,-78.823,Breaking & Entering
171242,174235,3,42.87,-78.81,Theft of Vehicle
171251,174244,3,42.873,-78.804,Theft
171253,174246,3,42.889,-78.846,Assault
171254,174247,3,42.85,-78.832,Sexual Assault
171272,174265,3,42.851,-78.806,Theft
171280,174273,3,42.853,-78.809,Theft
171281,174274,3,42.895,-78.818,Breaking & Entering
171301,174294,3,42.887,-78.812,Theft of Vehicle
171304,174297,3,42.858,-78.831,Theft
171318,174312,3,42.896,-78.817,Theft of Vehicle
171325,174319,3,42.869,-78.826,Theft
171327,174321,3,42.887,-78.815,Breaking & Entering
171329,174323,3,42.854,-78.805,Assault
171334,174328,3,42.897,-78.814,Theft
171338,174332,3,42.892,-78.827,Assault
171347,174341,3,42.89,-78.845,Assault
171348,174342,3,42.854,-78.827,Theft
171352,174347,3,42.857,-78.814,Robbery
171358,174353,3,42.835,-78.815,Assault
171360,174355,3,42.891,-78.83,Assault
171368,174363,3,42.893,-78.821,Assault
171370,174366,3,42.854,-78.828,Breaking & Entering
171385,174381,3,42.858,-78.81,Theft
171392,174388,3,42.893,-78.832,Theft
171416,174412,3,42.835,-78.823,Breaking & Entering
171417,174413,3,42.891,-78.807,Sexual Assault
171427,174423,3,42.856,-78.836,Breaking & Entering
171435,174431,3,42.854,-78.808,Theft
171438,174434,3,42.898,-78.807,Theft
171439,174435,3,42.894,-78.827,Theft
171441,174437,3,42.887,-78.815,Breaking & Entering
171444,174440,3,42.874,-78.817,Theft
171447,174443,3,42.899,-78.837,Breaking & Entering
171452,174448,3,42.858,-78.811,Theft
171453,174449,3,42.856,-78.812,Assault
171456,174452,3,42.847,-78.83,Theft of Vehicle
171457,174453,3,42.89,-78.839,Robbery
171461,174457,3,42.838,-78.808,Theft
171466,174462,3,42.888,-78.803,Theft
171474,174471,3,42.852,-78.817,Theft
171494,174491,3,42.885,-78.822,Breaking & Entering
171496,174493,3,42.873,-78.81,Theft of Vehicle
171497,174494,3,42.898,-78.832,Theft
171502,174499,3,42.894,-78.827,Breaking & Entering
171510,174507,3,42.87,-78.845,Robbery
171530,174527,3,42.857,-78.812,Theft
171543,174540,3,42.881,-78.843,Robbery
171544,174541,3,42.837,-78.805,Theft
171545,174542,3,42.883,-78.845,Breaking & Entering
171546,174543,3,42.853,-78.826,Theft
171553,174550,3,42.853,-78.824,Assault
171579,174576,3,42.898,-78.815,Theft
171584,174581,3,42.881,-78.845,Theft
171590,174587,3,42.898,-78.807,Theft
171591,174588,3,42.887,-78.802,Theft
171604,174601,3,42.877,-78.828,Theft
171615,174612,3,42.848,-78.801,Assault
171625,174622,3,42.86,-78.825,Theft
171627,174624,3,42.879,-78.836,Assault
171641,174638,3,42.87,-78.808,Breaking & Entering
171642,174639,3,42.885,-78.839,Sexual Assault
171645,174642,3,42.855,-78.808,Assault
171656,174654,3,42.897,-78.813,Theft
171666,174664,3,42.895,-78.818,Theft
171670,174668,3,42.855,-78.813,Theft
171672,174671,3,42.877,-78.845,Robbery
171676,174675,3,42.841,-78.82,Theft
171682,174681,3,42.894,-78.805,Theft
171694,174694,3,42.898,-78.8,Breaking & Entering
171700,174700,3,42.857,-78.812,Assault
171704,174704,3,42.847,-78.818,Breaking & Entering
171705,174705,3,42.872,-78.832,Theft
171711,174711,3,42.84,-78.802,Breaking & Entering
171712,174712,3,42.862,-78.813,Breaking & Entering
171716,174716,3,42.895,-78.819,Theft of Vehicle
171729,174730,3,42.857,-78.811,Theft
171766,174768,3,42.849,-78.828,Assault
171769,174771,3,42.874,-78.826,Theft
171771,174773,3,42.853,-78.801,Breaking & Entering
171787,174790,3,42.839,-78.804,Breaking & Entering
171792,174795,3,42.896,-78.826,Theft
171793,174796,3,42.882,-78.841,Theft of Vehicle
171795,174798,3,42.856,-78.81,Assault
171797,174800,3,42.892,-78.838,Theft
171798,174801,3,42.839,-78.829,Theft
171809,174812,3,42.895,-78.822,Assault
171815,174818,3,42.895,-78.816,Assault
171824,174827,3,42.898,-78.816,Breaking & Entering
171826,174829,3,42.897,-78.815,Assault
171827,174830,3,42.888,-78.816,Robbery
171830,174833,3,42.858,-78.813,Theft
171832,174835,3,42.881,-78.841,Robbery
171836,174839,3,42.893,-78.824,Assault
171841,174845,3,42.854,-78.832,Theft
171846,174850,3,42.885,-78.804,Theft
171857,174861,3,42.843,-78.826,Theft
171860,174864,3,42.891,-78.832,Assault
171863,174867,3,42.896,-78.82,Assault
171864,174868,3,42.85,-78.816,Breaking & Entering
171867,174871,3,42.896,-78.815,Robbery
171875,174879,3,42.858,-78.831,Theft
171877,174881,3,42.893,-78.841,Theft
171891,174896,3,42.858,-78.832,Breaking & Entering
171896,174901,3,42.877,-78.804,Assault
171901,174906,3,42.887,-78.8,Assault
171914,174919,3,42.837,-78.825,Breaking & Entering
171916,174921,3,42.842,-78.823,Theft
171917,174922,3,42.855,-78.834,Assault
171924,174930,3,42.874,-78.803,Theft
171928,174934,3,42.855,-78.809,Theft
171944,174950,3,42.854,-78.827,Breaking & Entering
171951,174957,3,42.898,-78.815,Breaking & Entering
171954,174960,3,42.867,-78.824,Sexual Assault
171957,174963,3,42.838,-78.824,Assault
171965,174971,3,42.855,-78.809,Other Sexual Offense
171967,174973,3,42.885,-78.814,Theft
171976,174982,3,42.858,-78.831,Theft
171978,174984,3,42.855,-78.808,Breaking & Entering
171990,174997,3,42.895,-78.806,Theft of Vehicle
171992,174999,3,42.856,-78.811,Assault
171993,175000,3,42.888,-78.809,Assault
172008,175015,3,42.854,-78.832,Assault
172010,175017,3,42.89,-78.844,Assault
172016,175024,3,42.886,-78.843,Assault
172027,175035,3,42.837,-78.806,Theft
172028,175036,3,42.879,-78.841,Theft
172030,175038,3,42.892,-78.83,Theft of Vehicle
172037,175045,3,42.873,-78.829,Theft
172047,175055,3,42.882,-78.848,Assault
172056,175064,3,42.897,-78.814,Theft of Vehicle
172061,175069,3,42.894,-78.84,Theft
172070,175078,3,42.881,-78.8,Theft
172073,175081,3,42.859,-78.814,Theft
172074,175082,3,42.881,-78.835,Breaking & Entering
172090,175098,3,42.878,-78.814,Theft
172098,175106,3,42.895,-78.833,Assault
172100,175108,3,42.896,-78.817,Theft
172105,175113,3,42.838,-78.831,Theft
172111,175119,3,42.892,-78.81,Breaking & Entering
172114,175122,3,42.838,-78.818,Breaking & Entering
172120,175128,3,42.896,-78.808,Breaking & Entering
172121,175129,3,42.893,-78.84,Breaking & Entering
172122,175130,3,42.835,-78.827,Assault
172129,175137,3,42.856,-78.828,Breaking & Entering
172139,175147,3,42.862,-78.802,Breaking & Entering
172144,175152,3,42.889,-78.805,Assault
172153,175161,3,42.868,-78.811,Breaking & Entering
172154,175162,3,42.887,-78.837,Theft
172158,175166,3,42.881,-78.801,Robbery
172164,175172,3,42.882,-78.839,Assault
172166,175174,3,42.874,-78.843,Breaking & Entering
172177,175185,3,42.876,-78.852,Theft
172180,175188,3,42.876,-78.827,Theft
172182,175190,3,42.856,-78.813,Theft
172189,175197,3,42.867,-78.85,Theft
172190,175198,3,42.872,-78.812,Assault
172191,175199,3,42.871,-78.816,Theft
172192,175200,3,42.895,-78.832,Robbery
172193,175201,3,42.899,-78.81,Theft
172195,175203,3,42.886,-78.806,Assault
172198,175206,3,42.898,-78.807,Theft
172203,175211,3,42.891,-78.8,Theft
172204,175212,3,42.871,-78.838,Assault
172211,175219,3,42.856,-78.809,Theft
172212,175220,3,42.884,-78.845,Theft of Vehicle
172217,175225,3,42.897,-78.814,Theft
172218,175226,3,42.863,-78.814,Theft
172219,175227,3,42.868,-78.808,Theft of Vehicle
172220,175228,3,42.847,-78.803,Theft of Vehicle
172222,175230,3,42.89,-78.832,Breaking & Entering
172234,175242,3,42.892,-78.842,Assault
172238,175246,3,42.897,-78.839,Theft
172243,175251,3,42.856,-78.818,Theft
172249,175257,3,42.848,-78.824,Theft
172257,175266,3,42.856,-78.829,Theft
172261,175270,3,42.858,-78.807,Theft
172264,175273,3,42.879,-78.842,Theft
172282,175291,3,42.893,-78.824,Theft
172286,175295,3,42.896,-78.835,Breaking & Entering
172295,175305,3,42.898,-78.824,Theft
172298,175308,3,42.872,-78.824,Breaking & Entering
172301,175311,3,42.852,-78.802,Assault
172302,175312,3,42.848,-78.808,Assault
172304,175314,3,42.897,-78.814,Theft
172308,175319,3,42.873,-78.826,Theft
172309,175320,3,42.888,-78.802,Theft
172327,175339,3,42.898,-78.838,Breaking & Entering
172336,175348,3,42.848,-78.824,Theft
172338,175350,3,42.838,-78.803,Theft
172341,175353,3,42.837,-78.825,Assault
172342,175354,3,42.833,-78.824,Theft
172344,175356,3,42.872,-78.808,Assault
172354,175366,3,42.892,-78.83,Breaking & Entering
172355,175367,3,42.894,-78.822,Assault
172362,175374,3,42.881,-78.836,Theft of Vehicle
172382,175394,3,42.891,-78.803,Theft
172384,175396,3,42.885,-78.808,Breaking & Entering
172387,175400,3,42.882,-78.84,Theft
172388,175401,3,42.894,-78.827,Theft
172392,175405,3,42.867,-78.804,Theft
172394,175407,3,42.898,-78.807,Theft
172406,175419,3,42.876,-78.827,Assault
172408,175421,3,42.898,-78.84,Theft of Vehicle
172413,175426,3,42.895,-78.832,Breaking & Entering
172414,175428,3,42.89,-78.814,Assault
172416,175430,3,42.895,-78.827,Theft
172419,175433,3,42.898,-78.832,Breaking & Entering
172421,175435,3,42.896,-78.84,Theft
172422,175436,3,42.848,-78.824,Theft
172426,175440,3,42.886,-78.815,Theft
172427,175441,3,42.868,-78.848,Other Sexual Offense
172429,175443,3,42.889,-78.809,Assault
172436,175450,3,42.88,-78.802,Theft
172441,175456,3,42.88,-78.844,Assault
172452,175467,3,42.898,-78.815,Breaking & Entering
172455,175470,3,42.868,-78.801,Assault
172463,175478,3,42.851,-78.806,Theft
172466,175482,3,42.872,-78.803,Robbery
172468,175484,3,42.869,-78.807,Theft
172469,175485,3,42.86,-78.813,Assault
172481,175497,3,42.885,-78.847,Breaking & Entering
172483,175499,3,42.869,-78.812,Robbery
172484,175500,3,42.85,-78.831,Theft
172488,175504,3,42.899,-78.814,Breaking & Entering
172495,175511,3,42.881,-78.833,Theft
172497,175513,3,42.887,-78.842,Breaking & Entering
172499,175515,3,42.878,-78.801,Breaking & Entering
172501,175517,3,42.837,-78.811,Assault
172509,175525,3,42.894,-78.834,Theft
172541,175558,3,42.896,-78.818,Theft
172552,175569,3,42.873,-78.822,Theft of Vehicle
172559,175576,3,42.892,-78.814,Other Sexual Offense
172564,175581,3,42.872,-78.851,Theft
172570,175587,3,42.856,-78.809,Assault
172574,175591,3,42.851,-78.827,Theft
172581,175598,3,42.888,-78.803,Assault
172585,175602,3,42.896,-78.836,Breaking & Entering
172586,175603,3,42.882,-78.801,Theft of Vehicle
172599,175616,3,42.861,-78.812,Breaking & Entering
172603,175620,3,42.897,-78.825,Assault
172608,175625,3,42.87,-78.805,Theft of Vehicle
172618,175635,3,42.851,-78.806,Sexual Assault
172627,175645,3,42.861,-78.812,Theft
172633,175651,3,42.847,-78.821,Theft
172634,175652,3,42.845,-78.812,Breaking & Entering
172637,175655,3,42.893,-78.841,Theft
172652,175670,3,42.883,-78.835,Theft
172657,175675,3,42.857,-78.805,Assault
172658,175676,3,42.899,-78.822,Homicide
172662,175680,3,42.871,-78.834,Theft
172663,175681,3,42.843,-78.822,Theft
172664,175682,3,42.848,-78.813,Assault
172673,175691,3,42.866,-78.83,Assault
172674,175692,3,42.842,-78.804,Breaking & Entering
172688,175706,3,42.84,-78.808,Theft
172689,175707,3,42.897,-78.824,Other Sexual Offense
172691,175709,3,42.851,-78.829,Theft
172700,175718,3,42.877,-78.842,Breaking & Entering
172712,175730,3,42.894,-78.836,Robbery
172717,175735,3,42.886,-78.82,Breaking & Entering
172729,175747,3,42.893,-78.814,Theft
172735,175753,3,42.851,-78.823,Theft of Vehicle
172757,175775,3,42.891,-78.833,Assault
172759,175777,3,42.849,-78.812,Breaking & Entering
172765,175784,3,42.857,-78.805,Assault
172767,175786,3,42.893,-78.833,Assault
172772,175791,3,42.883,-78.84,Breaking & Entering
172774,175793,3,42.858,-78.813,Theft
172783,175802,3,42.851,-78.804,Theft
172784,175803,3,42.899,-78.816,Assault
172788,175807,3,42.87,-78.849,Robbery
172793,175812,3,42.856,-78.808,Breaking & Entering
172794,175813,3,42.848,-78.813,Theft
172798,175818,3,42.892,-78.839,Theft
172799,175819,3,42.871,-78.834,Breaking & Entering
172806,175826,3,42.851,-78.806,Theft
172816,175836,3,42.879,-78.8,Theft
172823,175843,3,42.858,-78.81,Breaking & Entering
172824,175844,3,42.896,-78.818,Robbery
172825,175845,3,42.857,-78.808,Assault
172828,175848,3,42.836,-78.826,Sexual Assault
172839,175859,3,42.882,-78.832,Theft of Vehicle
172852,175872,3,42.843,-78.817,Theft
172863,175883,3,42.893,-78.841,Theft
172868,175888,3,42.897,-78.823,Assault
172869,175889,3,42.845,-78.831,Theft
172870,175890,3,42.87,-78.833,Assault
172873,175893,3,42.897,-78.819,Breaking & Entering
172876,175896,3,42.879,-78.845,Theft
172879,175899,3,42.855,-78.809,Assault
172881,175901,3,42.875,-78.816,Theft
172884,175904,3,42.85,-78.825,Sexual Assault
172891,175911,3,42.874,-78.804,Theft
172892,175912,3,42.891,-78.843,Assault
172901,175921,3,42.88,-78.844,Theft of Vehicle
172902,175922,3,42.891,-78.835,Breaking & Entering
172907,175927,3,42.896,-78.832,Assault
172908,175928,3,42.873,-78.804,Theft
172916,175936,3,42.871,-78.81,Assault
172923,175943,3,42.874,-78.844,Robbery
172926,175946,3,42.85,-78.815,Theft
172927,175947,3,42.892,-78.826,Breaking & Entering
172951,175971,3,42.899,-78.822,Assault
172954,175974,3,42.869,-78.811,Theft
172955,175975,3,42.851,-78.824,Assault
172966,175986,3,42.861,-78.82,Theft
172968,175988,3,42.845,-78.829,Theft
172972,175992,3,42.894,-78.824,Breaking & Entering
172975,175995,3,42.858,-78.831,Theft
172979,176000,3,42.855,-78.806,Breaking & Entering
173000,176022,3,42.869,-78.833,Assault
173005,176027,3,42.898,-78.807,Robbery
173016,176038,3,42.888,-78.815,Theft
173030,176052,3,42.885,-78.839,Theft
173031,176053,3,42.87,-78.834,Assault
173033,176055,3,42.899,-78.814,Theft of Vehicle
173036,176058,3,42.852,-78.823,Assault
173037,176059,3,42.85,-78.803,Assault
173046,176068,3,42.884,-78.839,Theft
173056,176078,3,42.896,-78.835,Breaking & Entering
173069,176091,3,42.87,-78.829,Theft of Vehicle
173076,176098,3,42.841,-78.809,Theft
173080,176102,3,42.85,-78.803,Theft
173085,176107,3,42.855,-78.806,Theft
173089,176111,3,42.873,-78.818,Assault
173093,176115,3,42.857,-78.823,Assault
173100,176122,3,42.889,-78.806,Theft
173102,176124,3,42.854,-78.808,Theft
173110,176132,3,42.893,-78.824,Theft
173111,176133,3,42.87,-78.834,Assault
173123,176145,3,42.874,-78.804,Breaking & Entering
173127,176149,3,42.848,-78.824,Theft of Vehicle
173136,176158,3,42.847,-78.855,Theft of Vehicle
173139,176161,3,42.895,-78.828,Assault
173145,176167,3,42.848,-78.824,Assault
173148,176170,3,42.898,-78.807,Assault
173155,176177,3,42.878,-78.802,Theft
173162,176184,3,42.85,-78.802,Theft
173174,176196,3,42.899,-78.838,Breaking & Entering
173176,176198,3,42.895,-78.834,Theft
173179,176201,3,42.845,-78.824,Theft
173184,176207,3,42.888,-78.803,Breaking & Entering
173194,176217,3,42.893,-78.826,Breaking & Entering
173196,176219,3,42.855,-78.806,Breaking & Entering
173207,176230,3,42.887,-78.815,Breaking & Entering
173208,176231,3,42.899,-78.831,Breaking & Entering
173209,176232,3,42.897,-78.814,Theft of Vehicle
173214,176238,3,42.895,-78.815,Assault
173218,176242,3,42.892,-78.803,Theft
173245,176269,3,42.881,-78.801,Theft
173246,176270,3,42.899,-78.81,Theft
173252,176276,3,42.856,-78.833,Breaking & Entering
173255,176279,3,42.895,-78.827,Breaking & Entering
173265,176290,3,42.893,-78.826,Theft
173270,176295,3,42.854,-78.811,Breaking & Entering
173274,176299,3,42.878,-78.836,Theft
173277,176302,3,42.886,-78.808,Theft of Vehicle
173285,176310,3,42.888,-78.809,Assault
173286,176311,3,42.84,-78.808,Robbery
173298,176324,3,42.886,-78.805,Theft
173309,176335,3,42.848,-78.813,Theft of Vehicle
173316,176342,3,42.857,-78.833,Breaking & Entering
173322,176348,3,42.894,-78.823,Theft
173332,176358,3,42.881,-78.801,Theft
173334,176360,3,42.893,-78.827,Theft
173338,176364,3,42.856,-78.837,Theft
173343,176369,3,42.869,-78.8,Theft
173346,176372,3,42.855,-78.808,Theft
173347,176373,3,42.868,-78.848,Theft
173353,176379,3,42.899,-78.822,Breaking & Entering
173354,176380,3,42.888,-78.808,Theft of Vehicle
173361,176387,3,42.847,-78.833,Theft of Vehicle
173366,176392,3,42.897,-78.825,Assault
173377,176403,3,42.899,-78.836,Assault
173392,176418,3,42.854,-78.808,Theft
173403,176429,3,42.848,-78.823,Theft of Vehicle
173404,176430,3,42.899,-78.82,Assault
173412,176438,3,42.858,-78.831,Theft
173413,176439,3,42.889,-78.837,Breaking & Entering
173415,176441,3,42.853,-78.807,Assault
173417,176443,3,42.838,-78.81,Theft
173420,176446,3,42.852,-78.823,Theft
173424,176450,3,42.89,-78.835,Breaking & Entering
173426,176452,3,42.836,-78.82,Theft
173434,176460,3,42.844,-78.814,Breaking & Entering
173436,176462,3,42.867,-78.824,Robbery
173440,176466,3,42.885,-78.84,Theft
173442,176468,3,42.86,-78.819,Theft
173449,176475,3,42.894,-78.827,Theft
173454,176480,3,42.835,-78.845,Assault
173458,176484,3,42.872,-78.811,Theft
173467,176493,3,42.889,-78.808,Assault
173472,176498,3,42.858,-78.825,Theft
173474,176500,3,42.856,-78.828,Theft
173476,176502,3,42.886,-78.838,Breaking & Entering
173477,176503,3,42.886,-78.842,Assault
173481,176507,3,42.877,-78.825,Theft of Vehicle
173482,176508,3,42.856,-78.802,Breaking & Entering
173483,176509,3,42.835,-78.824,Assault
173484,176510,3,42.876,-78.825,Assault
173485,176511,3,42.859,-78.804,Theft
173495,176521,3,42.888,-78.8,Assault
173497,176523,3,42.895,-78.82,Breaking & Entering
173499,176525,3,42.887,-78.81,Breaking & Entering
173506,176533,3,42.855,-78.825,Theft
173507,176534,3,42.888,-78.809,Theft
173514,176541,3,42.898,-78.807,Theft
173516,176543,3,42.893,-78.839,Robbery
173518,176545,3,42.853,-78.826,Breaking & Entering
173530,176557,3,42.887,-78.802,Sexual Assault
173533,176560,3,42.853,-78.832,Breaking & Entering
173537,176564,3,42.878,-78.801,Robbery
173538,176565,3,42.874,-78.804,Theft of Vehicle
173544,176571,3,42.896,-78.815,Theft
173549,176576,3,42.875,-78.806,Assault
173550,176577,3,42.89,-78.806,Theft
173552,176579,3,42.86,-78.822,Theft
173555,176582,3,42.832,-78.832,Theft
173561,176588,3,42.859,-78.828,Robbery
173576,176603,3,42.86,-78.808,Theft of Vehicle
173578,176605,3,42.856,-78.827,Theft of Vehicle
173581,176608,3,42.889,-78.813,Theft
173614,176642,3,42.898,-78.807,Theft
173616,176644,3,42.893,-78.839,Robbery
173620,176648,3,42.875,-78.831,Theft
173628,176656,3,42.87,-78.805,Breaking & Entering
173634,176662,3,42.856,-78.831,Theft
173643,176671,3,42.849,-78.832,Theft of Vehicle
173648,176676,3,42.85,-78.814,Theft
173649,176677,3,42.896,-78.841,Assault
173650,176678,3,42.868,-78.807,Theft
173660,176688,3,42.892,-78.824,Breaking & Entering
173664,176692,3,42.889,-78.807,Breaking & Entering
173683,176712,3,42.88,-78.839,Assault
173700,176730,3,42.883,-78.845,Assault
173716,176746,3,42.894,-78.841,Assault
173727,176758,3,42.868,-78.809,Theft of Vehicle
173729,176760,3,42.852,-78.801,Assault
173734,176765,3,42.853,-78.83,Assault
173757,176789,3,42.893,-78.827,Breaking & Entering
173763,176795,3,42.834,-78.807,Theft
173765,176797,3,42.851,-78.806,Theft
173767,176799,3,42.887,-78.837,Other Sexual Offense
173774,176806,3,42.896,-78.817,Assault
173776,176808,3,42.857,-78.812,Assault
173779,176811,3,42.852,-78.802,Assault
173783,176815,3,42.881,-78.832,Assault
173784,176816,3,42.85,-78.827,Assault
173790,176822,3,42.893,-78.825,Breaking & Entering
173792,176824,3,42.845,-78.821,Breaking & Entering
173796,176828,3,42.89,-78.814,Assault
173797,176829,3,42.88,-78.839,Assault
173804,176836,3,42.876,-78.804,Theft
173820,176852,3,42.896,-78.821,Theft
173824,176856,3,42.889,-78.806,Theft
173825,176857,3,42.899,-78.837,Assault
173829,176861,3,42.867,-78.823,Theft
173839,176871,3,42.86,-78.818,Assault
173847,176879,3,42.833,-78.803,Theft
173850,176883,3,42.848,-78.829,Theft
173853,176886,3,42.843,-78.824,Assault
173882,176915,3,42.834,-78.816,Theft
173884,176917,3,42.851,-78.801,Assault
173887,176920,3,42.888,-78.838,Assault
173893,176926,3,42.858,-78.808,Theft
173904,176937,3,42.892,-78.838,Robbery
173909,176943,3,42.884,-78.839,Assault
173913,176947,3,42.894,-78.82,Assault
173914,176948,3,42.871,-78.852,Assault
173919,176953,3,42.857,-78.823,Theft
173920,176954,3,42.892,-78.803,Theft
173930,176964,3,42.858,-78.811,Assault
173931,176965,3,42.851,-78.825,Theft
173936,176970,3,42.893,-78.806,Robbery
173939,176973,3,42.856,-78.824,Breaking & Entering
173940,176974,3,42.898,-78.817,Breaking & Entering
173945,176979,3,42.878,-78.801,Theft
173946,176980,3,42.881,-78.801,Theft
173949,176983,3,42.847,-78.814,Theft
173952,176986,3,42.885,-78.807,Breaking & Entering
173954,176988,3,42.879,-78.836,Breaking & Entering
173960,176994,3,42.894,-78.822,Theft
173961,176995,3,42.87,-78.835,Breaking & Entering
173963,176997,3,42.841,-78.811,Theft
173972,177006,3,42.876,-78.826,Assault
173975,177009,3,42.891,-78.808,Theft
173989,177023,3,42.856,-78.818,Breaking & Entering
173991,177025,3,42.841,-78.809,Theft
173998,177032,3,42.848,-78.812,Theft
174000,177035,3,42.869,-78.809,Assault
174001,177036,3,42.874,-78.844,Robbery
174008,177043,3,42.875,-78.845,Theft
174009,177044,3,42.895,-78.826,Theft
174011,177046,3,42.873,-78.806,Breaking & Entering
174014,177049,3,42.862,-78.819,Breaking & Entering
174016,177051,3,42.833,-78.818,Breaking & Entering
174017,177052,3,42.874,-78.81,Theft
174024,177059,3,42.893,-78.824,Theft
174029,177064,3,42.857,-78.806,Assault
174030,177065,3,42.892,-78.807,Theft
174043,177078,3,42.891,-78.838,Assault
174048,177083,3,42.848,-78.812,Theft
174051,177086,3,42.888,-78.805,Breaking & Entering
174055,177090,3,42.85,-78.815,Theft
174064,177099,3,42.866,-78.849,Breaking & Entering
174066,177101,3,42.891,-78.804,Theft
174070,177105,3,42.88,-78.841,Assault
174092,177127,3,42.85,-78.815,Theft
174093,177128,3,42.889,-78.801,Theft
174119,177154,3,42.869,-78.811,Theft
174125,177160,3,42.849,-78.829,Assault
174132,177167,3,42.893,-78.82,Theft
174134,177169,3,42.87,-78.805,Assault
174138,177173,3,42.898,-78.807,Theft
174141,177176,3,42.872,-78.832,Theft of Vehicle
174145,177180,3,42.887,-78.816,Theft
174164,177199,3,42.896,-78.816,Theft
174165,177200,3,42.862,-78.818,Theft
174168,177203,3,42.844,-78.827,Assault
174173,177208,3,42.888,-78.806,Theft
174175,177210,3,42.898,-78.807,Theft
174178,177213,3,42.889,-78.84,Breaking & Entering
174179,177214,3,42.877,-78.825,Theft of Vehicle
174189,177224,3,42.882,-78.841,Assault
174190,177225,3,42.87,-78.846,Assault
174197,177232,3,42.854,-78.825,Theft
174205,177241,3,42.849,-78.823,Breaking & Entering
174216,177252,3,42.858,-78.813,Breaking & Entering
174226,177262,3,42.898,-78.84,Sexual Assault
174229,177265,3,42.885,-78.814,Theft of Vehicle
174230,177266,3,42.853,-78.828,Theft
174235,177271,3,42.871,-78.832,Breaking & Entering
174244,177280,3,42.886,-78.805,Breaking & Entering
174246,177282,3,42.893,-78.84,Theft
174250,177286,3,42.875,-78.85,Theft
174256,177292,3,42.885,-78.839,Assault
174260,177296,3,42.881,-78.84,Assault
174261,177297,3,42.892,-78.832,Assault
174263,177299,3,42.898,-78.834,Breaking & Entering
174267,177303,3,42.89,-78.842,Theft
174271,177307,3,42.856,-78.81,Robbery
174272,177308,3,42.872,-78.81,Theft
174275,177311,3,42.872,-78.801,Assault
174277,177313,3,42.85,-78.803,Assault
174281,177317,3,42.882,-78.841,Theft
174284,177321,3,42.893,-78.839,Robbery
174288,177325,3,42.876,-78.825,Breaking & Entering
174297,177334,3,42.843,-78.82,Assault
174302,177339,3,42.87,-78.85,Breaking & Entering
174303,177340,3,42.848,-78.824,Breaking & Entering
174321,177359,3,42.885,-78.839,Theft of Vehicle
174329,177368,3,42.882,-78.842,Assault
174333,177372,3,42.862,-78.818,Assault
174339,177378,3,42.894,-78.803,Theft of Vehicle
174352,177391,3,42.868,-78.801,Theft
174353,177392,3,42.875,-78.842,Theft
174355,177394,3,42.88,-78.84,Breaking & Entering
174363,177402,3,42.886,-78.838,Theft
174370,177409,3,42.887,-78.81,Other Sexual Offense
174378,177417,3,42.835,-78.81,Breaking & Entering
174385,177424,3,42.89,-78.802,Theft
174392,177431,3,42.841,-78.824,Theft
174394,177433,3,42.893,-78.84,Robbery
174397,177436,3,42.847,-78.823,Theft
174401,177440,3,42.843,-78.82,Theft
174402,177441,3,42.889,-78.842,Breaking & Entering
174404,177443,3,42.869,-78.85,Assault
174413,177452,3,42.891,-78.839,Robbery
174433,177473,3,42.899,-78.837,Breaking & Entering
174436,177476,3,42.846,-78.801,Breaking & Entering
174442,177482,3,42.857,-78.811,Theft
174458,177498,3,42.869,-78.828,Assault
174462,177502,3,42.857,-78.833,Theft
174469,177509,3,42.889,-78.837,Breaking & Entering
174470,177510,3,42.888,-78.8,Breaking & Entering
174475,177515,3,42.89,-78.802,Assault
174478,177518,3,42.894,-78.833,Assault
174479,177519,3,42.844,-78.832,Theft of Vehicle
174482,177522,3,42.844,-78.823,Breaking & Entering
174483,177523,3,42.898,-78.817,Breaking & Entering
174491,177531,3,42.849,-78.802,Theft
174499,177539,3,42.859,-78.835,Breaking & Entering
174505,177545,3,42.852,-78.815,Theft
174510,177550,3,42.892,-78.805,Theft
174515,177555,3,42.833,-78.824,Assault
174523,177563,3,42.885,-78.802,Theft
174529,177570,3,42.873,-78.803,Assault
174535,177576,3,42.853,-78.817,Breaking & Entering
174539,177580,3,42.856,-78.81,Theft
174540,177581,3,42.894,-78.828,Robbery
174547,177588,3,42.886,-78.8,Assault
174548,177589,3,42.892,-78.835,Theft of Vehicle
174549,177590,3,42.897,-78.825,Breaking & Entering
174550,177591,3,42.879,-78.815,Breaking & Entering
174552,177593,3,42.874,-78.803,Assault
174555,177596,3,42.879,-78.801,Assault
174556,177597,3,42.896,-78.831,Assault
174562,177603,3,42.856,-78.814,Theft
174565,177606,3,42.888,-78.815,Breaking & Entering
174566,177607,3,42.892,-78.834,Theft
174572,177613,3,42.897,-78.835,Theft
174577,177618,3,42.872,-78.809,Assault
174578,177619,3,42.854,-78.833,Theft
174580,177621,3,42.893,-78.841,Robbery
174583,177624,3,42.895,-78.83,Theft
174589,177630,3,42.855,-78.824,Assault
174595,177636,3,42.884,-78.845,Breaking & Entering
174597,177638,3,42.871,-78.807,Assault
174621,177663,3,42.898,-78.836,Robbery
174625,177667,3,42.886,-78.805,Assault
174630,177672,3,42.896,-78.806,Assault
174636,177678,3,42.868,-78.808,Breaking & Entering
174653,177695,3,42.887,-78.807,Theft
174657,177699,3,42.867,-78.847,Other Sexual Offense
174659,177701,3,42.839,-78.816,Theft
174665,177707,3,42.885,-78.839,Assault
174676,177718,3,42.845,-78.827,Theft of Vehicle
174688,177730,3,42.892,-78.828,Breaking & Entering
174690,177732,3,42.858,-78.831,Theft
174692,177734,3,42.857,-78.815,Theft of Vehicle
174693,177735,3,42.87,-78.802,Breaking & Entering
174699,177741,3,42.871,-78.837,Theft
174703,177745,3,42.888,-78.846,Theft of Vehicle
174717,177761,3,42.84,-78.823,Theft
174731,177776,3,42.877,-78.814,Breaking & Entering
174735,177780,3,42.88,-78.802,Theft
174736,177781,3,42.852,-78.815,Breaking & Entering
174739,177784,3,42.893,-78.842,Breaking & Entering
174740,177785,3,42.891,-78.834,Breaking & Entering
174745,177790,3,42.897,-78.823,Assault
174746,177791,3,42.858,-78.83,Theft
174749,177794,3,42.838,-78.804,Breaking & Entering
174752,177798,3,42.85,-78.803,Breaking & Entering
174758,177804,3,42.888,-78.806,Theft
174760,177806,3,42.858,-78.826,Assault
174761,177807,3,42.892,-78.838,Theft
174762,177808,3,42.858,-78.831,Theft
174763,177809,3,42.895,-78.829,Theft of Vehicle
174768,177814,3,42.896,-78.817,Theft
174769,177815,3,42.855,-78.832,Theft
174776,177822,3,42.886,-78.817,Assault
174777,177823,3,42.886,-78.805,Assault
174779,177825,3,42.833,-78.824,Assault
174785,177831,3,42.898,-78.807,Theft
174790,177836,3,42.861,-78.82,Breaking & Entering
174791,177837,3,42.872,-78.811,Theft
174793,177839,3,42.872,-78.844,Theft of Vehicle
174794,177840,3,42.855,-78.831,Assault
174797,177843,3,42.896,-78.815,Breaking & Entering
174800,177846,3,42.848,-78.812,Assault
174819,177866,3,42.857,-78.81,Theft
174823,177870,3,42.856,-78.807,Theft
174837,177885,3,42.897,-78.816,Assault
174855,177903,3,42.885,-78.804,Theft
174857,177905,3,42.884,-78.846,Breaking & Entering
174859,177907,3,42.874,-78.804,Assault
174866,177914,3,42.842,-78.821,Assault
174870,177918,3,42.884,-78.839,Theft of Vehicle
174873,177921,3,42.889,-78.804,Breaking & Entering
174876,177924,3,42.839,-78.816,Assault
174880,177928,3,42.879,-78.841,Theft of Vehicle
174889,177937,3,42.893,-78.82,Assault
174891,177939,3,42.856,-78.833,Theft
174894,177943,3,42.859,-78.825,Theft
174897,177946,3,42.894,-78.834,Theft
174902,177951,3,42.86,-78.815,Breaking & Entering
174911,177961,3,42.833,-78.824,Theft
174917,177967,3,42.888,-78.815,Theft
174930,177980,3,42.898,-78.824,Breaking & Entering
174935,177985,3,42.874,-78.817,Assault
174950,178001,3,42.858,-78.833,Robbery
174959,178010,3,42.843,-78.822,Breaking & Entering
174962,178013,3,42.88,-78.84,Breaking & Entering
174971,178022,3,42.887,-78.803,Theft
174991,178042,3,42.857,-78.81,Assault
174993,178044,3,42.891,-78.843,Assault
174994,178045,3,42.889,-78.836,Theft of Vehicle
175015,178067,3,42.895,-78.83,Theft
175020,178072,3,42.893,-78.839,Theft
175025,178077,3,42.874,-78.808,Breaking & Entering
175028,178080,3,42.894,-78.82,Assault
175034,178087,3,42.866,-78.848,Theft
175035,178088,3,42.868,-78.849,Robbery
175046,178099,3,42.863,-78.814,Theft
175047,178100,3,42.889,-78.808,Theft of Vehicle
175049,178102,3,42.839,-78.813,Assault
175056,178109,3,42.851,-78.825,Breaking & Entering
175060,178113,3,42.894,-78.821,Assault
175067,178121,3,42.894,-78.827,Breaking & Entering
175071,178125,3,42.89,-78.836,Breaking & Entering
175079,178133,3,42.857,-78.814,Theft
175090,178144,3,42.854,-78.808,Assault
175093,178147,3,42.895,-78.82,Theft of Vehicle
175107,178161,3,42.878,-78.834,Theft
175110,178164,3,42.888,-78.814,Theft
175121,178175,3,42.86,-78.821,Theft
175122,178176,3,42.842,-78.823,Assault
175123,178177,3,42.888,-78.814,Theft
175130,178184,3,42.891,-78.833,Theft
175134,178188,3,42.839,-78.856,Theft
175135,178189,3,42.854,-78.808,Assault
175142,178196,3,42.855,-78.81,Breaking & Entering
175143,178197,3,42.862,-78.815,Assault
175144,178198,3,42.832,-78.811,Theft
175152,178206,3,42.898,-78.81,Assault
175156,178210,3,42.892,-78.803,Robbery
175161,178216,3,42.898,-78.839,Theft
175162,178217,3,42.886,-78.846,Breaking & Entering
175167,178222,3,42.843,-78.822,Assault
175171,178226,3,42.852,-78.826,Theft
175172,178227,3,42.872,-78.811,Theft
175183,178238,3,42.871,-78.808,Breaking & Entering
175184,178239,3,42.879,-78.846,Assault
175190,178245,3,42.892,-78.834,Theft
175193,178248,3,42.858,-78.834,Assault
175195,178250,3,42.895,-78.842,Assault
175197,178252,3,42.842,-78.831,Theft
175206,178261,3,42.848,-78.812,Assault
175207,178262,3,42.894,-78.833,Breaking & Entering
175209,178264,3,42.885,-78.804,Breaking & Entering
175211,178266,3,42.885,-78.839,Theft
175216,178271,3,42.849,-78.813,Theft
175218,178273,3,42.899,-78.816,Theft
175227,178282,3,42.877,-78.841,Theft
175229,178284,3,42.833,-78.821,Theft
175241,178297,3,42.895,-78.807,Assault
175242,178298,3,42.895,-78.839,Other Sexual Offense
175250,178306,3,42.893,-78.835,Breaking & Entering
175256,178312,3,42.88,-78.841,Theft of Vehicle
175257,178313,3,42.869,-78.829,Assault
175259,178315,3,42.879,-78.844,Theft
175265,178321,3,42.836,-78.812,Breaking & Entering
175268,178324,3,42.855,-78.827,Breaking & Entering
175269,178325,3,42.872,-78.816,Assault
175278,178334,3,42.877,-78.833,Breaking & Entering
175281,178337,3,42.89,-78.804,Assault
175284,178340,3,42.878,-78.846,Theft of Vehicle
175289,178345,3,42.864,-78.825,Assault
175294,178350,3,42.878,-78.847,Theft
175298,178354,3,42.898,-78.833,Assault
175306,178362,3,42.895,-78.823,Breaking & Entering
175316,178372,3,42.894,-78.832,Assault
175328,178384,3,42.899,-78.81,Robbery
175331,178387,3,42.836,-78.825,Breaking & Entering
175333,178389,3,42.848,-78.824,Robbery
175339,178395,3,42.889,-78.816,Assault
175344,178400,3,42.879,-78.842,Breaking & Entering
175345,178401,3,42.872,-78.853,Robbery
175350,178406,3,42.86,-78.813,Theft of Vehicle
175355,178411,3,42.898,-78.816,Assault
175365,178421,3,42.89,-78.814,Breaking & Entering
175369,178425,3,42.854,-78.822,Breaking & Entering
175370,178426,3,42.852,-78.811,Assault
175381,178438,3,42.863,-78.842,Theft
175392,178449,3,42.89,-78.804,Robbery
175400,178457,3,42.896,-78.817,Assault
175413,178470,3,42.893,-78.833,Breaking & Entering
175414,178471,3,42.848,-78.816,Theft
175435,178494,3,42.843,-78.824,Assault
175439,178498,3,42.868,-78.846,Breaking & Entering
175440,178499,3,42.897,-78.832,Theft
175445,178504,3,42.849,-78.827,Theft
175447,178506,3,42.847,-78.824,Theft
175453,178512,3,42.871,-78.81,Breaking & Entering
175457,178516,3,42.875,-78.809,Theft
175460,178519,3,42.895,-78.839,Theft
175464,178523,3,42.842,-78.816,Theft
175465,178524,3,42.853,-78.829,Theft of Vehicle
175478,178537,3,42.892,-78.84,Theft of Vehicle
175492,178551,3,42.869,-78.812,Breaking & Entering
175493,178552,3,42.891,-78.831,Breaking & Entering
175495,178554,3,42.854,-78.811,Theft
175502,178561,3,42.843,-78.816,Assault
175511,178570,3,42.874,-78.808,Theft of Vehicle
175513,178572,3,42.872,-78.813,Assault
175517,178576,3,42.876,-78.827,Theft
175519,178578,3,42.893,-78.839,Theft
175523,178582,3,42.898,-78.839,Theft of Vehicle
175529,178588,3,42.849,-78.801,Theft
175534,178593,3,42.853,-78.804,Theft
175537,178596,3,42.859,-78.825,Theft
175540,178599,3,42.896,-78.825,Theft
175544,178603,3,42.848,-78.813,Theft
175550,178609,3,42.872,-78.803,Breaking & Entering
175555,178614,3,42.881,-78.829,Theft
175565,178624,3,42.838,-78.808,Robbery
175584,178643,3,42.85,-78.815,Assault
175594,178653,3,42.849,-78.824,Breaking & Entering
175601,178660,3,42.892,-78.808,Assault
175609,178668,3,42.871,-78.834,Assault
175614,178673,3,42.857,-78.824,Theft
175616,178675,3,42.885,-78.839,Theft
175618,178677,3,42.859,-78.834,Theft
175619,178678,3,42.845,-78.824,Theft
175621,178680,3,42.87,-78.834,Assault
175624,178683,3,42.875,-78.826,Assault
175631,178690,3,42.891,-78.805,Theft
175634,178693,3,42.849,-78.82,Theft
175652,178711,3,42.857,-78.811,Theft
175659,178718,3,42.87,-78.808,Breaking & Entering
175662,178721,3,42.871,-78.834,Theft of Vehicle
175665,178724,3,42.896,-78.819,Theft
175666,178725,3,42.89,-78.842,Breaking & Entering
175667,178726,3,42.895,-78.829,Theft of Vehicle
175669,178728,3,42.899,-78.822,Assault
175670,178729,3,42.893,-78.827,Assault
175671,178730,3,42.897,-78.836,Assault
175672,178731,3,42.855,-78.825,Theft
175675,178734,3,42.868,-78.846,Breaking & Entering
175684,178743,3,42.883,-78.834,Theft
175686,178745,3,42.898,-78.807,Theft
175698,178757,3,42.873,-78.825,Theft
175699,178758,3,42.887,-78.81,Theft
175706,178765,3,42.858,-78.813,Theft
175714,178773,3,42.866,-78.83,Theft
175720,178779,3,42.89,-78.845,Robbery
175731,178790,3,42.895,-78.825,Breaking & Entering
175734,178793,3,42.855,-78.821,Breaking & Entering
175735,178794,3,42.897,-78.821,Other Sexual Offense
175740,178799,3,42.889,-78.809,Breaking & Entering
175744,178803,3,42.892,-78.838,Theft
175746,178805,3,42.894,-78.836,Breaking & Entering
175755,178814,3,42.858,-78.811,Theft
175760,178819,3,42.884,-78.833,Theft
175769,178828,3,42.859,-78.815,Assault
175774,178833,3,42.869,-78.85,Theft
175781,178840,3,42.895,-78.837,Theft
175785,178844,3,42.842,-78.825,Theft
175786,178845,3,42.858,-78.826,Theft
175790,178849,3,42.864,-78.843,Breaking & Entering
175791,178850,3,42.851,-78.802,Assault
175798,178858,3,42.858,-78.831,Theft
175800,178860,3,42.879,-78.802,Theft
175803,178863,3,42.889,-78.843,Breaking & Entering
175809,178869,3,42.854,-78.826,Breaking & Entering
175812,178872,3,42.86,-78.815,Theft
175821,178881,3,42.871,-78.809,Assault
175825,178885,3,42.891,-78.814,Breaking & Entering
175839,178900,3,42.892,-78.844,Theft of Vehicle
175842,178903,3,42.899,-78.82,Breaking & Entering
175843,178904,3,42.855,-78.812,Theft
175847,178908,3,42.894,-78.83,Breaking & Entering
175865,178927,3,42.86,-78.815,Assault
175868,178931,3,42.886,-78.839,Breaking & Entering
175873,178936,3,42.854,-78.833,Theft of Vehicle
175875,178938,3,42.886,-78.806,Theft of Vehicle
175879,178942,3,42.898,-78.818,Breaking & Entering
175887,178950,3,42.89,-78.844,Robbery
175894,178957,3,42.847,-78.802,Theft
175896,178959,3,42.894,-78.835,Theft
175901,178965,3,42.843,-78.824,Theft
175905,178969,3,42.872,-78.811,Theft
175913,178977,3,42.892,-78.832,Theft
175914,178978,3,42.866,-78.805,Theft
175921,178985,3,42.858,-78.814,Other Sexual Offense
175923,178987,3,42.887,-78.842,Breaking & Entering
175926,178990,3,42.894,-78.842,Assault
175935,179000,3,42.894,-78.821,Assault
175940,179005,3,42.891,-78.826,Robbery
175942,179007,3,42.893,-78.821,Breaking & Entering
175957,179022,3,42.858,-78.806,Theft
175959,179024,3,42.894,-78.82,Breaking & Entering
175961,179026,3,42.898,-78.84,Assault
175965,179030,3,42.839,-78.806,Theft
175974,179039,3,42.895,-78.837,Theft
175975,179040,3,42.896,-78.82,Assault
175976,179041,3,42.842,-78.82,Other Sexual Offense
175978,179043,3,42.842,-78.808,Assault
175985,179051,3,42.892,-78.834,Theft
176005,179071,3,42.88,-78.828,Theft
176016,179082,3,42.885,-78.807,Theft of Vehicle
176022,179088,3,42.873,-78.806,Assault
176030,179096,3,42.889,-78.84,Theft
176035,179101,3,42.846,-78.828,Assault
176047,179113,3,42.867,-78.805,Theft
176054,179120,3,42.851,-78.81,Theft
176056,179122,3,42.899,-78.818,Assault
176058,179124,3,42.87,-78.846,Assault
176065,179131,3,42.85,-78.803,Breaking & Entering
176070,179136,3,42.891,-78.837,Theft
176072,179138,3,42.847,-78.811,Theft of Vehicle
176092,179158,3,42.832,-78.811,Theft
176095,179161,3,42.872,-78.809,Theft
176096,179162,3,42.895,-78.818,Assault
176104,179170,3,42.895,-78.835,Breaking & Entering
176113,179179,3,42.887,-78.8,Breaking & Entering
176127,179193,3,42.874,-78.844,Assault
176131,179197,3,42.884,-78.835,Theft
176133,179199,3,42.849,-78.863,Theft of Vehicle
176139,179205,3,42.86,-78.814,Breaking & Entering
176146,179212,3,42.855,-78.837,Theft
176150,179216,3,42.848,-78.824,Assault
176154,179220,3,42.863,-78.819,Breaking & Entering
176158,179224,3,42.88,-78.834,Assault
176160,179226,3,42.842,-78.82,Assault
176161,179227,3,42.844,-78.823,Theft
176191,179257,3,42.838,-78.829,Theft
176198,179265,3,42.893,-78.833,Breaking & Entering
176200,179267,3,42.885,-78.847,Theft of Vehicle
176211,179278,3,42.859,-78.806,Theft
176212,179279,3,42.868,-78.801,Theft
176213,179280,3,42.892,-78.837,Theft
176214,179281,3,42.854,-78.81,Assault
176217,179284,3,42.837,-78.804,Theft
176224,179292,3,42.894,-78.836,Robbery
176232,179300,3,42.888,-78.809,Theft
176251,179319,3,42.896,-78.827,Assault
176255,179323,3,42.851,-78.804,Assault
176258,179326,3,42.893,-78.831,Assault
176263,179332,3,42.89,-78.836,Breaking & Entering
176269,179338,3,42.898,-78.807,Theft
176273,179342,3,42.885,-78.839,Theft
176281,179350,3,42.887,-78.836,Assault
176288,179357,3,42.869,-78.811,Theft
176290,179359,3,42.855,-78.83,Theft
176294,179363,3,42.851,-78.828,Assault
176310,179379,3,42.86,-78.812,Theft
176320,179389,3,42.884,-78.846,Theft
176327,179396,3,42.893,-78.841,Theft
176334,179403,3,42.886,-78.814,Theft of Vehicle
176337,179406,3,42.835,-78.82,Breaking & Entering
176339,179408,3,42.879,-78.8,Theft of Vehicle
176342,179411,3,42.888,-78.836,Theft
176344,179413,3,42.857,-78.81,Theft of Vehicle
176363,179434,3,42.847,-78.833,Theft
176365,179436,3,42.899,-78.84,Assault
176371,179442,3,42.894,-78.831,Breaking & Entering
176388,179459,3,42.869,-78.833,Breaking & Entering
176394,179465,3,42.856,-78.81,Theft
176395,179466,3,42.897,-78.833,Theft
176398,179469,3,42.869,-78.846,Theft of Vehicle
176405,179476,3,42.837,-78.824,Breaking & Entering
176408,179479,3,42.86,-78.812,Theft of Vehicle
176410,179481,3,42.856,-78.829,Theft
176415,179486,3,42.867,-78.824,Assault
176421,179492,3,42.841,-78.824,Theft
176422,179493,3,42.89,-78.81,Theft of Vehicle
176425,179496,3,42.857,-78.812,Theft
176428,179499,3,42.877,-78.829,Theft
176432,179503,3,42.855,-78.827,Breaking & Entering
176444,179515,3,42.87,-78.81,Sexual Assault
176446,179517,3,42.865,-78.823,Assault
176449,179520,3,42.898,-78.818,Breaking & Entering
176468,179539,3,42.894,-78.822,Breaking & Entering
176471,179542,3,42.85,-78.823,Breaking & Entering
176473,179544,3,42.844,-78.829,Theft
176482,179553,3,42.89,-78.802,Assault
176493,179564,3,42.895,-78.83,Theft
176515,179587,3,42.846,-78.801,Theft
176530,179602,3,42.886,-78.841,Breaking & Entering
176533,179605,3,42.857,-78.803,Theft of Vehicle
176539,179611,3,42.886,-78.842,Theft
176544,179616,3,42.893,-78.837,Theft
176551,179623,3,42.858,-78.831,Theft
176552,179624,3,42.851,-78.823,Theft
176554,179626,3,42.897,-78.838,Theft
176555,179627,3,42.872,-78.811,Assault
176556,179628,3,42.85,-78.802,Breaking & Entering
176558,179630,3,42.897,-78.824,Theft
176565,179637,3,42.858,-78.806,Theft
176566,179638,3,42.896,-78.816,Theft
176567,179639,3,42.858,-78.813,Breaking & Entering
176571,179643,3,42.841,-78.805,Theft
176580,179652,3,42.848,-78.812,Theft
176596,179668,3,42.848,-78.812,Assault
176609,179682,3,42.838,-78.822,Breaking & Entering
176613,179686,3,42.851,-78.801,Breaking & Entering
176624,179697,3,42.896,-78.816,Theft
176627,179700,3,42.898,-78.835,Breaking & Entering
176628,179701,3,42.873,-78.804,Theft of Vehicle
176631,179704,3,42.887,-78.812,Theft
176638,179711,3,42.875,-78.85,Theft
176647,179720,3,42.89,-78.845,Assault
176654,179729,3,42.852,-78.827,Assault
176665,179740,3,42.87,-78.807,Theft
176667,179742,3,42.897,-78.814,Theft
176671,179746,3,42.889,-78.808,Theft
176672,179748,3,42.854,-78.828,Assault
176682,179758,3,42.878,-78.801,Theft
176683,179759,3,42.881,-78.839,Robbery
176684,179760,3,42.872,-78.812,Theft
176685,179761,3,42.874,-78.806,Theft
176686,179762,3,42.879,-78.813,Theft
176687,179763,3,42.843,-78.823,Other Sexual Offense
176691,179767,3,42.896,-78.821,Robbery
176692,179768,3,42.896,-78.841,Assault
176698,179774,3,42.885,-78.814,Breaking & Entering
176699,179775,3,42.894,-78.834,Theft of Vehicle
176703,179779,3,42.857,-78.808,Theft
176709,179785,3,42.851,-78.807,Theft
176711,179787,3,42.896,-78.833,Assault
176712,179788,3,42.848,-78.824,Sexual Offense
176719,179795,3,42.857,-78.812,Theft
176720,179796,3,42.852,-78.823,Breaking & Entering
176721,179797,3,42.871,-78.851,Theft
176722,179798,3,42.844,-78.827,Breaking & Entering
176728,179804,3,42.881,-78.835,Theft
176731,179807,3,42.894,-78.835,Theft
176732,179808,3,42.868,-78.846,Assault
176737,179813,3,42.858,-78.83,Theft of Vehicle
176741,179817,3,42.898,-78.839,Assault
176742,179818,3,42.896,-78.816,Assault
176753,179829,3,42.895,-78.83,Assault
176754,179830,3,42.837,-78.826,Assault
176756,179832,3,42.847,-78.824,Theft
176758,179834,3,42.873,-78.82,Assault
176760,179836,3,42.896,-78.815,Theft
176763,179839,3,42.89,-78.804,Assault
176766,179842,3,42.893,-78.839,Theft
176770,179846,3,42.899,-78.823,Assault
176774,179850,3,42.896,-78.814,Assault
176804,179881,3,42.895,-78.83,Theft
176806,179883,3,42.871,-78.834,Assault
176809,179886,3,42.869,-78.81,Breaking & Entering
176813,179890,3,42.877,-78.83,Assault
176815,179892,3,42.891,-78.83,Assault
176818,179895,3,42.863,-78.809,Theft
176819,179896,3,42.885,-78.805,Theft
176820,179897,3,42.896,-78.835,Robbery
176827,179904,3,42.854,-78.827,Theft
176841,179918,3,42.89,-78.832,Breaking & Entering
176846,179923,3,42.889,-78.817,Theft
176847,179924,3,42.871,-78.804,Theft
176848,179925,3,42.838,-78.804,Theft
176859,179936,3,42.87,-78.837,Theft
176860,179937,3,42.848,-78.824,Assault
176865,179942,3,42.898,-78.801,Theft of Vehicle
176867,179944,3,42.891,-78.833,Theft
176868,179945,3,42.895,-78.823,Assault
176871,179948,3,42.859,-78.814,Robbery
176872,179949,3,42.896,-78.832,Other Sexual Offense
176874,179951,3,42.867,-78.809,Breaking & Entering
176879,179957,3,42.898,-78.84,Theft
176882,179960,3,42.895,-78.828,Theft of Vehicle
176885,179963,3,42.848,-78.812,Theft
176887,179965,3,42.872,-78.803,Breaking & Entering
176890,179968,3,42.898,-78.819,Assault
176892,179970,3,42.893,-78.839,Assault
176894,179972,3,42.889,-78.84,Other Sexual Offense
176899,179977,3,42.879,-78.848,Assault
176902,179980,3,42.893,-78.838,Assault
176904,179982,3,42.876,-78.829,Breaking & Entering
176907,179985,3,42.863,-78.811,Theft
176910,179988,3,42.856,-78.813,Theft of Vehicle
176924,180003,3,42.854,-78.818,Breaking & Entering
176925,180004,3,42.886,-78.838,Theft
176927,180006,3,42.892,-78.844,Theft of Vehicle
176932,180011,3,42.879,-78.845,Assault
176934,180013,3,42.858,-78.831,Theft
176940,180019,3,42.879,-78.836,Theft
176943,180022,3,42.889,-78.839,Theft
176945,180024,3,42.895,-78.832,Breaking & Entering
176952,180031,3,42.872,-78.807,Theft
176954,180033,3,42.895,-78.829,Robbery
176955,180034,3,42.888,-78.838,Theft
176967,180046,3,42.898,-78.811,Theft
176972,180051,3,42.858,-78.831,Theft
176987,180066,3,42.841,-78.819,Breaking & Entering
176990,180069,3,42.885,-78.839,Theft
176994,180073,3,42.895,-78.83,Robbery
177001,180081,3,42.873,-78.811,Theft
177003,180083,3,42.852,-78.806,Breaking & Entering
177004,180084,3,42.843,-78.82,Breaking & Entering
177007,180087,3,42.899,-78.832,Breaking & Entering
177015,180095,3,42.872,-78.832,Robbery
177025,180105,3,42.866,-78.848,Assault
177029,180109,3,42.898,-78.839,Theft
177032,180112,3,42.857,-78.824,Theft
177044,180125,3,42.891,-78.807,Assault
177053,180134,3,42.892,-78.827,Breaking & Entering
177054,180135,3,42.873,-78.808,Breaking & Entering
177058,180139,3,42.847,-78.838,Breaking & Entering
177065,180147,3,42.882,-78.832,Theft
177072,180154,3,42.86,-78.822,Theft
177073,180155,3,42.896,-78.818,Theft of Vehicle
177081,180164,3,42.888,-78.805,Breaking & Entering
177084,180167,3,42.895,-78.807,Theft
177091,180174,3,42.854,-78.805,Theft
177106,180189,3,42.878,-78.814,Breaking & Entering
177109,180192,3,42.87,-78.834,Theft
177112,180195,3,42.836,-78.831,Theft of Vehicle
177122,180205,3,42.879,-78.841,Breaking & Entering
177129,180212,3,42.88,-78.802,Theft
177134,180217,3,42.899,-78.84,Breaking & Entering
177137,180220,3,42.892,-78.843,Robbery
177138,180221,3,42.857,-78.812,Assault
177141,180224,3,42.848,-78.824,Theft
177154,180237,3,42.848,-78.824,Theft
177155,180238,3,42.867,-78.837,Theft
177162,180245,3,42.895,-78.806,Breaking & Entering
177164,180247,3,42.843,-78.81,Theft
177168,180251,3,42.861,-78.81,Assault
177173,180257,3,42.856,-78.819,Theft
177177,180261,3,42.871,-78.832,Robbery
177179,180263,3,42.89,-78.802,Robbery
177180,180264,3,42.891,-78.807,Theft
177196,180280,3,42.854,-78.82,Theft
177197,180281,3,42.838,-78.829,Robbery
177201,180285,3,42.832,-78.808,Theft
177202,180286,3,42.87,-78.849,Assault
177213,180298,3,42.853,-78.824,Theft
177214,180300,3,42.851,-78.821,Theft
177221,180307,3,42.858,-78.813,Theft
177225,180311,3,42.896,-78.816,Theft
177245,180332,3,42.895,-78.83,Theft
177258,180345,3,42.888,-78.813,Theft
177269,180356,3,42.896,-78.824,Theft
177273,180360,3,42.835,-78.823,Theft
177277,180364,3,42.881,-78.801,Theft
177278,180365,3,42.863,-78.818,Assault
177291,180378,3,42.878,-78.84,Theft
177294,180381,3,42.893,-78.827,Theft
177295,180382,3,42.845,-78.825,Assault
177298,180385,3,42.84,-78.818,Theft
177305,180392,3,42.895,-78.829,Theft of Vehicle
177313,180400,3,42.842,-78.816,Breaking & Entering
177324,180411,3,42.855,-78.824,Breaking & Entering
177327,180414,3,42.854,-78.811,Theft
177328,180415,3,42.885,-78.823,Theft
177329,180416,3,42.845,-78.836,Theft
177333,180420,3,42.898,-78.819,Theft
177334,180421,3,42.897,-78.805,Breaking & Entering
177342,180429,3,42.888,-78.814,Theft
177344,180431,3,42.848,-78.832,Breaking & Entering
177346,180433,3,42.89,-78.802,Assault
177349,180436,3,42.891,-78.833,Assault
177352,180439,3,42.838,-78.808,Theft
177361,180448,3,42.873,-78.826,Breaking & Entering
177372,180459,3,42.853,-78.807,Theft
177373,180460,3,42.851,-78.801,Breaking & Entering
177374,180461,3,42.87,-78.832,Assault
177377,180464,3,42.869,-78.837,Assault
177382,180469,3,42.899,-78.814,Assault
177387,180474,3,42.851,-78.802,Theft
177399,180486,3,42.898,-78.82,Assault
177403,180490,3,42.896,-78.818,Robbery
177405,180492,3,42.847,-78.828,Theft
177416,180503,3,42.884,-78.844,Theft
177424,180511,3,42.887,-78.845,Assault
177430,180517,3,42.855,-78.833,Breaking & Entering
177436,180523,3,42.889,-78.835,Theft
177438,180525,3,42.875,-78.826,Assault
177439,180526,3,42.857,-78.811,Assault
177448,180535,3,42.89,-78.836,Breaking & Entering
177458,180545,3,42.858,-78.827,Assault
177460,180547,3,42.833,-78.824,Assault
177465,180552,3,42.892,-78.824,Breaking & Entering
177468,180555,3,42.841,-78.824,Assault
177471,180558,3,42.897,-78.816,Theft
177479,180567,3,42.891,-78.836,Assault
177484,180572,3,42.894,-78.83,Theft
177490,180578,3,42.891,-78.832,Breaking & Entering
177497,180585,3,42.853,-78.823,Robbery
177499,180587,3,42.897,-78.805,Theft
177504,180592,3,42.852,-78.808,Breaking & Entering
177507,180595,3,42.858,-78.831,Theft
177509,180597,3,42.856,-78.826,Assault
177512,180600,3,42.877,-78.803,Breaking & Entering
177513,180601,3,42.872,-78.842,Theft of Vehicle
177515,180603,3,42.857,-78.808,Theft
177529,180617,3,42.88,-78.841,Robbery
177536,180624,3,42.873,-78.802,Assault
177538,180626,3,42.892,-78.834,Theft
177541,180629,3,42.873,-78.844,Assault
177550,180638,3,42.881,-78.84,Breaking & Entering
177554,180642,3,42.881,-78.843,Assault
177564,180653,3,42.852,-78.803,Theft
177566,180655,3,42.896,-78.826,Assault
177569,180658,3,42.849,-78.823,Breaking & Entering
177570,180659,3,42.859,-78.825,Theft
177573,180662,3,42.854,-78.83,Breaking & Entering
177577,180666,3,42.86,-78.825,Theft
177580,180669,3,42.858,-78.831,Theft
177581,180670,3,42.872,-78.813,Theft
177588,180677,3,42.89,-78.832,Assault
177598,180688,3,42.899,-78.84,Assault
177599,180689,3,42.852,-78.83,Theft
177606,180696,3,42.866,-78.849,Breaking & Entering
177612,180702,3,42.873,-78.805,Theft
177617,180707,3,42.897,-78.819,Assault
177621,180711,3,42.842,-78.829,Assault
177622,180712,3,42.852,-78.827,Theft
177636,180726,3,42.851,-78.805,Theft
177641,180731,3,42.893,-78.841,Assault
177642,180732,3,42.846,-78.824,Theft
177647,180737,3,42.887,-78.811,Other Sexual Offense
177657,180747,3,42.863,-78.819,Theft
177660,180750,3,42.858,-78.813,Breaking & Entering
177661,180751,3,42.854,-78.808,Theft of Vehicle
177662,180752,3,42.878,-78.84,Assault
177663,180753,3,42.852,-78.824,Breaking & Entering
177666,180756,3,42.849,-78.811,Theft
177671,180761,3,42.858,-78.831,Assault
177674,180764,3,42.892,-78.844,Theft
177676,180766,3,42.888,-78.8,Assault
177684,180775,3,42.841,-78.825,Theft of Vehicle
177687,180778,3,42.893,-78.839,Theft
177695,180787,3,42.888,-78.808,Theft
177697,180789,3,42.841,-78.81,Theft
177698,180790,3,42.871,-78.829,Theft
177700,180792,3,42.852,-78.818,Theft
177705,180797,3,42.89,-78.845,Robbery
177709,180801,3,42.87,-78.856,Breaking & Entering
177727,180819,3,42.836,-78.825,Theft
177730,180823,3,42.878,-78.843,Theft of Vehicle
177736,180829,3,42.886,-78.808,Theft
177746,180839,3,42.889,-78.815,Assault
177748,180841,3,42.839,-78.857,Assault
177754,180847,3,42.868,-78.846,Breaking & Entering
177763,180856,3,42.853,-78.803,Breaking & Entering
177772,180865,3,42.849,-78.803,Breaking & Entering
177784,180877,3,42.866,-78.826,Robbery
177785,180878,3,42.833,-78.824,Theft
177787,180880,3,42.877,-78.846,Assault
177794,180887,3,42.891,-78.834,Breaking & Entering
177795,180888,3,42.889,-78.817,Breaking & Entering
177805,180899,3,42.885,-78.807,Assault
177824,180918,3,42.892,-78.84,Theft
177827,180921,3,42.89,-78.833,Theft of Vehicle
177833,180927,3,42.841,-78.818,Theft
177835,180929,3,42.845,-78.823,Breaking & Entering
177843,180937,3,42.89,-78.837,Assault
177844,180938,3,42.878,-78.801,Theft
177860,180954,3,42.855,-78.833,Other Sexual Offense
177861,180955,3,42.833,-78.823,Theft
177867,180961,3,42.85,-78.824,Assault
177873,180967,3,42.892,-78.815,Theft
177878,180972,3,42.857,-78.805,Theft
177879,180973,3,42.886,-78.844,Theft
177887,180981,3,42.84,-78.813,Theft of Vehicle
177891,180985,3,42.847,-78.824,Theft
177892,180986,3,42.85,-78.803,Theft
177897,180991,3,42.889,-78.836,Theft
177906,181000,3,42.87,-78.8,Breaking & Entering
177915,181009,3,42.895,-78.836,Breaking & Entering
177916,181010,3,42.857,-78.833,Breaking & Entering
177926,181020,3,42.892,-78.834,Robbery
177932,181026,3,42.87,-78.804,Theft of Vehicle
177946,181040,3,42.891,-78.833,Assault
177953,181047,3,42.895,-78.829,Theft of Vehicle
177960,181054,3,42.898,-78.817,Theft of Vehicle
177964,181058,3,42.869,-78.85,Assault
177971,181065,3,42.851,-78.818,Breaking & Entering
177981,181075,3,42.898,-78.807,Theft
177982,181076,3,42.893,-78.837,Theft
177984,181078,3,42.873,-78.809,Assault
177995,181089,3,42.896,-78.824,Robbery
177996,181090,3,42.887,-78.8,Assault
177999,181093,3,42.886,-78.837,Assault
178002,181096,3,42.872,-78.815,Theft
178003,181097,3,42.896,-78.82,Theft
178015,181109,3,42.886,-78.842,Assault
178019,181113,3,42.872,-78.838,Theft
178023,181117,3,42.892,-78.832,Theft
178024,181118,3,42.898,-78.814,Assault
178036,181131,3,42.896,-78.824,Assault
178038,181133,3,42.889,-78.808,Theft
178039,181134,3,42.859,-78.809,Breaking & Entering
178043,181138,3,42.85,-78.803,Assault
178044,181139,3,42.853,-78.832,Breaking & Entering
178054,181150,3,42.841,-78.824,Theft
178064,181160,3,42.891,-78.83,Assault
178070,181166,3,42.86,-78.815,Theft
178071,181167,3,42.839,-78.81,Sexual Assault
178083,181179,3,42.866,-78.847,Theft of Vehicle
178093,181189,3,42.875,-78.804,Theft of Vehicle
178109,181205,3,42.887,-78.837,Assault
178115,181211,3,42.836,-78.807,Assault
178127,181223,3,42.837,-78.809,Theft
178130,181226,3,42.87,-78.828,Assault
178136,181232,3,42.854,-78.818,Theft of Vehicle
178138,181234,3,42.857,-78.808,Assault
178141,181237,3,42.895,-78.829,Theft
178147,181244,3,42.895,-78.82,Theft
178164,181261,3,42.85,-78.827,Theft
178178,181275,3,42.893,-78.827,Theft
178184,181281,3,42.895,-78.829,Theft
178185,181282,3,42.89,-78.801,Robbery
178188,181285,3,42.872,-78.821,Robbery
178189,181286,3,42.849,-78.814,Theft
178195,181292,3,42.874,-78.826,Breaking & Entering
178196,181293,3,42.891,-78.806,Assault
178199,181296,3,42.862,-78.812,Assault
178200,181297,3,42.896,-78.827,Assault
178201,181298,3,42.858,-78.831,Assault
178206,181303,3,42.898,-78.834,Breaking & Entering
178221,181318,3,42.892,-78.844,Theft
178225,181322,3,42.866,-78.823,Assault
178232,181329,3,42.891,-78.837,Assault
178233,181330,3,42.872,-78.809,Theft of Vehicle
178234,181331,3,42.887,-78.815,Assault
178242,181339,3,42.884,-78.829,Breaking & Entering
178249,181346,3,42.855,-78.826,Theft
178264,181362,3,42.896,-78.826,Robbery
178265,181363,3,42.897,-78.819,Theft
178274,181372,3,42.859,-78.815,Assault
178275,181373,3,42.857,-78.829,Breaking & Entering
178289,181387,3,42.895,-78.808,Breaking & Entering
178306,181404,3,42.877,-78.842,Theft
178307,181405,3,42.866,-78.823,Robbery
178308,181406,3,42.895,-78.835,Breaking & Entering
178310,181408,3,42.895,-78.837,Breaking & Entering
178315,181413,3,42.862,-78.814,Assault
178319,181417,3,42.898,-78.831,Assault
178324,181422,3,42.893,-78.836,Breaking & Entering
178331,181429,3,42.89,-78.834,Theft of Vehicle
178332,181430,3,42.869,-78.824,Theft of Vehicle
178335,181433,3,42.895,-78.836,Breaking & Entering
178340,181438,3,42.857,-78.826,Breaking & Entering
178342,181440,3,42.89,-78.804,Assault
178344,181442,3,42.871,-78.811,Theft
178357,181455,3,42.872,-78.803,Theft
178364,181462,3,42.857,-78.835,Theft
178377,181475,3,42.897,-78.836,Theft
178381,181479,3,42.897,-78.819,Assault
178385,181483,3,42.891,-78.836,Theft
178386,181484,3,42.865,-78.825,Breaking & Entering
178395,181493,3,42.872,-78.832,Assault
178396,181494,3,42.896,-78.841,Theft
178410,181508,3,42.873,-78.853,Theft of Vehicle
178413,181511,3,42.891,-78.814,Theft
178424,181523,3,42.842,-78.821,Theft
178427,181526,3,42.896,-78.824,Robbery
178441,181540,3,42.847,-78.855,Theft
178449,181548,3,42.878,-78.834,Breaking & Entering
178452,181551,3,42.889,-78.845,Breaking & Entering
178454,181553,3,42.837,-78.824,Assault
178457,181556,3,42.892,-78.83,Theft
178463,181562,3,42.834,-78.824,Theft
178468,181567,3,42.869,-78.846,Theft
178480,181580,3,42.872,-78.805,Theft
178481,181581,3,42.858,-78.814,Theft
178488,181588,3,42.892,-78.823,Theft
178490,181590,3,42.888,-78.808,Assault
178493,181593,3,42.896,-78.838,Breaking & Entering
178494,181594,3,42.862,-78.816,Sexual Assault
178499,181599,3,42.889,-78.808,Theft
178505,181605,3,42.871,-78.834,Breaking & Entering
178521,181622,3,42.845,-78.812,Assault
178524,181625,3,42.892,-78.824,Sexual Assault
178533,181634,3,42.867,-78.805,Theft
178537,181638,3,42.871,-78.851,Theft
178538,181639,3,42.89,-78.835,Breaking & Entering
178541,181642,3,42.858,-78.832,Assault
178549,181650,3,42.864,-78.819,Assault
178551,181652,3,42.852,-78.832,Theft of Vehicle
178565,181666,3,42.845,-78.818,Theft
178580,181681,3,42.87,-78.835,Theft of Vehicle
178583,181684,3,42.84,-78.808,Theft
178590,181691,3,42.897,-78.831,Assault
178601,181702,3,42.835,-78.807,Theft
178617,181718,3,42.885,-78.839,Theft of Vehicle
178618,181719,3,42.858,-78.831,Theft
178622,181723,3,42.885,-78.807,Assault
178630,181731,3,42.894,-78.82,Assault
178640,181741,3,42.861,-78.82,Theft of Vehicle
178642,181743,3,42.897,-78.813,Assault
178653,181754,3,42.858,-78.831,Assault
178659,181760,3,42.871,-78.812,Breaking & Entering
178662,181763,3,42.85,-78.821,Theft
178667,181768,3,42.895,-78.835,Breaking & Entering
178679,181780,3,42.886,-78.843,Breaking & Entering
178681,181782,3,42.896,-78.832,Theft of Vehicle
178685,181786,3,42.897,-78.819,Theft
178688,181789,3,42.847,-78.825,Theft
178699,181800,3,42.894,-78.807,Theft
178703,181804,3,42.846,-78.82,Theft
178704,181805,3,42.838,-78.805,Assault
178716,181817,3,42.857,-78.833,Assault
178722,181823,3,42.852,-78.805,Theft
178724,181825,3,42.856,-78.812,Theft
178739,181840,3,42.868,-78.851,Theft of Vehicle
178743,181845,3,42.885,-78.839,Robbery
178752,181854,3,42.889,-78.815,Theft
178756,181858,3,42.886,-78.8,Theft
178759,181861,3,42.894,-78.822,Breaking & Entering
178760,181862,3,42.871,-78.802,Theft
178762,181864,3,42.871,-78.83,Theft
178775,181877,3,42.892,-78.834,Theft
178776,181878,3,42.892,-78.813,Assault
178783,181885,3,42.89,-78.806,Theft
178788,181890,3,42.895,-78.822,Robbery
178797,181899,3,42.86,-78.825,Theft
178802,181904,3,42.893,-78.84,Breaking & Entering
178812,181914,3,42.896,-78.83,Breaking & Entering
178817,181919,3,42.876,-78.846,Breaking & Entering
178818,181920,3,42.896,-78.8,Theft
178823,181926,3,42.85,-78.803,Assault
178827,181930,3,42.853,-78.823,Theft
178829,181932,3,42.896,-78.826,Breaking & Entering
178830,181933,3,42.891,-78.824,Breaking & Entering
178834,181937,3,42.858,-78.814,Theft
178835,181938,3,42.894,-78.835,Assault
178836,181939,3,42.858,-78.814,Theft
178842,181946,3,42.882,-78.835,Theft
178857,181961,3,42.885,-78.823,Theft
178858,181962,3,42.872,-78.818,Theft
178860,181964,3,42.889,-78.837,Assault
178864,181968,3,42.896,-78.824,Theft
178870,181974,3,42.854,-78.807,Theft
178886,181990,3,42.891,-78.809,Theft of Vehicle
178889,181993,3,42.856,-78.805,Theft
178892,181996,3,42.871,-78.833,Theft of Vehicle
178895,181999,3,42.862,-78.814,Breaking & Entering
178896,182000,3,42.875,-78.827,Assault
178899,182003,3,42.854,-78.809,Theft
178902,182006,3,42.892,-78.807,Theft
178911,182015,3,42.865,-78.825,Robbery
178920,182025,3,42.851,-78.821,Theft of Vehicle
178933,182038,3,42.867,-78.824,Robbery
178934,182039,3,42.894,-78.822,Breaking & Entering
178936,182041,3,42.846,-78.81,Theft
178951,182056,3,42.857,-78.813,Other Sexual Offense
178953,182058,3,42.855,-78.809,Theft
178956,182061,3,42.896,-78.836,Robbery
178959,182064,3,42.87,-78.834,Robbery
178965,182071,3,42.878,-78.836,Breaking & Entering
178968,182074,3,42.846,-78.82,Breaking & Entering
178977,182083,3,42.895,-78.83,Assault
178983,182089,3,42.884,-78.848,Theft
178984,182090,3,42.893,-78.839,Robbery
178986,182092,3,42.894,-78.836,Theft
178992,182098,3,42.894,-78.832,Assault
179001,182108,3,42.886,-78.84,Theft
179019,182126,3,42.895,-78.833,Breaking & Entering
179023,182131,3,42.868,-78.847,Theft
179025,182133,3,42.866,-78.829,Theft
179032,182140,3,42.831,-78.824,Theft
179035,182143,3,42.859,-78.811,Breaking & Entering
179037,182145,3,42.85,-78.83,Theft of Vehicle
179042,182150,3,42.867,-78.857,Theft
179050,182158,3,42.858,-78.816,Theft
179061,182169,3,42.886,-78.841,Breaking & Entering
179069,182177,3,42.855,-78.809,Assault
179076,182184,3,42.849,-78.827,Breaking & Entering
179086,182194,3,42.833,-78.824,Assault
179089,182197,3,42.873,-78.82,Robbery
179091,182199,3,42.839,-78.824,Theft
179093,182201,3,42.846,-78.814,Assault
179100,182208,3,42.857,-78.812,Theft
179101,182209,3,42.893,-78.824,Breaking & Entering
179106,182214,3,42.858,-78.83,Theft
179109,182217,3,42.833,-78.819,Assault
179115,182223,3,42.872,-78.804,Assault
179118,182226,3,42.867,-78.849,Theft of Vehicle
179127,182235,3,42.897,-78.817,Theft
179131,182239,3,42.885,-78.803,Theft
179133,182241,3,42.871,-78.835,Theft
179146,182254,3,42.854,-78.815,Breaking & Entering
179160,182268,3,42.888,-78.811,Theft
179168,182276,3,42.881,-78.835,Theft
179173,182281,3,42.897,-78.838,Breaking & Entering
179175,182283,3,42.833,-78.824,Theft
179187,182295,3,42.886,-78.843,Theft
179193,182301,3,42.87,-78.836,Theft
179196,182304,3,42.848,-78.808,Assault
179203,182311,3,42.86,-78.81,Theft
179205,182313,3,42.889,-78.807,Breaking & Entering
179207,182315,3,42.848,-78.824,Assault
179214,182322,3,42.887,-78.808,Theft
179218,182326,3,42.846,-78.859,Theft
179233,182341,3,42.896,-78.823,Theft
179237,182345,3,42.86,-78.825,Theft
179243,182351,3,42.841,-78.826,Theft of Vehicle
179246,182354,3,42.895,-78.824,Theft
179252,182361,3,42.844,-78.828,Assault
179260,182371,3,42.885,-78.84,Breaking & Entering
179263,182374,3,42.896,-78.836,Breaking & Entering
179265,182376,3,42.848,-78.827,Assault
179272,182383,3,42.873,-78.801,Assault
179277,182388,3,42.899,-78.81,Theft
179281,182392,3,42.898,-78.807,Theft
179286,182397,3,42.898,-78.839,Assault
179287,182398,3,42.89,-78.836,Assault
179293,182404,3,42.872,-78.806,Theft
179295,182406,3,42.838,-78.81,Breaking & Entering
179299,182410,3,42.893,-78.833,Robbery
179310,182421,3,42.893,-78.838,Theft
179314,182425,3,42.847,-78.815,Theft
179320,182431,3,42.886,-78.802,Theft
179323,182435,3,42.898,-78.831,Assault
179327,182439,3,42.856,-78.829,Breaking & Entering
179341,182453,3,42.848,-78.801,Assault
179351,182464,3,42.844,-78.824,Sexual Assault
179355,182468,3,42.894,-78.841,Assault
179363,182477,3,42.897,-78.82,Breaking & Entering
179365,182479,3,42.893,-78.826,Theft
179369,182483,3,42.895,-78.83,Theft of Vehicle
179370,182484,3,42.866,-78.821,Theft
179373,182487,3,42.859,-78.812,Breaking & Entering
179375,182489,3,42.896,-78.824,Theft
179381,182496,3,42.844,-78.829,Robbery
179386,182501,3,42.891,-78.809,Theft
179397,182512,3,42.87,-78.848,Breaking & Entering
179402,182517,3,42.89,-78.8,Assault
179415,182530,3,42.852,-78.808,Breaking & Entering
179420,182535,3,42.896,-78.806,Breaking & Entering
179424,182539,3,42.886,-78.81,Theft
179426,182541,3,42.895,-78.827,Assault
179428,182543,3,42.838,-78.824,Sexual Assault
179429,182544,3,42.887,-78.801,Theft
179441,182556,3,42.855,-78.828,Theft
179447,182562,3,42.853,-78.82,Theft
179448,182563,3,42.878,-78.837,Robbery
179466,182581,3,42.898,-78.807,Theft
179472,182587,3,42.877,-78.828,Theft
179485,182600,3,42.858,-78.831,Theft
179486,182601,3,42.838,-78.808,Theft
179495,182610,3,42.869,-78.849,Assault
179506,182621,3,42.835,-78.823,Assault
179508,182623,3,42.858,-78.831,Theft
179513,182628,3,42.862,-78.817,Theft
179514,182629,3,42.873,-78.811,Theft
179516,182631,3,42.889,-78.808,Theft of Vehicle
179520,182635,3,42.887,-78.845,Theft
179524,182639,3,42.894,-78.821,Breaking & Entering
179531,182646,3,42.841,-78.824,Theft
179534,182649,3,42.875,-78.85,Theft
179542,182657,3,42.88,-78.837,Theft
179551,182666,3,42.847,-78.812,Theft
179554,182669,3,42.86,-78.825,Theft
179555,182670,3,42.876,-78.804,Theft
179560,182675,3,42.89,-78.804,Assault
179566,182682,3,42.877,-78.834,Theft
179571,182687,3,42.893,-78.837,Theft
179577,182695,3,42.891,-78.841,Theft
179579,182697,3,42.86,-78.825,Theft of Vehicle
179581,182699,3,42.882,-78.84,Assault
179584,182702,3,42.897,-78.803,Theft
179595,182713,3,42.898,-78.8,Assault
179599,182717,3,42.842,-78.819,Theft of Vehicle
179604,182723,3,42.872,-78.807,Theft
179606,182725,3,42.853,-78.801,Theft
179615,182734,3,42.872,-78.8,Theft
179647,182766,3,42.895,-78.82,Robbery
179658,182777,3,42.849,-78.814,Theft
179694,182813,3,42.851,-78.802,Theft of Vehicle
179695,182814,3,42.857,-78.829,Robbery
179700,182819,3,42.848,-78.82,Theft of Vehicle
179702,182821,3,42.848,-78.824,Assault
179706,182825,3,42.896,-78.816,Other Sexual Offense
179709,182828,3,42.851,-78.805,Theft
179713,182832,3,42.871,-78.811,Breaking & Entering
179716,182835,3,42.857,-78.811,Breaking & Entering
179723,182842,3,42.892,-78.827,Breaking & Entering
179726,182845,3,42.859,-78.812,Breaking & Entering
179731,182850,3,42.875,-78.809,Theft
179743,182862,3,42.859,-78.828,Theft
179763,182882,3,42.878,-78.851,Breaking & Entering
179765,182884,3,42.837,-78.826,Assault
179766,182885,3,42.845,-78.823,Homicide
179767,182886,3,42.888,-78.814,Theft
179775,182894,3,42.85,-78.822,Theft
179778,182897,3,42.898,-78.817,Assault
179783,182902,3,42.878,-78.802,Theft
179789,182908,3,42.899,-78.81,Theft
179790,182909,3,42.854,-78.828,Breaking & Entering
179795,182914,3,42.832,-78.811,Theft
179796,182915,3,42.87,-78.829,Breaking & Entering
179801,182920,3,42.873,-78.837,Theft
179802,182921,3,42.89,-78.845,Breaking & Entering
179807,182926,3,42.896,-78.801,Theft
179809,182928,3,42.839,-78.858,Assault
179811,182930,3,42.848,-78.823,Breaking & Entering
179812,182931,3,42.837,-78.815,Assault
179814,182933,3,42.88,-78.814,Theft
179819,182938,3,42.885,-78.839,Theft
179821,182940,3,42.889,-78.808,Theft
179826,182946,3,42.851,-78.804,Robbery
179832,182952,3,42.853,-78.807,Robbery
179842,182962,3,42.852,-78.823,Assault
179850,182970,3,42.853,-78.807,Theft
179858,182978,3,42.893,-78.841,Assault
179864,182984,3,42.866,-78.858,Breaking & Entering
179871,182991,3,42.888,-78.813,Assault
179876,182996,3,42.894,-78.824,Breaking & Entering
179881,183001,3,42.897,-78.833,Theft
179899,183019,3,42.861,-78.818,Assault
179907,183027,3,42.852,-78.805,Theft
179910,183030,3,42.87,-78.834,Theft
179912,183032,3,42.897,-78.818,Theft
179927,183047,3,42.89,-78.803,Robbery
179950,183070,3,42.888,-78.838,Breaking & Entering
179951,183071,3,42.892,-78.84,Assault
179957,183077,3,42.868,-78.809,Theft of Vehicle
179962,183082,3,42.88,-78.834,Theft
179966,183086,3,42.883,-78.833,Sexual Assault
179967,183087,3,42.854,-78.833,Theft
179984,183104,3,42.838,-78.808,Theft
179989,183109,3,42.85,-78.803,Assault
179991,183111,3,42.883,-78.827,Theft
179993,183113,3,42.899,-78.816,Assault
180000,183120,3,42.865,-78.807,Theft
180001,183121,3,42.895,-78.829,Theft
180016,183137,3,42.843,-78.822,Breaking & Entering
180044,183166,3,42.894,-78.835,Assault
180047,183169,3,42.857,-78.812,Theft
180048,183170,3,42.873,-78.807,Theft
180051,183173,3,42.895,-78.809,Assault
180063,183185,3,42.855,-78.81,Theft
180074,183196,3,42.896,-78.824,Theft
180076,183198,3,42.875,-78.805,Theft
180078,183200,3,42.851,-78.802,Theft
180083,183205,3,42.833,-78.805,Breaking & Entering
180084,183206,3,42.837,-78.824,Theft
180086,183208,3,42.855,-78.81,Breaking & Entering
180087,183209,3,42.85,-78.803,Assault
180090,183212,3,42.881,-78.801,Theft
180091,183213,3,42.855,-78.827,Assault
180092,183214,3,42.87,-78.804,Breaking & Entering
180101,183223,3,42.886,-78.8,Theft
180108,183231,3,42.883,-78.836,Robbery
180109,183232,3,42.896,-78.816,Breaking & Entering
180125,183248,3,42.889,-78.812,Theft
180157,183280,3,42.847,-78.814,Theft
180159,183282,3,42.873,-78.825,Assault
180162,183285,3,42.847,-78.824,Theft
180171,183294,3,42.893,-78.841,Theft
180177,183300,3,42.858,-78.826,Theft
180187,183310,3,42.875,-78.802,Theft
180192,183315,3,42.862,-78.811,Theft of Vehicle
180198,183321,3,42.878,-78.836,Robbery
180201,183324,3,42.882,-78.842,Assault
180203,183326,3,42.897,-78.834,Theft
180207,183330,3,42.849,-78.822,Breaking & Entering
180226,183350,3,42.891,-78.831,Breaking & Entering
180232,183356,3,42.888,-78.839,Robbery
180235,183359,3,42.887,-78.841,Assault
180238,183362,3,42.89,-78.815,Theft
180243,183367,3,42.856,-78.832,Assault
180244,183368,3,42.874,-78.825,Theft
180251,183375,3,42.878,-78.834,Breaking & Entering
180253,183377,3,42.871,-78.835,Robbery
180257,183381,3,42.88,-78.833,Assault
180266,183390,3,42.889,-78.839,Breaking & Entering
180267,183391,3,42.884,-78.839,Theft of Vehicle
180270,183394,3,42.895,-78.827,Breaking & Entering
180271,183395,3,42.863,-78.821,Theft
180274,183398,3,42.854,-78.824,Breaking & Entering
180277,183401,3,42.853,-78.827,Assault
180279,183403,3,42.869,-78.831,Assault
180283,183407,3,42.89,-78.811,Theft
180287,183411,3,42.89,-78.835,Theft
180293,183417,3,42.898,-78.836,Theft
180294,183418,3,42.891,-78.814,Assault
180296,183420,3,42.881,-78.841,Theft
180297,183421,3,42.868,-78.808,Breaking & Entering
180298,183422,3,42.851,-78.802,Assault
180300,183424,3,42.851,-78.803,Theft
180310,183434,3,42.893,-78.839,Theft
180319,183443,3,42.853,-78.806,Theft of Vehicle
180322,183446,3,42.855,-78.833,Breaking & Entering
180327,183452,3,42.851,-78.83,Breaking & Entering
180335,183460,3,42.834,-78.824,Breaking & Entering
180349,183474,3,42.896,-78.837,Assault
180352,183477,3,42.842,-78.817,Breaking & Entering
180365,183490,3,42.854,-78.828,Theft
180370,183495,3,42.846,-78.81,Theft
180371,183496,3,42.893,-78.837,Theft
180372,183497,3,42.872,-78.825,Theft
180374,183499,3,42.847,-78.832,Theft
180375,183500,3,42.858,-78.81,Assault
180376,183502,3,42.886,-78.82,Assault
180377,183503,3,42.892,-78.809,Breaking & Entering
180381,183507,3,42.856,-78.833,Assault
180383,183509,3,42.897,-78.82,Breaking & Entering
180389,183515,3,42.854,-78.819,Assault
180391,183517,3,42.849,-78.822,Breaking & Entering
180395,183521,3,42.893,-78.831,Breaking & Entering
180399,183525,3,42.855,-78.827,Assault
180401,183527,3,42.848,-78.815,Breaking & Entering
180407,183533,3,42.86,-78.825,Theft
180411,183537,3,42.847,-78.821,Theft
180415,183541,3,42.896,-78.832,Breaking & Entering
180416,183542,3,42.899,-78.818,Assault
180424,183550,3,42.896,-78.818,Theft
180437,183563,3,42.87,-78.809,Assault
180440,183566,3,42.872,-78.844,Breaking & Entering
180446,183572,3,42.898,-78.803,Theft
180449,183575,3,42.835,-78.802,Theft
180450,183576,3,42.856,-78.812,Theft
180461,183587,3,42.86,-78.815,Sexual Assault
180463,183589,3,42.852,-78.804,Theft
180469,183595,3,42.871,-78.81,Theft
180472,183598,3,42.88,-78.849,Theft
180474,183600,3,42.843,-78.823,Theft of Vehicle
180476,183602,3,42.898,-78.817,Assault
180478,183604,3,42.879,-78.802,Theft
180482,183608,3,42.885,-78.839,Robbery
180483,183609,3,42.892,-78.834,Assault
180488,183614,3,42.867,-78.847,Assault
180494,183620,3,42.837,-78.809,Theft
180495,183621,3,42.895,-78.83,Assault
180498,183624,3,42.868,-78.807,Assault
180499,183625,3,42.897,-78.841,Robbery
180516,183642,3,42.854,-78.837,Theft of Vehicle
180524,183650,3,42.893,-78.809,Breaking & Entering
180532,183658,3,42.885,-78.842,Theft
180538,183664,3,42.882,-78.839,Theft
180539,183665,3,42.873,-78.842,Breaking & Entering
180540,183666,3,42.856,-78.82,Theft
180543,183669,3,42.897,-78.838,Breaking & Entering
180544,183670,3,42.875,-78.806,Breaking & Entering
180546,183672,3,42.894,-78.82,Assault
180547,183673,3,42.852,-78.802,Breaking & Entering
180562,183688,3,42.876,-78.83,Assault
180583,183710,3,42.851,-78.804,Robbery
180598,183725,3,42.854,-78.807,Breaking & Entering
180600,183727,3,42.856,-78.809,Assault
180605,183732,3,42.896,-78.825,Robbery
180609,183736,3,42.878,-78.801,Theft
180611,183738,3,42.837,-78.814,Theft
180620,183747,3,42.876,-78.827,Assault
180621,183748,3,42.891,-78.831,Assault
180627,183754,3,42.884,-78.814,Theft
180628,183755,3,42.869,-78.848,Breaking & Entering
180633,183760,3,42.846,-78.821,Assault
180634,183761,3,42.85,-78.826,Theft
180645,183772,3,42.838,-78.808,Theft
180648,183775,3,42.89,-78.835,Other Sexual Offense
180649,183776,3,42.858,-78.809,Breaking & Entering
180652,183779,3,42.889,-78.808,Theft
180668,183795,3,42.892,-78.805,Theft
180670,183797,3,42.84,-78.803,Theft
180676,183803,3,42.863,-78.821,Theft of Vehicle
180677,183804,3,42.881,-78.836,Assault
180680,183808,3,42.877,-78.851,Breaking & Entering
180681,183809,3,42.856,-78.809,Assault
180683,183811,3,42.841,-78.814,Theft
180690,183819,3,42.859,-78.86,Theft of Vehicle
180693,183822,3,42.853,-78.83,Theft
180710,183839,3,42.893,-78.839,Theft
180716,183845,3,42.871,-78.816,Theft
180721,183850,3,42.87,-78.808,Assault
180724,183853,3,42.843,-78.82,Breaking & Entering
180728,183857,3,42.885,-78.839,Theft
180731,183860,3,42.863,-78.821,Assault
180732,183861,3,42.891,-78.809,Assault
180740,183869,3,42.855,-78.82,Theft
180744,183873,3,42.879,-78.842,Assault
180753,183882,3,42.892,-78.829,Theft of Vehicle
180754,183883,3,42.899,-78.836,Breaking & Entering
180757,183886,3,42.845,-78.831,Theft
180761,183890,3,42.886,-78.819,Theft
180762,183891,3,42.869,-78.848,Assault
180765,183894,3,42.899,-78.84,Assault
180771,183900,3,42.889,-78.813,Breaking & Entering
180777,183906,3,42.871,-78.837,Breaking & Entering
180781,183910,3,42.858,-78.823,Breaking & Entering
180792,183921,3,42.889,-78.837,Breaking & Entering
180795,183924,3,42.85,-78.828,Assault
180797,183926,3,42.863,-78.819,Theft
180798,183927,3,42.848,-78.824,Assault
180802,183931,3,42.858,-78.803,Theft of Vehicle
180805,183934,3,42.844,-78.825,Theft of Vehicle
180808,183937,3,42.897,-78.817,Assault
180817,183946,3,42.897,-78.823,Theft
180820,183949,3,42.871,-78.834,Assault
180824,183953,3,42.861,-78.819,Theft of Vehicle
180825,183954,3,42.875,-78.846,Theft
180828,183957,3,42.854,-78.814,Breaking & Entering
180829,183958,3,42.898,-78.824,Breaking & Entering
180830,183959,3,42.889,-78.811,Breaking & Entering
180831,183960,3,42.895,-78.83,Theft
180834,183963,3,42.881,-78.801,Assault
180837,183966,3,42.871,-78.844,Assault
180843,183972,3,42.88,-78.841,Breaking & Entering
180850,183979,3,42.856,-78.828,Breaking & Entering
180852,183981,3,42.897,-78.817,Robbery
180858,183987,3,42.85,-78.803,Theft
180862,183991,3,42.86,-78.816,Theft
180865,183994,3,42.89,-78.838,Theft
180866,183995,3,42.883,-78.8,Breaking & Entering
180873,184002,3,42.858,-78.813,Theft
180875,184004,3,42.897,-78.838,Theft
180876,184005,3,42.892,-78.824,Homicide
180877,184006,3,42.896,-78.815,Assault
180881,184010,3,42.894,-78.835,Robbery
180886,184015,3,42.892,-78.813,Theft
180893,184022,3,42.852,-78.824,Assault
180895,184024,3,42.898,-78.801,Theft
180896,184025,3,42.899,-78.833,Theft
180905,184034,3,42.88,-78.814,Theft
180911,184040,3,42.872,-78.807,Assault
180919,184049,3,42.879,-78.841,Breaking & Entering
180920,184050,3,42.859,-78.809,Assault
180922,184052,3,42.85,-78.827,Assault
180928,184058,3,42.899,-78.816,Robbery
180932,184063,3,42.891,-78.836,Theft of Vehicle
180934,184065,3,42.857,-78.823,Theft
180938,184069,3,42.89,-78.802,Theft
180951,184082,3,42.897,-78.838,Breaking & Entering
180952,184083,3,42.898,-78.807,Theft
180960,184091,3,42.897,-78.838,Theft
180968,184099,3,42.89,-78.844,Assault
180970,184101,3,42.884,-78.848,Assault
180972,184103,3,42.845,-78.809,Theft
180976,184107,3,42.895,-78.826,Theft of Vehicle
180989,184120,3,42.892,-78.814,Theft of Vehicle
180996,184127,3,42.887,-78.804,Breaking & Entering
181005,184136,3,42.885,-78.803,Assault
181006,184137,3,42.844,-78.827,Theft
181011,184142,3,42.851,-78.831,Theft
181016,184147,3,42.896,-78.825,Robbery
181022,184153,3,42.898,-78.819,Breaking & Entering
181025,184156,3,42.852,-78.805,Robbery
181027,184158,3,42.897,-78.82,Assault
181058,184189,3,42.85,-78.828,Theft
181065,184196,3,42.885,-78.839,Theft
181098,184230,3,42.887,-78.841,Breaking & Entering
181101,184233,3,42.888,-78.803,Theft
181119,184251,3,42.863,-78.802,Theft
181128,184260,3,42.898,-78.805,Breaking & Entering
181132,184264,3,42.897,-78.814,Robbery
181139,184271,3,42.881,-78.801,Theft
181147,184279,3,42.891,-78.835,Assault
181160,184293,3,42.85,-78.825,Theft
181162,184295,3,42.86,-78.819,Theft
181165,184298,3,42.887,-78.807,Theft
181168,184301,3,42.852,-78.808,Breaking & Entering
181169,184302,3,42.894,-78.834,Assault
181198,184331,3,42.895,-78.83,Theft
181202,184335,3,42.892,-78.801,Robbery
181203,184336,3,42.858,-78.812,Theft
181205,184338,3,42.846,-78.829,Breaking & Entering
181213,184346,3,42.837,-78.826,Assault
181215,184348,3,42.893,-78.839,Theft
181217,184350,3,42.847,-78.82,Theft
181227,184360,3,42.878,-78.837,Breaking & Entering
181248,184381,3,42.897,-78.819,Theft
181252,184385,3,42.86,-78.814,Robbery
181267,184400,3,42.879,-78.842,Theft
181280,184413,3,42.884,-78.802,Theft
181285,184418,3,42.898,-78.807,Robbery
181288,184421,3,42.883,-78.836,Theft of Vehicle
181293,184426,3,42.855,-78.825,Assault
181295,184428,3,42.892,-78.824,Breaking & Entering
181303,184436,3,42.896,-78.82,Theft
181318,184451,3,42.876,-78.853,Breaking & Entering
181326,184460,3,42.89,-78.803,Theft
181333,184467,3,42.895,-78.826,Sexual Assault
181346,184480,3,42.836,-78.824,Theft
181351,184485,3,42.891,-78.809,Assault
181353,184487,3,42.852,-78.827,Breaking & Entering
181356,184490,3,42.895,-78.825,Sexual Assault
181357,184491,3,42.898,-78.817,Breaking & Entering
181358,184492,3,42.853,-78.828,Breaking & Entering
181366,184500,3,42.891,-78.814,Assault
181376,184510,3,42.889,-78.835,Breaking & Entering
181377,184511,3,42.885,-78.839,Theft
181385,184520,3,42.896,-78.816,Theft of Vehicle
181386,184521,3,42.858,-78.813,Theft
181387,184522,3,42.853,-78.813,Breaking & Entering
181393,184528,3,42.891,-78.844,Assault
181404,184539,3,42.897,-78.82,Theft of Vehicle
181405,184540,3,42.855,-78.811,Breaking & Entering
181413,184548,3,42.863,-78.812,Theft
181420,184555,3,42.899,-78.818,Assault
181422,184557,3,42.896,-78.819,Assault
181428,184563,3,42.859,-78.815,Theft
181430,184565,3,42.854,-78.819,Theft
181435,184570,3,42.896,-78.82,Theft
181437,184572,3,42.854,-78.809,Assault
181447,184582,3,42.872,-78.814,Breaking & Entering
181448,184584,3,42.888,-78.841,Theft
181452,184588,3,42.895,-78.825,Breaking & Entering
181457,184593,3,42.896,-78.814,Assault
181461,184598,3,42.847,-78.855,Theft
181468,184605,3,42.898,-78.807,Theft
181470,184607,3,42.858,-78.817,Theft
181477,184614,3,42.86,-78.821,Breaking & Entering
181481,184618,3,42.854,-78.816,Theft
181484,184621,3,42.896,-78.823,Theft
181486,184623,3,42.884,-78.839,Theft
181500,184637,3,42.87,-78.829,Breaking & Entering
181508,184645,3,42.835,-78.812,Assault
181523,184660,3,42.891,-78.833,Assault
181524,184661,3,42.87,-78.837,Theft
181544,184682,3,42.856,-78.825,Assault
181550,184688,3,42.889,-78.808,Assault
181556,184695,3,42.874,-78.805,Assault
181567,184706,3,42.896,-78.801,Theft
181588,184727,3,42.852,-78.801,Theft
181591,184730,3,42.887,-78.802,Breaking & Entering
181599,184738,3,42.891,-78.834,Assault
181608,184747,3,42.856,-78.822,Breaking & Entering
181612,184751,3,42.851,-78.826,Theft
181617,184757,3,42.889,-78.808,Theft
181626,184766,3,42.889,-78.815,Assault
181640,184780,3,42.874,-78.806,Theft
181644,184784,3,42.87,-78.81,Assault
181647,184787,3,42.843,-78.816,Theft
181649,184789,3,42.885,-78.839,Assault
181650,184790,3,42.885,-78.835,Assault
181651,184791,3,42.857,-78.823,Assault
181657,184797,3,42.845,-78.824,Breaking & Entering
181658,184798,3,42.893,-78.841,Assault
181664,184804,3,42.858,-78.831,Theft
181680,184821,3,42.86,-78.812,Theft
181691,184832,3,42.897,-78.814,Robbery
181693,184834,3,42.895,-78.803,Theft
181701,184842,3,42.886,-78.805,Breaking & Entering
181704,184845,3,42.896,-78.817,Assault
181707,184848,3,42.856,-78.819,Theft
181708,184849,3,42.898,-78.82,Theft
181710,184851,3,42.86,-78.807,Breaking & Entering
181712,184853,3,42.894,-78.834,Theft
181719,184860,3,42.891,-78.83,Theft of Vehicle
181721,184862,3,42.89,-78.835,Breaking & Entering
181727,184868,3,42.899,-78.825,Breaking & Entering
181735,184876,3,42.85,-78.815,Robbery
181751,184892,3,42.881,-78.836,Robbery
181752,184893,3,42.87,-78.833,Breaking & Entering
181753,184894,3,42.889,-78.837,Theft
181759,184900,3,42.87,-78.849,Assault
181762,184903,3,42.88,-78.828,Theft
181764,184905,3,42.871,-78.837,Assault
181770,184911,3,42.885,-78.814,Breaking & Entering
181774,184915,3,42.895,-78.837,Theft
181776,184917,3,42.862,-78.816,Theft
181784,184925,3,42.893,-78.829,Breaking & Entering
181794,184935,3,42.848,-78.818,Breaking & Entering
181799,184940,3,42.875,-78.81,Theft
181802,184943,3,42.898,-78.833,Other Sexual Offense
181803,184944,3,42.869,-78.848,Theft of Vehicle
181804,184945,3,42.888,-78.8,Assault
181809,184950,3,42.869,-78.831,Theft
181826,184968,3,42.856,-78.81,Breaking & Entering
181835,184977,3,42.889,-78.808,Theft
181836,184978,3,42.826,-78.834,Theft
181840,184982,3,42.849,-78.813,Theft
181843,184985,3,42.892,-78.815,Breaking & Entering
181848,184990,3,42.884,-78.839,Theft
181851,184993,3,42.898,-78.837,Robbery
181857,184999,3,42.895,-78.828,Other Sexual Offense
181858,185000,3,42.846,-78.83,Assault
181875,185017,3,42.894,-78.83,Assault
181878,185020,3,42.896,-78.82,Breaking & Entering
181881,185023,3,42.851,-78.806,Robbery
181883,185025,3,42.854,-78.811,Breaking & Entering
181888,185030,3,42.875,-78.826,Assault
181893,185035,3,42.861,-78.806,Theft
181899,185041,3,42.841,-78.824,Theft
181902,185044,3,42.896,-78.817,Theft
181908,185050,3,42.891,-78.826,Breaking & Entering
181915,185057,3,42.899,-78.838,Theft
181916,185058,3,42.872,-78.844,Assault
181929,185071,3,42.869,-78.832,Breaking & Entering
181938,185080,3,42.896,-78.838,Theft
181941,185083,3,42.853,-78.824,Assault
181944,185086,3,42.844,-78.823,Assault
181955,185097,3,42.899,-78.818,Robbery
181961,185103,3,42.895,-78.807,Assault
181965,185107,3,42.865,-78.825,Assault
181984,185126,3,42.85,-78.831,Theft of Vehicle
181987,185129,3,42.869,-78.805,Assault
182004,185146,3,42.894,-78.822,Assault
182010,185152,3,42.897,-78.817,Theft
182013,185156,3,42.895,-78.804,Assault
182014,185157,3,42.867,-78.823,Theft
182020,185163,3,42.882,-78.834,Theft
182028,185171,3,42.894,-78.837,Theft
182029,185172,3,42.844,-78.832,Theft
182030,185173,3,42.874,-78.817,Assault
182045,185188,3,42.891,-78.81,Theft
182055,185199,3,42.853,-78.832,Robbery
182056,185200,3,42.857,-78.812,Theft
182063,185207,3,42.893,-78.826,Robbery
182076,185221,3,42.856,-78.809,Theft
182089,185234,3,42.872,-78.802,Theft
182091,185236,3,42.896,-78.832,Robbery
182101,185246,3,42.894,-78.826,Breaking & Entering
182103,185248,3,42.897,-78.838,Assault
182106,185251,3,42.89,-78.804,Assault
182122,185267,3,42.84,-78.819,Theft
182124,185269,3,42.894,-78.827,Assault
182125,185270,3,42.847,-78.812,Assault
182134,185279,3,42.858,-78.831,Theft
182140,185285,3,42.891,-78.826,Theft
182149,185294,3,42.864,-78.825,Assault
182150,185295,3,42.895,-78.835,Assault
182156,185301,3,42.896,-78.836,Assault
182162,185307,3,42.889,-78.808,Theft
182180,185325,3,42.861,-78.809,Assault
182191,185336,3,42.895,-78.831,Theft
182203,185348,3,42.894,-78.828,Breaking & Entering
182204,185349,3,42.851,-78.806,Breaking & Entering
182212,185357,3,42.861,-78.819,Theft
182214,185359,3,42.856,-78.823,Theft
182218,185364,3,42.87,-78.835,Other Sexual Offense
182219,185365,3,42.878,-78.846,Theft
182220,185366,3,42.898,-78.803,Theft of Vehicle
182225,185371,3,42.866,-78.821,Assault
182232,185378,3,42.879,-78.835,Theft of Vehicle
182234,185380,3,42.887,-78.839,Theft
182235,185381,3,42.891,-78.831,Theft of Vehicle
182244,185390,3,42.847,-78.855,Theft
182245,185391,3,42.872,-78.804,Theft
182274,185421,3,42.852,-78.817,Robbery
182278,185425,3,42.842,-78.821,Assault
182283,185430,3,42.887,-78.803,Breaking & Entering
182284,185431,3,42.895,-78.824,Theft
182307,185455,3,42.855,-78.811,Theft
182313,185461,3,42.872,-78.804,Robbery
182316,185464,3,42.857,-78.807,Assault
182326,185474,3,42.853,-78.828,Assault
182327,185475,3,42.855,-78.818,Breaking & Entering
182329,185477,3,42.896,-78.816,Breaking & Entering
182335,185483,3,42.897,-78.813,Assault
182338,185486,3,42.897,-78.824,Theft
182339,185487,3,42.841,-78.824,Theft
182343,185491,3,42.897,-78.814,Theft of Vehicle
182346,185494,3,42.889,-78.843,Breaking & Entering
182349,185497,3,42.873,-78.806,Theft
182352,185500,3,42.885,-78.815,Sexual Assault
182354,185502,3,42.837,-78.808,Theft
182357,185505,3,42.857,-78.803,Theft
182360,185508,3,42.896,-78.815,Theft
182363,185511,3,42.888,-78.805,Breaking & Entering
182365,185513,3,42.87,-78.808,Theft
182366,185514,3,42.897,-78.816,Assault
182382,185531,3,42.852,-78.817,Breaking & Entering
182385,185534,3,42.885,-78.823,Theft
182390,185539,3,42.857,-78.806,Assault
182402,185551,3,42.873,-78.823,Theft
182413,185562,3,42.87,-78.8,Breaking & Entering
182414,185563,3,42.839,-78.809,Theft
182420,185569,3,42.894,-78.803,Theft
182423,185572,3,42.885,-78.84,Theft
182425,185574,3,42.857,-78.832,Theft
182427,185576,3,42.897,-78.84,Theft
182428,185577,3,42.849,-78.802,Assault
182452,185601,3,42.897,-78.831,Robbery
182467,185616,3,42.895,-78.805,Breaking & Entering
182472,185621,3,42.872,-78.82,Assault
182486,185635,3,42.851,-78.811,Assault
182491,185640,3,42.882,-78.835,Theft
182492,185641,3,42.894,-78.82,Theft
182509,185658,3,42.89,-78.802,Breaking & Entering
182511,185660,3,42.859,-78.81,Breaking & Entering
182516,185665,3,42.848,-78.828,Breaking & Entering
182522,185671,3,42.893,-78.837,Theft
182525,185674,3,42.856,-78.823,Theft
182541,185690,3,42.891,-78.83,Theft
182542,185691,3,42.86,-78.814,Assault
182551,185700,3,42.894,-78.822,Robbery
182569,185719,3,42.893,-78.821,Theft
182570,185720,3,42.891,-78.801,Theft
182571,185721,3,42.896,-78.832,Breaking & Entering
182586,185736,3,42.896,-78.815,Robbery
182589,185739,3,42.838,-78.819,Theft
182591,185741,3,42.836,-78.824,Theft
182605,185755,3,42.874,-78.827,Robbery
182614,185764,3,42.869,-78.833,Theft
182615,185765,3,42.861,-78.812,Theft
182617,185767,3,42.856,-78.809,Breaking & Entering
182623,185773,3,42.893,-78.821,Assault
182625,185775,3,42.898,-78.839,Robbery
182636,185787,3,42.889,-78.807,Theft
182645,185796,3,42.863,-78.815,Theft of Vehicle
182657,185808,3,42.853,-78.825,Theft
182679,185830,3,42.849,-78.801,Assault
182691,185842,3,42.871,-78.837,Robbery
182694,185845,3,42.894,-78.821,Homicide
182701,185852,3,42.86,-78.82,Theft
182702,185853,3,42.887,-78.807,Theft
182714,185865,3,42.894,-78.835,Assault
182716,185867,3,42.873,-78.837,Theft
182720,185871,3,42.858,-78.831,Theft
182724,185875,3,42.897,-78.819,Assault
182726,185877,3,42.872,-78.805,Assault
182729,185880,3,42.869,-78.829,Assault
182730,185881,3,42.858,-78.816,Theft
182735,185886,3,42.85,-78.803,Robbery
182739,185890,3,42.888,-78.809,Assault
182743,185894,3,42.891,-78.834,Theft
182747,185898,3,42.887,-78.8,Assault
182754,185905,3,42.854,-78.821,Assault
182755,185906,3,42.843,-78.809,Theft
182757,185908,3,42.893,-78.84,Theft
182772,185923,3,42.891,-78.807,Theft
182774,185925,3,42.868,-78.847,Assault
182780,185931,3,42.891,-78.833,Assault
182782,185933,3,42.853,-78.824,Assault
182791,185942,3,42.858,-78.834,Breaking & Entering
182794,185945,3,42.894,-78.821,Theft of Vehicle
182799,185950,3,42.854,-78.825,Theft
182808,185959,3,42.888,-78.808,Assault
182818,185969,3,42.893,-78.803,Assault
182821,185972,3,42.885,-78.81,Breaking & Entering
182827,185978,3,42.89,-78.816,Theft
182833,185984,3,42.895,-78.806,Robbery
182834,185985,3,42.894,-78.834,Theft of Vehicle
182835,185986,3,42.884,-78.839,Assault
182840,185991,3,42.856,-78.818,Theft
182847,185998,3,42.852,-78.823,Assault
182849,186000,3,42.858,-78.826,Theft
182859,186010,3,42.89,-78.807,Theft
182884,186036,3,42.857,-78.816,Breaking & Entering
182886,186038,3,42.894,-78.834,Sexual Assault
182887,186039,3,42.896,-78.824,Sexual Assault
182892,186044,3,42.869,-78.851,Assault
182905,186057,3,42.897,-78.812,Theft
182909,186061,3,42.872,-78.807,Theft
182910,186062,3,42.899,-78.81,Theft
182913,186065,3,42.894,-78.826,Assault
182938,186090,3,42.899,-78.819,Robbery
182948,186100,3,42.889,-78.839,Breaking & Entering
182949,186101,3,42.886,-78.803,Assault
182952,186104,3,42.842,-78.816,Breaking & Entering
182957,186109,3,42.899,-78.823,Breaking & Entering
182958,186110,3,42.842,-78.813,Breaking & Entering
182959,186111,3,42.899,-78.82,Theft of Vehicle
182971,186123,3,42.868,-78.837,Assault
182974,186126,3,42.894,-78.834,Theft
182976,186128,3,42.852,-78.809,Theft
182999,186151,3,42.851,-78.801,Assault
183008,186160,3,42.872,-78.812,Theft
183010,186162,3,42.897,-78.838,Assault
183015,186167,3,42.867,-78.823,Breaking & Entering
183023,186175,3,42.889,-78.805,Robbery
183027,186179,3,42.833,-78.805,Breaking & Entering
183030,186182,3,42.847,-78.803,Theft
183031,186183,3,42.856,-78.812,Theft of Vehicle
183032,186184,3,42.87,-78.833,Assault
183035,186187,3,42.858,-78.808,Theft of Vehicle
183036,186188,3,42.851,-78.825,Theft
183046,186198,3,42.839,-78.807,Theft
183047,186199,3,42.84,-78.847,Assault
183049,186201,3,42.899,-78.839,Assault
183064,186216,3,42.864,-78.825,Theft
183066,186218,3,42.847,-78.855,Theft
183077,186229,3,42.868,-78.808,Theft
183083,186235,3,42.874,-78.848,Theft of Vehicle
183107,186259,3,42.885,-78.839,Assault
183108,186260,3,42.87,-78.808,Theft
183110,186262,3,42.895,-78.805,Theft
183116,186268,3,42.897,-78.819,Theft
183118,186270,3,42.896,-78.834,Robbery
183120,186272,3,42.899,-78.834,Breaking & Entering
183125,186277,3,42.843,-78.809,Theft
183144,186297,3,42.874,-78.817,Theft
183153,186306,3,42.89,-78.804,Theft
183161,186314,3,42.857,-78.829,Robbery
183165,186318,3,42.894,-78.829,Theft
183166,186319,3,42.886,-78.803,Theft
183169,186322,3,42.853,-78.82,Assault
183170,186323,3,42.855,-78.81,Theft
183177,186330,3,42.851,-78.825,Breaking & Entering
183182,186335,3,42.85,-78.803,Breaking & Entering
183191,186345,3,42.86,-78.807,Breaking & Entering
183198,186352,3,42.871,-78.837,Assault
183204,186358,3,42.872,-78.802,Theft
183210,186364,3,42.888,-78.836,Assault
183211,186365,3,42.898,-78.836,Breaking & Entering
183213,186367,3,42.851,-78.83,Assault
183215,186369,3,42.875,-78.831,Robbery
183222,186376,3,42.871,-78.851,Theft
183239,186393,3,42.895,-78.835,Breaking & Entering
183245,186400,3,42.892,-78.832,Robbery
183247,186402,3,42.872,-78.842,Robbery
183248,186403,3,42.894,-78.83,Theft
183249,186405,3,42.857,-78.829,Assault
183256,186412,3,42.848,-78.824,Robbery
183258,186414,3,42.868,-78.848,Assault
183272,186428,3,42.885,-78.839,Assault
183284,186440,3,42.895,-78.821,Theft
183287,186443,3,42.876,-78.828,Assault
183294,186450,3,42.857,-78.833,Assault
183295,186451,3,42.878,-78.816,Theft of Vehicle
183303,186459,3,42.868,-78.846,Breaking & Entering
183306,186462,3,42.873,-78.852,Assault
183307,186463,3,42.895,-78.838,Assault
183313,186469,3,42.884,-78.835,Assault
183323,186479,3,42.87,-78.805,Assault
183328,186484,3,42.896,-78.82,Breaking & Entering
183329,186485,3,42.893,-78.837,Theft
183331,186487,3,42.882,-78.833,Theft of Vehicle
183332,186488,3,42.894,-78.834,Breaking & Entering
183335,186491,3,42.889,-78.84,Theft
183336,186492,3,42.885,-78.839,Robbery
183337,186493,3,42.891,-78.837,Theft
183348,186504,3,42.875,-78.806,Breaking & Entering
183355,186511,3,42.897,-78.823,Theft
183360,186516,3,42.884,-78.835,Theft
183364,186520,3,42.87,-78.85,Assault
183375,186531,3,42.892,-78.81,Theft
183378,186534,3,42.883,-78.849,Robbery
183379,186535,3,42.894,-78.805,Breaking & Entering
183382,186538,3,42.87,-78.808,Assault
183387,186543,3,42.871,-78.801,Theft
183388,186544,3,42.895,-78.829,Sexual Assault
183389,186545,3,42.841,-78.824,Theft
183395,186551,3,42.894,-78.836,Theft
183403,186559,3,42.857,-78.815,Theft of Vehicle
183405,186561,3,42.878,-78.836,Theft
183412,186568,3,42.881,-78.836,Assault
183413,186569,3,42.897,-78.816,Sexual Assault
183418,186574,3,42.893,-78.823,Assault
183427,186583,3,42.89,-78.802,Robbery
183430,186586,3,42.865,-78.823,Assault
183431,186587,3,42.866,-78.858,Robbery
183432,186588,3,42.855,-78.809,Other Sexual Offense
183439,186595,3,42.893,-78.839,Assault
183442,186598,3,42.895,-78.832,Theft
183445,186601,3,42.877,-78.841,Theft
183447,186603,3,42.894,-78.828,Breaking & Entering
183456,186612,3,42.887,-78.839,Assault
183464,186620,3,42.886,-78.84,Breaking & Entering
183465,186621,3,42.87,-78.807,Breaking & Entering
183466,186622,3,42.893,-78.83,Assault
183472,186628,3,42.854,-78.828,Assault
183474,186630,3,42.844,-78.826,Assault
183478,186634,3,42.846,-78.819,Assault
183487,186643,3,42.841,-78.809,Robbery
183490,186646,3,42.898,-78.839,Robbery
183495,186651,3,42.894,-78.821,Theft
183498,186654,3,42.861,-78.819,Breaking & Entering
183501,186657,3,42.89,-78.832,Theft
183502,186658,3,42.841,-78.808,Theft
183515,186671,3,42.865,-78.849,Robbery
183516,186672,3,42.833,-78.823,Assault
183518,186674,3,42.856,-78.812,Assault
183528,186684,3,42.858,-78.807,Assault
183532,186688,3,42.851,-78.806,Breaking & Entering
183535,186691,3,42.848,-78.824,Assault
183536,186692,3,42.893,-78.841,Assault
183541,186697,3,42.833,-78.824,Theft
183543,186699,3,42.849,-78.816,Breaking & Entering
183548,186704,3,42.885,-78.842,Theft
183559,186715,3,42.861,-78.819,Breaking & Entering
183568,186724,3,42.893,-78.839,Assault
183571,186727,3,42.897,-78.836,Assault
183575,186731,3,42.879,-78.846,Theft
183581,186737,3,42.86,-78.806,Theft of Vehicle
183583,186739,3,42.848,-78.824,Sexual Offense
183588,186744,3,42.892,-78.826,Breaking & Entering
183591,186747,3,42.892,-78.806,Theft
183592,186748,3,42.833,-78.809,Breaking & Entering
183594,186750,3,42.868,-78.85,Assault
183598,186754,3,42.898,-78.807,Theft
183602,186758,3,42.896,-78.82,Robbery
183603,186759,3,42.882,-78.834,Assault
183606,186763,3,42.889,-78.816,Theft of Vehicle
183610,186767,3,42.855,-78.81,Theft
183612,186769,3,42.859,-78.842,Theft
183618,186775,3,42.887,-78.81,Assault
183622,186779,3,42.898,-78.822,Assault
183624,186781,3,42.873,-78.823,Theft
183625,186782,3,42.863,-78.819,Theft
183637,186794,3,42.893,-78.839,Assault
183640,186797,3,42.882,-78.801,Assault
183642,186799,3,42.886,-78.814,Theft
183650,186807,3,42.862,-78.815,Breaking & Entering
183653,186810,3,42.885,-78.811,Theft
183654,186811,3,42.853,-78.802,Assault
183663,186820,3,42.893,-78.832,Theft
183665,186822,3,42.885,-78.814,Sexual Assault
183673,186830,3,42.898,-78.815,Robbery
183680,186837,3,42.897,-78.815,Theft
183685,186842,3,42.897,-78.816,Theft of Vehicle
183687,186844,3,42.85,-78.803,Theft
183692,186849,3,42.879,-78.834,Breaking & Entering
183698,186855,3,42.852,-78.808,Theft
183701,186859,3,42.875,-78.844,Theft
183704,186862,3,42.888,-78.807,Assault
183705,186863,3,42.842,-78.824,Assault
183708,186866,3,42.888,-78.816,Breaking & Entering
183712,186870,3,42.889,-78.814,Robbery
183716,186874,3,42.894,-78.807,Theft
183727,186885,3,42.893,-78.834,Theft
183728,186886,3,42.869,-78.808,Theft
183735,186893,3,42.855,-78.81,Theft
183736,186894,3,42.893,-78.833,Breaking & Entering
183771,186931,3,42.897,-78.82,Breaking & Entering
183781,186941,3,42.835,-78.824,Assault
183792,186952,3,42.897,-78.817,Breaking & Entering
183794,186954,3,42.878,-78.848,Theft
183798,186958,3,42.857,-78.816,Theft
183809,186969,3,42.859,-78.828,Theft
183811,186971,3,42.87,-78.806,Theft
183814,186974,3,42.838,-78.811,Theft
183821,186981,3,42.898,-78.831,Assault
183823,186983,3,42.895,-78.821,Breaking & Entering
183824,186984,3,42.851,-78.826,Assault
183831,186991,3,42.896,-78.82,Assault
183838,186998,3,42.898,-78.836,Assault
183841,187001,3,42.898,-78.82,Breaking & Entering
183842,187002,3,42.889,-78.809,Other Sexual Offense
183849,187009,3,42.895,-78.806,Robbery
183850,187010,3,42.89,-78.814,Theft
183857,187017,3,42.881,-78.802,Breaking & Entering
183874,187035,3,42.857,-78.812,Theft
183888,187049,3,42.887,-78.808,Assault
183891,187052,3,42.87,-78.84,Breaking & Entering
183893,187054,3,42.899,-78.836,Theft
183895,187056,3,42.894,-78.832,Theft
183898,187059,3,42.876,-78.843,Theft
183899,187060,3,42.85,-78.816,Assault
183901,187062,3,42.841,-78.821,Assault
183903,187064,3,42.85,-78.804,Assault
183906,187067,3,42.855,-78.815,Breaking & Entering
183918,187079,3,42.874,-78.844,Theft
183935,187096,3,42.868,-78.848,Assault
183938,187099,3,42.873,-78.806,Assault
183953,187114,3,42.889,-78.811,Breaking & Entering
183954,187115,3,42.834,-78.816,Theft of Vehicle
183958,187119,3,42.895,-78.822,Assault
183965,187127,3,42.852,-78.813,Theft
183969,187132,3,42.859,-78.809,Theft
183970,187133,3,42.889,-78.808,Theft
183976,187139,3,42.895,-78.802,Robbery
183981,187144,3,42.896,-78.825,Theft of Vehicle
183985,187148,3,42.858,-78.831,Theft
184001,187164,3,42.871,-78.83,Assault
184002,187165,3,42.848,-78.824,Assault
184005,187168,3,42.874,-78.825,Breaking & Entering
184007,187170,3,42.853,-78.831,Breaking & Entering
184008,187171,3,42.895,-78.824,Robbery
184012,187175,3,42.893,-78.834,Breaking & Entering
184016,187180,3,42.86,-78.825,Theft
184025,187190,3,42.841,-78.809,Theft
184027,187192,3,42.854,-78.805,Assault
184031,187196,3,42.898,-78.802,Breaking & Entering
184035,187200,3,42.87,-78.831,Theft of Vehicle
184043,187208,3,42.898,-78.833,Breaking & Entering
184045,187210,3,42.893,-78.834,Assault
184049,187214,3,42.854,-78.832,Assault
184059,187224,3,42.893,-78.839,Theft
184066,187231,3,42.871,-78.811,Breaking & Entering
184068,187233,3,42.887,-78.84,Breaking & Entering
184069,187234,3,42.892,-78.842,Assault
184078,187243,3,42.892,-78.825,Theft
184081,187246,3,42.85,-78.811,Theft
184085,187250,3,42.848,-78.812,Breaking & Entering
184102,187268,3,42.888,-78.837,Assault
184105,187271,3,42.891,-78.838,Theft of Vehicle
184107,187273,3,42.861,-78.817,Theft
184113,187279,3,42.891,-78.835,Breaking & Entering
184120,187287,3,42.853,-78.805,Breaking & Entering
184125,187293,3,42.898,-78.807,Theft
184132,187300,3,42.85,-78.83,Theft of Vehicle
184135,187304,3,42.884,-78.822,Theft
184141,187310,3,42.88,-78.804,Breaking & Entering
184143,187312,3,42.863,-78.819,Theft
184144,187313,3,42.899,-78.817,Breaking & Entering
184158,187327,3,42.866,-78.83,Theft of Vehicle
184161,187330,3,42.884,-78.824,Robbery
184164,187333,3,42.84,-78.804,Theft
184165,187334,3,42.878,-78.801,Theft
184174,187343,3,42.873,-78.843,Assault
184180,187349,3,42.898,-78.82,Theft
184182,187351,3,42.895,-78.835,Theft
184185,187354,3,42.89,-78.834,Theft
184193,187362,3,42.856,-78.808,Theft
184196,187365,3,42.878,-78.834,Robbery
184208,187377,3,42.895,-78.821,Theft of Vehicle
184209,187378,3,42.855,-78.834,Breaking & Entering
184211,187380,3,42.858,-78.815,Assault
184214,187383,3,42.898,-78.836,Theft of Vehicle
184223,187392,3,42.894,-78.835,Theft
184230,187399,3,42.835,-78.81,Theft
184235,187404,3,42.881,-78.849,Theft
184243,187412,3,42.888,-78.838,Theft
184249,187418,3,42.865,-78.825,Assault
184250,187419,3,42.876,-78.825,Assault
184263,187432,3,42.896,-78.816,Theft
184273,187442,3,42.852,-78.82,Breaking & Entering
184278,187447,3,42.895,-78.83,Theft
184280,187449,3,42.888,-78.839,Breaking & Entering
184281,187450,3,42.836,-78.82,Theft
184288,187457,3,42.859,-78.816,Assault
184291,187460,3,42.847,-78.833,Theft of Vehicle
184295,187464,3,42.899,-78.82,Theft
184296,187465,3,42.891,-78.831,Breaking & Entering
184297,187466,3,42.854,-78.862,Theft of Vehicle
184317,187487,3,42.846,-78.823,Theft
184323,187493,3,42.871,-78.808,Theft
184325,187495,3,42.887,-78.812,Theft
184330,187500,3,42.86,-78.822,Assault
184339,187510,3,42.886,-78.804,Theft
184344,187515,3,42.857,-78.812,Theft
184350,187521,3,42.87,-78.851,Theft
184354,187525,3,42.89,-78.803,Theft
184363,187534,3,42.845,-78.831,Breaking & Entering
184368,187539,3,42.89,-78.838,Theft
184377,187548,3,42.89,-78.8,Sexual Assault
184384,187555,3,42.889,-78.814,Theft
184385,187556,3,42.833,-78.821,Other Sexual Offense
184389,187560,3,42.879,-78.842,Theft of Vehicle
184392,187563,3,42.886,-78.804,Theft
184394,187565,3,42.868,-78.809,Other Sexual Offense
184397,187568,3,42.858,-78.816,Theft of Vehicle
184401,187572,3,42.887,-78.805,Theft
184421,187592,3,42.863,-78.813,Assault
184423,187594,3,42.85,-78.814,Theft of Vehicle
184428,187599,3,42.888,-78.841,Theft
184432,187603,3,42.853,-78.807,Robbery
184437,187608,3,42.892,-78.803,Assault
184447,187618,3,42.892,-78.827,Robbery
184448,187619,3,42.847,-78.811,Robbery
184455,187626,3,42.888,-78.837,Assault
184457,187628,3,42.859,-78.858,Theft
184469,187640,3,42.868,-78.801,Theft
184478,187649,3,42.876,-78.852,Theft
184493,187664,3,42.896,-78.816,Theft of Vehicle
184504,187675,3,42.858,-78.813,Theft of Vehicle
184505,187676,3,42.862,-78.818,Theft
184507,187678,3,42.868,-78.847,Breaking & Entering
184514,187685,3,42.873,-78.841,Theft
184518,187689,3,42.892,-78.844,Theft of Vehicle
184521,187692,3,42.897,-78.816,Breaking & Entering
184524,187695,3,42.843,-78.809,Theft
184527,187698,3,42.876,-78.804,Theft
184528,187699,3,42.85,-78.822,Breaking & Entering
184531,187702,3,42.897,-78.813,Theft
184534,187705,3,42.84,-78.818,Assault
184535,187706,3,42.87,-78.832,Assault
184553,187725,3,42.892,-78.836,Theft
184556,187728,3,42.886,-78.805,Theft
184562,187734,3,42.857,-78.808,Assault
184575,187747,3,42.893,-78.805,Assault
184577,187749,3,42.896,-78.817,Robbery
184580,187753,3,42.855,-78.826,Assault
184582,187755,3,42.857,-78.824,Theft
184587,187760,3,42.871,-78.834,Robbery
184595,187768,3,42.891,-78.839,Theft
184602,187775,3,42.891,-78.844,Assault
184612,187785,3,42.899,-78.835,Robbery
184617,187790,3,42.892,-78.844,Theft
184634,187807,3,42.894,-78.82,Breaking & Entering
184644,187817,3,42.849,-78.823,Other Sexual Offense
184647,187820,3,42.879,-78.835,Theft
184660,187833,3,42.893,-78.824,Assault
184661,187834,3,42.891,-78.837,Robbery
184669,187843,3,42.88,-78.84,Breaking & Entering
184682,187856,3,42.877,-78.805,Theft
184683,187857,3,42.897,-78.817,Assault
184695,187870,3,42.85,-78.83,Assault
184704,187879,3,42.886,-78.8,Breaking & Entering
184706,187881,3,42.858,-78.831,Theft
184707,187883,3,42.851,-78.825,Theft
184712,187888,3,42.895,-78.837,Assault
184713,187889,3,42.894,-78.834,Breaking & Entering
184721,187897,3,42.85,-78.815,Theft
184723,187899,3,42.896,-78.821,Sexual Assault
184728,187904,3,42.854,-78.832,Assault
184730,187906,3,42.833,-78.824,Theft
184731,187907,3,42.886,-78.807,Theft
184732,187908,3,42.857,-78.824,Theft
184738,187914,3,42.888,-78.809,Assault
184744,187920,3,42.897,-78.832,Theft of Vehicle
184748,187924,3,42.898,-78.803,Theft
184750,187926,3,42.889,-78.81,Assault
184754,187930,3,42.868,-78.846,Theft
184756,187932,3,42.857,-78.808,Sexual Assault
184763,187939,3,42.874,-78.817,Theft
184767,187943,3,42.851,-78.814,Breaking & Entering
184771,187947,3,42.855,-78.825,Theft
184772,187948,3,42.895,-78.842,Breaking & Entering
184773,187949,3,42.875,-78.802,Theft
184785,187962,3,42.835,-78.805,Theft
184786,187963,3,42.893,-78.837,Theft
184805,187982,3,42.844,-78.81,Theft
184808,187985,3,42.88,-78.843,Theft
184811,187988,3,42.853,-78.803,Theft
184818,187995,3,42.889,-78.803,Assault
184825,188002,3,42.896,-78.822,Assault
184829,188006,3,42.877,-78.846,Assault
184832,188009,3,42.898,-78.807,Theft
184840,188017,3,42.846,-78.818,Breaking & Entering
184847,188024,3,42.884,-78.839,Robbery
184848,188025,3,42.89,-78.8,Assault
184853,188030,3,42.891,-78.812,Theft
184856,188034,3,42.852,-78.817,Theft
184857,188035,3,42.896,-78.82,Assault
184858,188036,3,42.853,-78.83,Theft
184859,188037,3,42.896,-78.815,Theft
184861,188039,3,42.894,-78.822,Theft
184864,188042,3,42.856,-78.832,Theft
184867,188045,3,42.891,-78.833,Theft
184879,188057,3,42.845,-78.824,Theft
184885,188064,3,42.848,-78.831,Breaking & Entering
184890,188069,3,42.889,-78.835,Assault
184897,188076,3,42.867,-78.856,Theft
184898,188077,3,42.841,-78.824,Assault
184899,188078,3,42.836,-78.824,Breaking & Entering
184903,188082,3,42.878,-78.842,Breaking & Entering
184905,188084,3,42.853,-78.824,Assault
184909,188089,3,42.887,-78.806,Theft
184911,188091,3,42.853,-78.827,Robbery
184927,188107,3,42.877,-78.847,Assault
184928,188108,3,42.835,-78.801,Theft
184930,188110,3,42.848,-78.824,Theft
184939,188119,3,42.857,-78.824,Theft
184942,188122,3,42.868,-78.837,Theft of Vehicle
184950,188130,3,42.851,-78.806,Breaking & Entering
184951,188131,3,42.847,-78.811,Theft
184965,188145,3,42.891,-78.81,Breaking & Entering
184968,188148,3,42.852,-78.825,Assault
184970,188150,3,42.897,-78.824,Breaking & Entering
184973,188153,3,42.87,-78.806,Assault
184975,188155,3,42.852,-78.824,Assault
184986,188167,3,42.895,-78.832,Theft
184987,188168,3,42.898,-78.807,Theft
184988,188169,3,42.856,-78.828,Assault
184992,188173,3,42.881,-78.834,Breaking & Entering
184993,188174,3,42.89,-78.832,Breaking & Entering
184996,188177,3,42.857,-78.812,Theft
184999,188180,3,42.888,-78.81,Theft
185008,188189,3,42.848,-78.812,Theft
185014,188195,3,42.858,-78.804,Breaking & Entering
185016,188197,3,42.889,-78.837,Theft
185019,188200,3,42.881,-78.84,Breaking & Entering
185023,188204,3,42.899,-78.838,Breaking & Entering
185030,188211,3,42.896,-78.8,Breaking & Entering
185035,188216,3,42.885,-78.81,Theft
185042,188223,3,42.843,-78.824,Theft
185051,188232,3,42.885,-78.815,Breaking & Entering
185052,188233,3,42.893,-78.831,Theft of Vehicle
185055,188236,3,42.876,-78.85,Assault
185058,188239,3,42.894,-78.836,Theft of Vehicle
185062,188243,3,42.872,-78.815,Breaking & Entering
185067,188248,3,42.854,-78.808,Assault
185069,188251,3,42.893,-78.802,Theft
185071,188253,3,42.861,-78.815,Assault
185074,188256,3,42.868,-78.811,Theft
185084,188266,3,42.887,-78.809,Robbery
185087,188269,3,42.899,-78.835,Theft of Vehicle
185088,188270,3,42.89,-78.809,Theft
185089,188271,3,42.899,-78.814,Breaking & Entering
185097,188279,3,42.889,-78.815,Breaking & Entering
185103,188285,3,42.868,-78.855,Breaking & Entering
185121,188304,3,42.857,-78.829,Breaking & Entering
185132,188315,3,42.838,-78.81,Breaking & Entering
185137,188320,3,42.899,-78.84,Theft
185142,188325,3,42.892,-78.802,Assault
185144,188327,3,42.839,-78.857,Theft
185147,188330,3,42.899,-78.82,Breaking & Entering
185148,188331,3,42.851,-78.802,Theft of Vehicle
185153,188337,3,42.852,-78.822,Theft
185156,188340,3,42.889,-78.811,Breaking & Entering
185160,188344,3,42.892,-78.844,Robbery
185161,188345,3,42.855,-78.825,Theft
185164,188348,3,42.885,-78.813,Theft
185168,188352,3,42.896,-78.821,Assault
185173,188357,3,42.872,-78.818,Theft
185175,188359,3,42.858,-78.811,Theft
185176,188360,3,42.895,-78.825,Breaking & Entering
185185,188369,3,42.896,-78.8,Assault
185214,188398,3,42.861,-78.811,Theft
185221,188405,3,42.888,-78.815,Theft of Vehicle
185222,188406,3,42.891,-78.831,Assault
185223,188407,3,42.888,-78.801,Theft
185224,188408,3,42.873,-78.829,Theft
185231,188415,3,42.854,-78.808,Theft
185240,188424,3,42.852,-78.817,Assault
185246,188430,3,42.896,-78.822,Theft
185250,188434,3,42.895,-78.825,Theft
185260,188444,3,42.89,-78.845,Theft
185269,188453,3,42.841,-78.824,Theft
185270,188454,3,42.869,-78.837,Breaking & Entering
185274,188458,3,42.872,-78.843,Theft
185281,188465,3,42.837,-78.81,Theft
185284,188468,3,42.856,-78.836,Theft
185290,188474,3,42.848,-78.822,Theft
185294,188478,3,42.871,-78.804,Theft of Vehicle
185298,188482,3,42.89,-78.809,Assault
185304,188488,3,42.891,-78.837,Robbery
185305,188489,3,42.892,-78.83,Theft
185306,188490,3,42.835,-78.805,Theft
185320,188504,3,42.887,-78.837,Theft
185329,188513,3,42.872,-78.801,Robbery
185340,188524,3,42.896,-78.839,Theft
185349,188533,3,42.885,-78.808,Assault
185351,188535,3,42.888,-78.843,Assault
185354,188538,3,42.888,-78.8,Robbery
185356,188540,3,42.871,-78.804,Breaking & Entering
185367,188551,3,42.837,-78.824,Breaking & Entering
185370,188554,3,42.853,-78.832,Theft
185388,188572,3,42.873,-78.827,Theft of Vehicle
185395,188579,3,42.895,-78.838,Breaking & Entering
185403,188587,3,42.896,-78.821,Breaking & Entering
185406,188590,3,42.892,-78.823,Assault
185417,188601,3,42.868,-78.846,Breaking & Entering
185423,188607,3,42.858,-78.831,Theft
185425,188609,3,42.856,-78.81,Theft
185435,188619,3,42.884,-78.839,Robbery
185437,188621,3,42.846,-78.823,Breaking & Entering
185439,188623,3,42.873,-78.804,Assault
185455,188639,3,42.887,-78.816,Assault
185461,188645,3,42.848,-78.812,Assault
185467,188652,3,42.872,-78.808,Assault
185468,188653,3,42.891,-78.833,Breaking & Entering
185471,188656,3,42.891,-78.8,Breaking & Entering
185472,188657,3,42.892,-78.824,Breaking & Entering
185475,188661,3,42.892,-78.808,Assault
185476,188662,3,42.858,-78.808,Assault
185483,188669,3,42.869,-78.807,Breaking & Entering
185485,188671,3,42.848,-78.815,Theft
185491,188677,3,42.857,-78.834,Breaking & Entering
185493,188679,3,42.848,-78.824,Theft
185495,188681,3,42.851,-78.812,Theft
185496,188682,3,42.892,-78.829,Theft of Vehicle
185497,188683,3,42.871,-78.851,Breaking & Entering
185499,188685,3,42.871,-78.834,Theft
185503,188689,3,42.854,-78.809,Theft
185504,188690,3,42.837,-78.811,Theft
185507,188693,3,42.871,-78.829,Theft
185514,188700,3,42.869,-78.83,Theft
185517,188703,3,42.87,-78.837,Sexual Assault
185522,188708,3,42.886,-78.808,Theft
185535,188721,3,42.895,-78.839,Theft
185549,188735,3,42.844,-78.825,Theft
185554,188740,3,42.894,-78.805,Theft of Vehicle
185555,188741,3,42.895,-78.838,Breaking & Entering
185556,188742,3,42.846,-78.801,Theft
185558,188744,3,42.842,-78.827,Assault
185565,188751,3,42.874,-78.804,Theft
185567,188753,3,42.85,-78.824,Theft
185574,188760,3,42.845,-78.824,Robbery
185575,188761,3,42.896,-78.827,Breaking & Entering
185578,188764,3,42.89,-78.803,Theft of Vehicle
185590,188776,3,42.893,-78.823,Theft of Vehicle
185594,188780,3,42.869,-78.809,Assault
185601,188788,3,42.855,-78.827,Theft
185613,188800,3,42.872,-78.843,Theft
185623,188811,3,42.858,-78.809,Breaking & Entering
185626,188814,3,42.847,-78.824,Theft of Vehicle
185627,188815,3,42.896,-78.836,Robbery
185632,188820,3,42.834,-78.809,Theft
185635,188823,3,42.854,-78.82,Theft
185648,188836,3,42.894,-78.837,Theft
185651,188839,3,42.897,-78.819,Theft
185653,188841,3,42.898,-78.799,Assault
185661,188850,3,42.897,-78.831,Theft of Vehicle
185662,188851,3,42.847,-78.801,Assault
185670,188859,3,42.897,-78.823,Breaking & Entering
185675,188864,3,42.871,-78.802,Breaking & Entering
185690,188880,3,42.896,-78.832,Assault
185712,188903,3,42.894,-78.807,Breaking & Entering
185715,188906,3,42.897,-78.813,Assault
185721,188912,3,42.869,-78.829,Theft
185730,188921,3,42.895,-78.814,Theft of Vehicle
185735,188926,3,42.856,-78.801,Theft
185740,188931,3,42.853,-78.82,Breaking & Entering
185746,188937,3,42.886,-78.812,Theft
185747,188938,3,42.857,-78.811,Breaking & Entering
185749,188940,3,42.893,-78.837,Theft
185752,188943,3,42.875,-78.802,Theft
185756,188947,3,42.892,-78.814,Assault
185763,188954,3,42.854,-78.809,Assault
185776,188967,3,42.899,-78.83,Breaking & Entering
185783,188974,3,42.835,-78.823,Theft
185785,188976,3,42.87,-78.845,Breaking & Entering
185793,188984,3,42.896,-78.815,Theft
185797,188988,3,42.861,-78.816,Assault
185807,188998,3,42.886,-78.804,Theft
185828,189020,3,42.837,-78.819,Breaking & Entering
185830,189022,3,42.85,-78.814,Assault
185835,189027,3,42.892,-78.812,Assault
185836,189028,3,42.892,-78.83,Assault
185845,189037,3,42.87,-78.832,Other Sexual Offense
185851,189043,3,42.885,-78.803,Assault
185866,189058,3,42.856,-78.836,Theft
185878,189070,3,42.853,-78.828,Theft
185882,189074,3,42.845,-78.813,Theft
185883,189075,3,42.855,-78.81,Theft
185893,189085,3,42.854,-78.811,Theft
185896,189088,3,42.858,-78.831,Assault
185897,189089,3,42.854,-78.814,Breaking & Entering
185902,189094,3,42.86,-78.806,Theft
185906,189098,3,42.893,-78.839,Theft of Vehicle
185910,189102,3,42.857,-78.832,Assault
185913,189105,3,42.853,-78.803,Breaking & Entering
185922,189115,3,42.891,-78.839,Theft
185925,189118,3,42.857,-78.823,Theft
185929,189122,3,42.849,-78.828,Theft
185930,189123,3,42.86,-78.825,Theft
185931,189124,3,42.89,-78.811,Theft
185940,189133,3,42.863,-78.813,Theft
185950,189143,3,42.882,-78.842,Theft
185955,189148,3,42.849,-78.816,Breaking & Entering
185966,189159,3,42.888,-78.838,Other Sexual Offense
185975,189168,3,42.855,-78.833,Assault
185982,189175,3,42.876,-78.828,Assault
185991,189184,3,42.861,-78.81,Robbery
185992,189185,3,42.894,-78.83,Assault
185993,189186,3,42.893,-78.829,Robbery
186007,189200,3,42.848,-78.824,Other Sexual Offense
186010,189203,3,42.894,-78.819,Theft
186017,189210,3,42.898,-78.807,Breaking & Entering
186018,189211,3,42.874,-78.817,Assault
186020,189213,3,42.894,-78.834,Breaking & Entering
186023,189216,3,42.86,-78.817,Theft
186029,189222,3,42.871,-78.802,Theft
186031,189224,3,42.897,-78.839,Theft
186040,189234,3,42.898,-78.815,Breaking & Entering
186050,189244,3,42.832,-78.815,Theft
186056,189250,3,42.852,-78.824,Breaking & Entering
186061,189255,3,42.87,-78.805,Assault
186070,189264,3,42.843,-78.829,Breaking & Entering
186072,189266,3,42.885,-78.814,Assault
186073,189267,3,42.842,-78.825,Theft
186076,189270,3,42.899,-78.833,Robbery
186079,189273,3,42.873,-78.842,Assault
186105,189300,3,42.872,-78.819,Theft
186110,189305,3,42.886,-78.84,Breaking & Entering
186118,189313,3,42.85,-78.805,Theft
186120,189315,3,42.896,-78.841,Theft
186125,189320,3,42.853,-78.806,Theft
186129,189324,3,42.839,-78.821,Theft of Vehicle
186131,189326,3,42.853,-78.802,Breaking & Entering
186135,189330,3,42.891,-78.833,Theft
186137,189332,3,42.857,-78.815,Breaking & Entering
186138,189333,3,42.87,-78.807,Breaking & Entering
186139,189334,3,42.849,-78.83,Breaking & Entering
186147,189343,3,42.889,-78.808,Assault
186149,189345,3,42.845,-78.823,Assault
186161,189357,3,42.854,-78.808,Theft
186162,189358,3,42.846,-78.821,Theft
186167,189363,3,42.872,-78.812,Assault
186174,189370,3,42.887,-78.836,Breaking & Entering
186179,189375,3,42.855,-78.812,Theft
186187,189383,3,42.858,-78.822,Theft
186189,189385,3,42.898,-78.8,Breaking & Entering
186197,189393,3,42.878,-78.801,Theft
186218,189414,3,42.894,-78.828,Breaking & Entering
186233,189429,3,42.899,-78.838,Theft
186237,189433,3,42.89,-78.807,Theft
186238,189434,3,42.895,-78.828,Theft
186240,189436,3,42.849,-78.812,Theft
186244,189440,3,42.89,-78.803,Assault
186252,189448,3,42.896,-78.822,Assault
186255,189451,3,42.871,-78.836,Assault
186265,189462,3,42.896,-78.82,Assault
186274,189471,3,42.863,-78.818,Theft
186280,189478,3,42.848,-78.824,Theft of Vehicle
186286,189484,3,42.84,-78.823,Theft
186290,189488,3,42.888,-78.842,Robbery
186293,189491,3,42.875,-78.844,Theft of Vehicle
186321,189519,3,42.894,-78.834,Theft of Vehicle
186323,189521,3,42.852,-78.832,Robbery
186324,189522,3,42.835,-78.807,Theft
186325,189523,3,42.893,-78.841,Theft
186335,189533,3,42.853,-78.824,Theft
186343,189541,3,42.858,-78.831,Theft
186348,189546,3,42.894,-78.835,Robbery
186358,189556,3,42.84,-78.853,Theft
186362,189560,3,42.886,-78.805,Theft
186365,189563,3,42.886,-78.805,Theft
186372,189570,3,42.899,-78.832,Theft of Vehicle
186374,189572,3,42.85,-78.815,Theft
186383,189581,3,42.872,-78.833,Assault
186387,189585,3,42.893,-78.823,Breaking & Entering
186389,189587,3,42.889,-78.805,Theft
186393,189592,3,42.853,-78.807,Theft
186394,189593,3,42.892,-78.83,Theft
186404,189603,3,42.851,-78.816,Theft
186405,189604,3,42.858,-78.813,Assault
186409,189608,3,42.898,-78.84,Robbery
186416,189615,3,42.884,-78.839,Theft
186417,189616,3,42.841,-78.811,Theft
186430,189629,3,42.888,-78.835,Assault
186434,189633,3,42.857,-78.808,Theft
186451,189650,3,42.875,-78.802,Assault
186456,189656,3,42.851,-78.826,Theft
186463,189663,3,42.883,-78.836,Theft of Vehicle
186464,189664,3,42.854,-78.831,Breaking & Entering
186481,189683,3,42.896,-78.826,Assault
186489,189691,3,42.853,-78.818,Theft
186498,189700,3,42.899,-78.818,Theft
186512,189714,3,42.89,-78.811,Breaking & Entering
186513,189715,3,42.834,-78.824,Assault
186517,189719,3,42.857,-78.812,Theft
186518,189720,3,42.886,-78.802,Assault
186523,189725,3,42.858,-78.809,Theft of Vehicle
186539,189741,3,42.883,-78.845,Theft
186541,189743,3,42.898,-78.815,Breaking & Entering
186545,189747,3,42.835,-78.823,Theft of Vehicle
186551,189753,3,42.892,-78.844,Theft
186565,189767,3,42.893,-78.802,Assault
186577,189779,3,42.845,-78.824,Theft
186578,189780,3,42.847,-78.824,Theft
186582,189784,3,42.872,-78.821,Theft
186592,189794,3,42.882,-78.833,Breaking & Entering
186594,189796,3,42.844,-78.825,Theft
186598,189800,3,42.89,-78.813,Theft
186621,189823,3,42.899,-78.834,Assault
186639,189843,3,42.85,-78.827,Theft
186642,189846,3,42.86,-78.825,Theft
186651,189855,3,42.89,-78.831,Assault
186652,189856,3,42.897,-78.826,Assault
186654,189858,3,42.846,-78.819,Breaking & Entering
186658,189862,3,42.856,-78.824,Theft
186659,189863,3,42.896,-78.823,Theft
186662,189866,3,42.895,-78.836,Robbery
186674,189878,3,42.895,-78.839,Assault
186681,189885,3,42.837,-78.812,Assault
186692,189896,3,42.85,-78.803,Assault
186704,189908,3,42.889,-78.808,Theft
186707,189911,3,42.886,-78.842,Theft of Vehicle
186718,189922,3,42.839,-78.829,Theft
186720,189924,3,42.853,-78.824,Theft
186736,189940,3,42.872,-78.82,Theft
186738,189942,3,42.85,-78.804,Theft
186739,189943,3,42.897,-78.824,Theft
186753,189958,3,42.848,-78.824,Other Sexual Offense
186760,189965,3,42.854,-78.818,Theft
186763,189968,3,42.893,-78.821,Breaking & Entering
186764,189969,3,42.854,-78.811,Theft
186765,189970,3,42.895,-78.83,Robbery
186766,189971,3,42.853,-78.828,Theft
186769,189974,3,42.896,-78.821,Robbery
186770,189975,3,42.897,-78.841,Assault
186774,189979,3,42.85,-78.803,Theft
186775,189980,3,42.857,-78.829,Sexual Assault
186777,189982,3,42.857,-78.812,Theft
186780,189985,3,42.874,-78.809,Assault
186781,189986,3,42.893,-78.827,Assault
186786,189991,3,42.856,-78.824,Assault
186800,190006,3,42.897,-78.818,Theft
186802,190008,3,42.873,-78.808,Theft
186804,190010,3,42.85,-78.812,Breaking & Entering
186813,190019,3,42.877,-78.827,Assault
186816,190022,3,42.893,-78.837,Theft
186819,190025,3,42.899,-78.819,Theft
186821,190027,3,42.848,-78.817,Breaking & Entering
186827,190033,3,42.871,-78.837,Breaking & Entering
186841,190047,3,42.885,-78.844,Assault
186843,190049,3,42.853,-78.822,Breaking & Entering
186844,190050,3,42.87,-78.856,Theft of Vehicle
186865,190071,3,42.899,-78.835,Theft of Vehicle
186892,190098,3,42.88,-78.843,Breaking & Entering
186899,190105,3,42.89,-78.836,Theft
186905,190111,3,42.879,-78.851,Theft
186911,190117,3,42.858,-78.811,Theft
186914,190120,3,42.854,-78.828,Theft
186937,190143,3,42.89,-78.815,Assault
186950,190156,3,42.883,-78.808,Theft
186952,190158,3,42.868,-78.849,Theft
186964,190170,3,42.891,-78.831,Robbery
186965,190171,3,42.875,-78.805,Theft
186971,190178,3,42.845,-78.813,Theft
186973,190180,3,42.86,-78.825,Theft of Vehicle
187004,190211,3,42.847,-78.828,Assault
187012,190219,3,42.843,-78.824,Assault
187015,190223,3,42.891,-78.833,Assault
187017,190225,3,42.879,-78.839,Assault
187018,190226,3,42.893,-78.833,Theft
187019,190227,3,42.894,-78.822,Breaking & Entering
187022,190230,3,42.854,-78.811,Breaking & Entering
187027,190235,3,42.899,-78.816,Breaking & Entering
187028,190236,3,42.898,-78.816,Assault
187030,190238,3,42.888,-78.8,Breaking & Entering
187034,190242,3,42.858,-78.813,Theft
187044,190252,3,42.895,-78.836,Breaking & Entering
187047,190255,3,42.897,-78.809,Theft
187052,190260,3,42.891,-78.832,Theft of Vehicle
187063,190272,3,42.852,-78.809,Breaking & Entering
187066,190275,3,42.866,-78.821,Theft
187074,190283,3,42.896,-78.801,Theft
187080,190289,3,42.896,-78.813,Assault
187082,190291,3,42.858,-78.831,Theft
187085,190294,3,42.865,-78.85,Breaking & Entering
187098,190307,3,42.846,-78.826,Assault
187099,190308,3,42.858,-78.817,Theft
187101,190310,3,42.884,-78.845,Theft
187108,190317,3,42.898,-78.822,Theft
187120,190329,3,42.851,-78.822,Assault
187128,190337,3,42.855,-78.824,Theft
187129,190338,3,42.887,-78.836,Assault
187133,190342,3,42.885,-78.839,Theft
187144,190353,3,42.853,-78.824,Assault
187150,190359,3,42.872,-78.82,Theft
187154,190363,3,42.88,-78.835,Theft of Vehicle
187155,190364,3,42.89,-78.803,Breaking & Entering
187163,190372,3,42.898,-78.839,Assault
187167,190377,3,42.869,-78.817,Theft
187179,190389,3,42.889,-78.843,Breaking & Entering
187182,190392,3,42.886,-78.841,Breaking & Entering
187184,190396,3,42.895,-78.829,Robbery
187188,190400,3,42.894,-78.836,Breaking & Entering
187195,190407,3,42.871,-78.831,Assault
187200,190413,3,42.895,-78.807,Breaking & Entering
187208,190421,3,42.848,-78.824,Theft
187211,190424,3,42.867,-78.849,Breaking & Entering
187213,190426,3,42.898,-78.807,Theft
187214,190427,3,42.889,-78.806,Theft
187219,190432,3,42.897,-78.833,Breaking & Entering
187221,190434,3,42.896,-78.8,Theft
187227,190440,3,42.862,-78.82,Theft
187233,190446,3,42.872,-78.826,Theft
187234,190447,3,42.888,-78.814,Theft
187235,190448,3,42.847,-78.824,Robbery
187236,190449,3,42.896,-78.841,Assault
187244,190457,3,42.895,-78.809,Breaking & Entering
187257,190470,3,42.85,-78.803,Breaking & Entering
187262,190475,3,42.893,-78.805,Assault
187264,190477,3,42.888,-78.811,Breaking & Entering
187269,190482,3,42.841,-78.809,Theft
187270,190483,3,42.889,-78.814,Theft of Vehicle
187276,190489,3,42.855,-78.809,Assault
187283,190496,3,42.88,-78.846,Breaking & Entering
187286,190499,3,42.894,-78.807,Assault
187288,190501,3,42.842,-78.818,Breaking & Entering
187289,190502,3,42.894,-78.835,Theft
187291,190504,3,42.846,-78.814,Theft of Vehicle
187302,190515,3,42.89,-78.806,Assault
187304,190517,3,42.846,-78.823,Theft of Vehicle
187305,190518,3,42.846,-78.821,Theft
187309,190522,3,42.887,-78.837,Breaking & Entering
187316,190529,3,42.895,-78.842,Theft
187318,190531,3,42.89,-78.837,Assault
187321,190534,3,42.847,-78.824,Robbery
187325,190538,3,42.847,-78.81,Theft
187333,190546,3,42.897,-78.824,Breaking & Entering
187335,190548,3,42.845,-78.813,Assault
187336,190549,3,42.853,-78.805,Theft
187338,190551,3,42.898,-78.824,Breaking & Entering
187342,190555,3,42.875,-78.853,Assault
187348,190561,3,42.874,-78.805,Other Sexual Offense
187351,190564,3,42.892,-78.833,Breaking & Entering
187361,190574,3,42.859,-78.809,Breaking & Entering
187365,190578,3,42.891,-78.814,Theft of Vehicle
187386,190599,3,42.89,-78.838,Theft of Vehicle
187388,190601,3,42.896,-78.834,Assault
187394,190607,3,42.855,-78.814,Assault
187401,190614,3,42.855,-78.833,Theft
187405,190618,3,42.856,-78.832,Other Sexual Offense
187424,190637,3,42.837,-78.825,Theft
187426,190640,3,42.855,-78.81,Assault
187431,190645,3,42.885,-78.811,Breaking & Entering
187433,190647,3,42.853,-78.823,Assault
187434,190648,3,42.895,-78.821,Breaking & Entering
187435,190649,3,42.844,-78.831,Theft of Vehicle
187445,190659,3,42.849,-78.823,Theft
187451,190665,3,42.895,-78.834,Theft
187455,190669,3,42.885,-78.814,Theft of Vehicle
187457,190671,3,42.893,-78.837,Theft
187460,190674,3,42.893,-78.837,Theft
187469,190683,3,42.847,-78.816,Theft
187471,190685,3,42.893,-78.839,Assault
187475,190689,3,42.899,-78.82,Theft
187476,190690,3,42.857,-78.829,Robbery
187483,190697,3,42.894,-78.835,Theft
187486,190700,3,42.898,-78.807,Theft
187488,190702,3,42.852,-78.814,Breaking & Entering
187493,190707,3,42.856,-78.824,Assault
187496,190711,3,42.848,-78.824,Robbery
187497,190712,3,42.858,-78.831,Theft
187501,190716,3,42.856,-78.807,Theft
187508,190723,3,42.858,-78.82,Theft
187509,190724,3,42.844,-78.843,Theft
187513,190728,3,42.869,-78.81,Breaking & Entering
187514,190729,3,42.859,-78.809,Breaking & Entering
187520,190735,3,42.872,-78.815,Breaking & Entering
187524,190739,3,42.894,-78.827,Assault
187525,190740,3,42.886,-78.841,Breaking & Entering
187528,190743,3,42.881,-78.801,Theft
187530,190745,3,42.874,-78.802,Theft
187536,190751,3,42.896,-78.806,Theft
187539,190754,3,42.89,-78.84,Assault
187541,190756,3,42.87,-78.804,Breaking & Entering
187542,190757,3,42.857,-78.81,Assault
187543,190758,3,42.853,-78.821,Breaking & Entering
187548,190763,3,42.891,-78.809,Assault
187552,190767,3,42.845,-78.813,Robbery
187553,190768,3,42.89,-78.837,Assault
187559,190774,3,42.897,-78.818,Theft
187568,190783,3,42.847,-78.832,Theft
187570,190786,3,42.872,-78.82,Theft
187572,190788,3,42.852,-78.819,Breaking & Entering
187574,190790,3,42.888,-78.809,Theft
187575,190791,3,42.854,-78.827,Theft
187580,190796,3,42.89,-78.808,Breaking & Entering
187582,190799,3,42.87,-78.835,Assault
187583,190800,3,42.893,-78.84,Theft
187586,190803,3,42.887,-78.8,Breaking & Entering
187592,190809,3,42.879,-78.834,Breaking & Entering
187597,190814,3,42.858,-78.831,Theft
187600,190817,3,42.871,-78.807,Assault
187601,190818,3,42.853,-78.804,Assault
187605,190822,3,42.895,-78.839,Breaking & Entering
187607,190824,3,42.845,-78.823,Theft
187617,190834,3,42.896,-78.836,Assault
187624,190841,3,42.848,-78.824,Assault
187628,190845,3,42.833,-78.824,Theft
187629,190846,3,42.855,-78.808,Other Sexual Offense
187631,190848,3,42.857,-78.833,Breaking & Entering
187644,190861,3,42.855,-78.807,Theft
187652,190870,3,42.897,-78.816,Robbery
187653,190871,3,42.89,-78.834,Assault
187665,190884,3,42.854,-78.828,Assault
187670,190889,3,42.852,-78.826,Breaking & Entering
187675,190895,3,42.858,-78.829,Theft
187695,190915,3,42.871,-78.831,Breaking & Entering
187698,190918,3,42.892,-78.831,Assault
187702,190923,3,42.876,-78.852,Theft
187703,190924,3,42.856,-78.828,Theft of Vehicle
187712,190933,3,42.891,-78.818,Theft
187717,190938,3,42.87,-78.846,Theft
187720,190941,3,42.836,-78.818,Theft
187725,190946,3,42.842,-78.813,Theft of Vehicle
187727,190948,3,42.868,-78.808,Assault
187735,190956,3,42.899,-78.818,Assault
187736,190957,3,42.885,-78.839,Assault
187743,190964,3,42.859,-78.814,Breaking & Entering
187758,190979,3,42.899,-78.822,Breaking & Entering
187763,190984,3,42.884,-78.831,Theft
187767,190988,3,42.855,-78.812,Breaking & Entering
187771,190992,3,42.87,-78.809,Theft
187780,191001,3,42.863,-78.816,Theft
187781,191002,3,42.889,-78.843,Theft
187782,191003,3,42.899,-78.818,Breaking & Entering
187783,191004,3,42.833,-78.824,Theft
187790,191011,3,42.856,-78.831,Assault
187793,191014,3,42.896,-78.824,Theft
187794,191015,3,42.862,-78.815,Theft
187796,191017,3,42.837,-78.824,Theft
187798,191019,3,42.849,-78.803,Theft
187803,191025,3,42.834,-78.807,Theft
187808,191030,3,42.884,-78.833,Theft
187821,191043,3,42.837,-78.812,Breaking & Entering
187822,191044,3,42.889,-78.839,Breaking & Entering
187829,191051,3,42.857,-78.821,Assault
187830,191052,3,42.89,-78.814,Assault
187831,191053,3,42.895,-78.827,Breaking & Entering
187839,191061,3,42.873,-78.811,Theft
187843,191065,3,42.89,-78.837,Breaking & Entering
187850,191072,3,42.872,-78.806,Theft
187856,191078,3,42.893,-78.837,Theft
187858,191080,3,42.874,-78.826,Assault
187867,191091,3,42.888,-78.8,Theft of Vehicle
187873,191097,3,42.862,-78.815,Theft
187876,191100,3,42.833,-78.806,Theft
187880,191104,3,42.893,-78.837,Robbery
187881,191105,3,42.846,-78.823,Assault
187890,191114,3,42.854,-78.809,Assault
187895,191119,3,42.888,-78.801,Assault
187905,191129,3,42.89,-78.814,Robbery
187908,191132,3,42.845,-78.811,Breaking & Entering
187909,191133,3,42.878,-78.833,Theft
187912,191136,3,42.852,-78.827,Breaking & Entering
187914,191138,3,42.894,-78.824,Theft
187921,191145,3,42.834,-78.816,Theft
187922,191146,3,42.843,-78.824,Breaking & Entering
187931,191155,3,42.891,-78.811,Robbery
187932,191156,3,42.892,-78.84,Breaking & Entering
187943,191167,3,42.891,-78.832,Assault
187951,191175,3,42.869,-78.83,Theft
187952,191176,3,42.869,-78.833,Theft
187953,191177,3,42.856,-78.837,Breaking & Entering
187954,191178,3,42.873,-78.809,Theft
187958,191182,3,42.878,-78.836,Breaking & Entering
187963,191187,3,42.869,-78.831,Breaking & Entering
187967,191191,3,42.875,-78.826,Breaking & Entering
187970,191194,3,42.834,-78.815,Theft of Vehicle
187976,191200,3,42.873,-78.826,Robbery
187978,191202,3,42.887,-78.803,Breaking & Entering
187986,191210,3,42.855,-78.827,Theft
187992,191216,3,42.899,-78.836,Breaking & Entering
188005,191229,3,42.881,-78.807,Theft
188010,191234,3,42.844,-78.826,Breaking & Entering
188012,191236,3,42.838,-78.808,Theft
188013,191237,3,42.848,-78.824,Theft
188018,191242,3,42.869,-78.849,Breaking & Entering
188026,191250,3,42.858,-78.827,Assault
188027,191251,3,42.899,-78.81,Theft
188032,191256,3,42.895,-78.815,Theft
188037,191261,3,42.85,-78.803,Assault
188043,191267,3,42.885,-78.825,Theft
188050,191274,3,42.893,-78.821,Assault
188052,191276,3,42.839,-78.815,Assault
188056,191280,3,42.897,-78.817,Breaking & Entering
188058,191282,3,42.895,-78.817,Robbery
188062,191286,3,42.858,-78.813,Theft
188064,191288,3,42.88,-78.834,Theft of Vehicle
188070,191294,3,42.873,-78.814,Breaking & Entering
188075,191299,3,42.882,-78.845,Theft
188080,191305,3,42.898,-78.82,Robbery
188082,191307,3,42.897,-78.834,Breaking & Entering
188086,191311,3,42.873,-78.844,Assault
188091,191316,3,42.858,-78.809,Theft
188100,191325,3,42.837,-78.824,Breaking & Entering
188111,191336,3,42.848,-78.827,Assault
188124,191349,3,42.885,-78.803,Breaking & Entering
188129,191354,3,42.895,-78.842,Theft
188132,191357,3,42.89,-78.845,Theft
188133,191358,3,42.894,-78.822,Assault
188146,191371,3,42.887,-78.807,Theft of Vehicle
188155,191380,3,42.845,-78.828,Theft
188158,191383,3,42.894,-78.831,Theft
188161,191386,3,42.898,-78.817,Assault
188183,191408,3,42.858,-78.805,Theft
188221,191447,3,42.855,-78.834,Theft
188224,191450,3,42.841,-78.812,Theft of Vehicle
188239,191465,3,42.857,-78.829,Assault
188241,191467,3,42.836,-78.815,Breaking & Entering
188246,191472,3,42.886,-78.804,Theft
188250,191476,3,42.893,-78.837,Theft
188252,191478,3,42.888,-78.8,Breaking & Entering
188257,191483,3,42.848,-78.802,Theft
188261,191487,3,42.878,-78.815,Assault
188266,191492,3,42.872,-78.853,Theft of Vehicle
188270,191496,3,42.878,-78.84,Theft
188272,191498,3,42.872,-78.811,Theft
188294,191520,3,42.882,-78.84,Assault
188307,191533,3,42.889,-78.8,Breaking & Entering
188308,191534,3,42.894,-78.819,Robbery
188316,191542,3,42.882,-78.8,Theft
188320,191546,3,42.884,-78.846,Assault
188327,191554,3,42.895,-78.819,Breaking & Entering
188340,191567,3,42.851,-78.817,Theft
188346,191573,3,42.887,-78.809,Assault
188348,191575,3,42.874,-78.806,Assault
188350,191577,3,42.891,-78.831,Theft
188351,191578,3,42.889,-78.805,Theft
188356,191583,3,42.888,-78.846,Assault
188357,191584,3,42.854,-78.828,Breaking & Entering
188360,191587,3,42.856,-78.826,Theft
188361,191588,3,42.844,-78.808,Theft
188364,191591,3,42.893,-78.837,Robbery
188371,191598,3,42.857,-78.804,Theft
188372,191599,3,42.851,-78.816,Theft
188375,191602,3,42.895,-78.809,Theft
188379,191606,3,42.858,-78.809,Assault
188389,191616,3,42.846,-78.832,Assault
188391,191618,3,42.871,-78.801,Theft
188392,191619,3,42.858,-78.806,Theft
188394,191621,3,42.872,-78.82,Theft
188396,191623,3,42.89,-78.845,Other Sexual Offense
188397,191624,3,42.87,-78.837,Theft
188412,191640,3,42.855,-78.825,Robbery
188414,191642,3,42.894,-78.819,Theft of Vehicle
188416,191644,3,42.851,-78.806,Theft
188417,191645,3,42.844,-78.825,Breaking & Entering
188421,191649,3,42.89,-78.807,Theft
188427,191655,3,42.853,-78.807,Assault
188432,191660,3,42.899,-78.836,Breaking & Entering
188433,191661,3,42.842,-78.825,Sexual Assault
188435,191663,3,42.85,-78.815,Theft
188457,191685,3,42.837,-78.826,Theft of Vehicle
188463,191691,3,42.868,-78.846,Assault
188464,191692,3,42.854,-78.805,Theft
188481,191709,3,42.885,-78.839,Theft of Vehicle
188483,191711,3,42.873,-78.814,Robbery
188491,191719,3,42.855,-78.81,Theft
188493,191721,3,42.893,-78.819,Breaking & Entering
188497,191725,3,42.889,-78.807,Theft
188505,191733,3,42.885,-78.814,Theft
188517,191745,3,42.854,-78.832,Assault
188528,191756,3,42.855,-78.828,Theft of Vehicle
188533,191761,3,42.891,-78.807,Theft
188536,191764,3,42.87,-78.852,Theft
188539,191767,3,42.856,-78.836,Assault
188548,191776,3,42.894,-78.84,Assault
188559,191787,3,42.888,-78.8,Breaking & Entering
188560,191788,3,42.854,-78.81,Assault
188566,191794,3,42.844,-78.824,Theft
188567,191795,3,42.855,-78.831,Robbery
188568,191796,3,42.888,-78.836,Theft
188569,191797,3,42.857,-78.831,Breaking & Entering
188573,191801,3,42.855,-78.834,Theft
188582,191810,3,42.887,-78.803,Breaking & Entering
188586,191815,3,42.883,-78.839,Theft of Vehicle
188587,191816,3,42.848,-78.824,Theft
188589,191818,3,42.845,-78.826,Theft of Vehicle
188590,191819,3,42.854,-78.829,Theft
188596,191826,3,42.866,-78.848,Assault
188600,191830,3,42.885,-78.841,Robbery
188603,191833,3,42.896,-78.821,Assault
188605,191835,3,42.897,-78.817,Theft
188612,191842,3,42.862,-78.8,Breaking & Entering
188619,191849,3,42.863,-78.82,Theft
188625,191855,3,42.872,-78.824,Breaking & Entering
188631,191861,3,42.893,-78.837,Theft
188638,191868,3,42.889,-78.837,Theft of Vehicle
188644,191874,3,42.837,-78.824,Assault
188645,191875,3,42.847,-78.831,Assault
188648,191878,3,42.884,-78.831,Theft
188655,191885,3,42.894,-78.841,Theft
188656,191886,3,42.861,-78.839,Theft
188666,191896,3,42.834,-78.824,Theft
188670,191900,3,42.859,-78.835,Breaking & Entering
188672,191902,3,42.848,-78.824,Assault
188676,191906,3,42.897,-78.8,Theft
188679,191909,3,42.84,-78.801,Theft
188688,191918,3,42.85,-78.83,Breaking & Entering
188689,191919,3,42.896,-78.816,Robbery
188695,191925,3,42.872,-78.843,Theft
188701,191931,3,42.897,-78.835,Assault
188717,191947,3,42.894,-78.836,Breaking & Entering
188726,191956,3,42.849,-78.817,Breaking & Entering
188728,191958,3,42.883,-78.849,Robbery
188731,191961,3,42.875,-78.805,Theft
188736,191966,3,42.869,-78.848,Theft of Vehicle
188742,191972,3,42.855,-78.833,Assault
188754,191984,3,42.867,-78.806,Assault
188770,192000,3,42.897,-78.819,Theft
188776,192006,3,42.886,-78.827,Theft of Vehicle
188779,192009,3,42.898,-78.801,Assault
188782,192012,3,42.858,-78.825,Theft
188785,192015,3,42.896,-78.832,Breaking & Entering
188792,192022,3,42.862,-78.818,Theft
188805,192035,3,42.842,-78.821,Assault
188807,192037,3,42.873,-78.814,Theft
188823,192053,3,42.882,-78.831,Breaking & Entering
188828,192058,3,42.834,-78.81,Breaking & Entering
188836,192066,3,42.869,-78.807,Assault
188837,192067,3,42.855,-78.826,Assault
188839,192069,3,42.871,-78.832,Theft
188842,192072,3,42.884,-78.822,Theft
188843,192073,3,42.867,-78.823,Breaking & Entering
188844,192074,3,42.898,-78.807,Theft
188849,192079,3,42.895,-78.831,Theft
188851,192081,3,42.896,-78.814,Breaking & Entering
188853,192083,3,42.897,-78.814,Theft of Vehicle
188854,192084,3,42.858,-78.813,Theft
188862,192092,3,42.893,-78.823,Breaking & Entering
188864,192094,3,42.891,-78.84,Theft
188866,192096,3,42.874,-78.805,Robbery
188871,192101,3,42.87,-78.815,Theft
188877,192107,3,42.834,-78.804,Theft
188880,192110,3,42.897,-78.826,Breaking & Entering
188885,192115,3,42.867,-78.848,Theft
188895,192127,3,42.887,-78.841,Breaking & Entering
188901,192133,3,42.849,-78.828,Theft
188908,192140,3,42.868,-78.807,Theft
188912,192144,3,42.858,-78.831,Theft
188927,192159,3,42.853,-78.823,Theft
188931,192163,3,42.885,-78.806,Theft of Vehicle
188932,192164,3,42.897,-78.838,Robbery
188933,192165,3,42.899,-78.84,Assault
188939,192171,3,42.899,-78.822,Assault
188948,192180,3,42.896,-78.819,Assault
188949,192181,3,42.873,-78.809,Robbery
188962,192195,3,42.895,-78.806,Breaking & Entering
188965,192198,3,42.896,-78.821,Breaking & Entering
188974,192207,3,42.899,-78.818,Breaking & Entering
188981,192214,3,42.891,-78.833,Theft
188988,192221,3,42.895,-78.808,Breaking & Entering
188992,192225,3,42.864,-78.818,Theft
188998,192231,3,42.852,-78.829,Theft
188999,192232,3,42.848,-78.824,Assault
189002,192235,3,42.878,-78.815,Assault
189005,192238,3,42.857,-78.813,Theft
189014,192247,3,42.886,-78.802,Theft
189022,192255,3,42.855,-78.81,Theft
189024,192257,3,42.837,-78.82,Theft
189035,192268,3,42.88,-78.842,Theft of Vehicle
189040,192274,3,42.86,-78.81,Theft
189043,192277,3,42.88,-78.802,Assault
189046,192280,3,42.898,-78.823,Breaking & Entering
189050,192284,3,42.869,-78.829,Theft
189054,192288,3,42.852,-78.829,Assault
189056,192290,3,42.841,-78.834,Theft of Vehicle
189057,192291,3,42.859,-78.814,Theft
189063,192297,3,42.893,-78.839,Robbery
189068,192302,3,42.837,-78.824,Robbery
189078,192312,3,42.896,-78.809,Theft
189095,192330,3,42.883,-78.83,Theft
189115,192350,3,42.848,-78.816,Breaking & Entering
189118,192353,3,42.854,-78.819,Breaking & Entering
189129,192364,3,42.869,-78.805,Breaking & Entering
189150,192385,3,42.889,-78.808,Theft of Vehicle
189151,192386,3,42.897,-78.815,Theft of Vehicle
189155,192390,3,42.86,-78.822,Sexual Assault
189156,192391,3,42.867,-78.824,Robbery
189165,192400,3,42.897,-78.825,Assault
189167,192402,3,42.851,-78.806,Theft
189169,192404,3,42.833,-78.824,Theft
189171,192406,3,42.888,-78.808,Theft
189178,192413,3,42.851,-78.805,Theft
189186,192421,3,42.892,-78.834,Theft of Vehicle
189189,192424,3,42.888,-78.806,Assault
189195,192430,3,42.843,-78.816,Theft of Vehicle
189199,192434,3,42.895,-78.83,Theft
189204,192440,3,42.86,-78.825,Theft
189207,192443,3,42.871,-78.838,Breaking & Entering
189209,192445,3,42.866,-78.858,Breaking & Entering
189215,192451,3,42.891,-78.837,Assault
189216,192452,3,42.881,-78.843,Assault
189219,192455,3,42.892,-78.81,Theft
189222,192458,3,42.838,-78.833,Theft
189223,192459,3,42.888,-78.805,Theft
189224,192460,3,42.896,-78.809,Theft of Vehicle
189226,192462,3,42.872,-78.85,Breaking & Entering
189229,192466,3,42.841,-78.809,Theft
189236,192473,3,42.894,-78.821,Breaking & Entering
189240,192477,3,42.892,-78.827,Breaking & Entering
189242,192479,3,42.872,-78.804,Breaking & Entering
189245,192482,3,42.891,-78.807,Assault
189252,192489,3,42.878,-78.816,Assault
189268,192506,3,42.872,-78.83,Assault
189274,192513,3,42.875,-78.804,Assault
189277,192516,3,42.841,-78.824,Theft
189286,192525,3,42.885,-78.842,Assault
189288,192527,3,42.891,-78.824,Assault
189289,192528,3,42.897,-78.822,Breaking & Entering
189294,192533,3,42.898,-78.807,Theft
189309,192548,3,42.897,-78.84,Theft
189311,192550,3,42.848,-78.812,Assault
189316,192555,3,42.884,-78.839,Assault
189317,192556,3,42.888,-78.801,Theft
189323,192562,3,42.896,-78.816,Theft
189332,192572,3,42.897,-78.804,Breaking & Entering
189333,192573,3,42.887,-78.81,Theft of Vehicle
189339,192579,3,42.874,-78.809,Theft
189341,192581,3,42.844,-78.832,Theft
189342,192582,3,42.868,-78.809,Assault
189343,192583,3,42.893,-78.841,Assault
189347,192587,3,42.898,-78.807,Theft
189348,192588,3,42.872,-78.806,Assault
189378,192618,3,42.878,-78.816,Theft
189379,192619,3,42.873,-78.853,Theft
189382,192622,3,42.893,-78.806,Theft
189388,192628,3,42.898,-78.803,Theft of Vehicle
189389,192629,3,42.888,-78.802,Assault
189396,192636,3,42.828,-78.824,Robbery
189398,192638,3,42.863,-78.82,Assault
189402,192642,3,42.889,-78.815,Breaking & Entering
189404,192644,3,42.857,-78.81,Breaking & Entering
189409,192649,3,42.888,-78.811,Assault
189410,192650,3,42.898,-78.839,Robbery
189429,192670,3,42.869,-78.848,Theft
189436,192677,3,42.838,-78.808,Theft
189438,192679,3,42.891,-78.833,Breaking & Entering
189439,192680,3,42.871,-78.832,Breaking & Entering
189440,192681,3,42.887,-78.806,Breaking & Entering
189445,192687,3,42.847,-78.828,Theft
189450,192692,3,42.898,-78.807,Theft
189462,192704,3,42.898,-78.807,Robbery
189467,192709,3,42.891,-78.815,Theft of Vehicle
189475,192717,3,42.872,-78.811,Theft
189483,192725,3,42.897,-78.838,Robbery
189497,192739,3,42.836,-78.823,Theft
189499,192741,3,42.87,-78.844,Assault
189502,192744,3,42.853,-78.806,Robbery
189505,192748,3,42.894,-78.819,Theft
189511,192754,3,42.839,-78.824,Theft
189519,192762,3,42.899,-78.831,Breaking & Entering
189530,192773,3,42.893,-78.841,Theft
189532,192775,3,42.886,-78.805,Assault
189534,192777,3,42.892,-78.834,Robbery
189535,192778,3,42.849,-78.816,Theft
189550,192793,3,42.896,-78.817,Breaking & Entering
189558,192801,3,42.898,-78.815,Breaking & Entering
189563,192806,3,42.875,-78.843,Breaking & Entering
189574,192818,3,42.832,-78.815,Assault
189578,192822,3,42.871,-78.807,Assault
189579,192823,3,42.871,-78.81,Theft
189583,192827,3,42.832,-78.809,Breaking & Entering
189589,192833,3,42.863,-78.821,Robbery
189611,192855,3,42.895,-78.829,Theft of Vehicle
189614,192858,3,42.851,-78.823,Breaking & Entering
189615,192859,3,42.892,-78.826,Assault
189618,192862,3,42.893,-78.821,Assault
189650,192894,3,42.852,-78.802,Assault
189652,192896,3,42.896,-78.838,Assault
189659,192903,3,42.845,-78.801,Theft
189664,192908,3,42.888,-78.809,Assault
189670,192914,3,42.895,-78.822,Assault
189678,192922,3,42.894,-78.834,Theft
189681,192925,3,42.895,-78.834,Breaking & Entering
189682,192926,3,42.858,-78.815,Assault
189686,192930,3,42.892,-78.833,Breaking & Entering
189688,192932,3,42.895,-78.802,Breaking & Entering
189697,192941,3,42.873,-78.805,Other Sexual Offense
189702,192946,3,42.892,-78.84,Robbery
189708,192952,3,42.896,-78.818,Theft of Vehicle
189714,192958,3,42.888,-78.815,Assault
189720,192964,3,42.858,-78.822,Breaking & Entering
189731,192975,3,42.896,-78.833,Theft
189732,192976,3,42.891,-78.837,Theft
189735,192979,3,42.893,-78.837,Theft
189736,192980,3,42.85,-78.803,Breaking & Entering
189739,192983,3,42.879,-78.842,Breaking & Entering
189741,192985,3,42.838,-78.832,Assault
189742,192986,3,42.89,-78.836,Theft of Vehicle
189747,192991,3,42.882,-78.849,Theft of Vehicle
189753,192997,3,42.884,-78.824,Assault
189759,193003,3,42.873,-78.807,Theft
189779,193023,3,42.87,-78.829,Theft
189780,193024,3,42.883,-78.832,Breaking & Entering
189782,193026,3,42.891,-78.832,Theft
189794,193038,3,42.855,-78.831,Theft of Vehicle
189796,193040,3,42.882,-78.847,Theft
189800,193044,3,42.894,-78.823,Theft
189806,193050,3,42.844,-78.824,Theft
189808,193052,3,42.888,-78.802,Theft
189821,193065,3,42.872,-78.807,Assault
189830,193074,3,42.832,-78.815,Theft
189847,193091,3,42.856,-78.832,Theft
189858,193102,3,42.873,-78.81,Theft
189863,193107,3,42.867,-78.857,Assault
189881,193125,3,42.872,-78.804,Breaking & Entering
189901,193145,3,42.899,-78.834,Theft
189905,193149,3,42.839,-78.824,Theft
189918,193162,3,42.892,-78.814,Theft
189921,193165,3,42.865,-78.802,Breaking & Entering
189926,193170,3,42.849,-78.823,Breaking & Entering
189928,193172,3,42.869,-78.829,Theft
189932,193176,3,42.892,-78.84,Breaking & Entering
189938,193182,3,42.838,-78.808,Theft
189943,193187,3,42.89,-78.832,Assault
189944,193188,3,42.855,-78.805,Theft of Vehicle
189945,193189,3,42.894,-78.83,Assault
189955,193199,3,42.895,-78.819,Theft
189961,193205,3,42.844,-78.824,Assault
189969,193213,3,42.87,-78.833,Theft
189972,193216,3,42.838,-78.808,Theft
189978,193222,3,42.871,-78.813,Breaking & Entering
189987,193231,3,42.893,-78.823,Robbery
189991,193235,3,42.869,-78.808,Breaking & Entering
189998,193242,3,42.848,-78.824,Theft of Vehicle
190003,193247,3,42.85,-78.815,Breaking & Entering
190005,193249,3,42.857,-78.812,Assault
190007,193251,3,42.838,-78.824,Theft
190009,193253,3,42.869,-78.809,Theft
190017,193261,3,42.841,-78.824,Theft
190022,193267,3,42.889,-78.81,Theft of Vehicle
190025,193270,3,42.872,-78.82,Theft
190029,193274,3,42.848,-78.824,Theft
190031,193276,3,42.878,-78.849,Breaking & Entering
190034,193279,3,42.838,-78.808,Robbery
190050,193295,3,42.852,-78.805,Theft
190054,193299,3,42.895,-78.833,Theft
190055,193300,3,42.89,-78.815,Theft
190060,193305,3,42.881,-78.836,Assault
190061,193306,3,42.87,-78.844,Theft
190068,193313,3,42.896,-78.806,Breaking & Entering
190077,193322,3,42.896,-78.817,Robbery
190085,193330,3,42.893,-78.838,Theft
190087,193332,3,42.865,-78.825,Breaking & Entering
190091,193338,3,42.858,-78.816,Theft
190106,193353,3,42.845,-78.813,Theft of Vehicle
190108,193355,3,42.898,-78.807,Theft
190109,193356,3,42.894,-78.833,Theft
190110,193357,3,42.855,-78.806,Breaking & Entering
190111,193358,3,42.898,-78.807,Theft
190117,193364,3,42.885,-78.839,Assault
190122,193369,3,42.898,-78.814,Assault
190126,193373,3,42.878,-78.835,Theft
190127,193374,3,42.869,-78.811,Theft of Vehicle
190128,193375,3,42.85,-78.827,Breaking & Entering
190131,193378,3,42.842,-78.813,Theft of Vehicle
190133,193380,3,42.846,-78.821,Breaking & Entering
190135,193382,3,42.833,-78.809,Breaking & Entering
190152,193399,3,42.853,-78.82,Assault
190154,193401,3,42.86,-78.815,Assault
190163,193410,3,42.841,-78.824,Theft
190168,193415,3,42.848,-78.824,Assault
190174,193421,3,42.856,-78.834,Theft
190177,193424,3,42.842,-78.825,Assault
190180,193427,3,42.866,-78.822,Theft
190187,193434,3,42.888,-78.807,Assault
190198,193445,3,42.856,-78.811,Robbery
190200,193447,3,42.887,-78.803,Robbery
190207,193455,3,42.898,-78.836,Assault
190211,193459,3,42.887,-78.802,Breaking & Entering
190212,193460,3,42.896,-78.825,Assault
190213,193461,3,42.864,-78.851,Theft
190225,193473,3,42.879,-78.807,Breaking & Entering
190234,193482,3,42.863,-78.821,Theft
190238,193486,3,42.896,-78.805,Assault
190247,193495,3,42.891,-78.811,Assault
190249,193497,3,42.828,-78.824,Theft
190256,193504,3,42.849,-78.803,Breaking & Entering
190257,193505,3,42.879,-78.842,Breaking & Entering
190271,193519,3,42.872,-78.844,Breaking & Entering
190273,193521,3,42.842,-78.82,Breaking & Entering
190274,193522,3,42.857,-78.823,Breaking & Entering
190281,193529,3,42.895,-78.806,Assault
190283,193531,3,42.891,-78.836,Theft of Vehicle
190287,193535,3,42.873,-78.849,Theft
190294,193542,3,42.846,-78.823,Breaking & Entering
190308,193556,3,42.897,-78.82,Robbery
190309,193557,3,42.834,-78.807,Assault
190310,193558,3,42.881,-78.829,Theft
190311,193559,3,42.867,-78.806,Theft
190313,193561,3,42.898,-78.807,Theft
190314,193562,3,42.887,-78.837,Theft of Vehicle
190319,193567,3,42.89,-78.836,Breaking & Entering
190324,193572,3,42.888,-78.814,Theft
190337,193585,3,42.868,-78.805,Breaking & Entering
190339,193587,3,42.89,-78.804,Breaking & Entering
190341,193589,3,42.849,-78.831,Theft
190358,193606,3,42.889,-78.838,Theft
190362,193610,3,42.868,-78.809,Theft
190365,193613,3,42.893,-78.838,Robbery
190369,193617,3,42.852,-78.826,Theft
190380,193628,3,42.858,-78.808,Theft of Vehicle
190382,193630,3,42.89,-78.836,Robbery
190383,193631,3,42.888,-78.814,Theft
190386,193634,3,42.858,-78.814,Assault
190388,193636,3,42.86,-78.816,Breaking & Entering
190393,193641,3,42.848,-78.832,Theft
190402,193650,3,42.859,-78.833,Theft
190405,193653,3,42.835,-78.819,Theft
190413,193661,3,42.855,-78.826,Theft
190427,193675,3,42.868,-78.847,Breaking & Entering
190429,193677,3,42.851,-78.825,Theft
190432,193680,3,42.847,-78.82,Theft
190435,193683,3,42.893,-78.832,Theft
190438,193686,3,42.896,-78.816,Theft of Vehicle
190440,193688,3,42.892,-78.827,Assault
190442,193690,3,42.894,-78.807,Assault
190446,193694,3,42.873,-78.804,Breaking & Entering
190452,193700,3,42.896,-78.816,Theft
190453,193701,3,42.896,-78.815,Theft
190464,193713,3,42.872,-78.805,Assault
190467,193716,3,42.845,-78.824,Theft
190469,193718,3,42.886,-78.839,Breaking & Entering
190471,193720,3,42.857,-78.83,Theft
190480,193729,3,42.898,-78.838,Theft of Vehicle
190496,193746,3,42.871,-78.806,Assault
190508,193758,3,42.843,-78.82,Theft
190509,193759,3,42.858,-78.813,Robbery
190512,193762,3,42.868,-78.805,Theft
190519,193769,3,42.878,-78.842,Assault
190531,193781,3,42.896,-78.826,Theft of Vehicle
190533,193783,3,42.899,-78.81,Theft
190539,193789,3,42.843,-78.83,Theft
190546,193796,3,42.85,-78.803,Theft
190550,193800,3,42.898,-78.815,Theft
190554,193804,3,42.89,-78.805,Theft
190555,193805,3,42.89,-78.8,Theft of Vehicle
190566,193817,3,42.876,-78.828,Assault
190568,193819,3,42.882,-78.833,Breaking & Entering
190569,193820,3,42.855,-78.801,Theft of Vehicle
190572,193823,3,42.878,-78.801,Theft
190573,193824,3,42.898,-78.831,Breaking & Entering
190575,193826,3,42.837,-78.808,Theft
190578,193830,3,42.881,-78.833,Theft
190582,193834,3,42.836,-78.812,Theft
190584,193836,3,42.895,-78.827,Breaking & Entering
190593,193845,3,42.893,-78.841,Theft
190615,193867,3,42.848,-78.832,Theft
190617,193869,3,42.897,-78.826,Breaking & Entering
190621,193873,3,42.86,-78.825,Theft
190622,193874,3,42.891,-78.83,Breaking & Entering
190627,193879,3,42.851,-78.812,Breaking & Entering
190630,193882,3,42.852,-78.819,Theft
190634,193886,3,42.872,-78.839,Theft
190639,193892,3,42.89,-78.803,Assault
190642,193895,3,42.84,-78.806,Theft of Vehicle
190643,193896,3,42.893,-78.84,Theft
190649,193902,3,42.88,-78.84,Theft
190651,193904,3,42.897,-78.817,Robbery
190655,193908,3,42.894,-78.835,Assault
190657,193910,3,42.856,-78.826,Breaking & Entering
190665,193918,3,42.867,-78.857,Theft of Vehicle
190672,193925,3,42.833,-78.824,Robbery
190673,193926,3,42.895,-78.835,Robbery
190681,193934,3,42.899,-78.837,Theft of Vehicle
190682,193935,3,42.873,-78.852,Breaking & Entering
190686,193939,3,42.875,-78.85,Theft
190694,193948,3,42.886,-78.838,Assault
190700,193954,3,42.834,-78.823,Theft of Vehicle
190717,193971,3,42.863,-78.812,Breaking & Entering
190720,193974,3,42.858,-78.831,Theft
190725,193979,3,42.854,-78.808,Assault
190727,193981,3,42.897,-78.818,Theft
190735,193990,3,42.888,-78.846,Theft of Vehicle
190753,194009,3,42.884,-78.835,Theft of Vehicle
190760,194016,3,42.895,-78.83,Theft
190771,194027,3,42.896,-78.804,Theft
190773,194029,3,42.862,-78.814,Theft
190783,194040,3,42.834,-78.813,Assault
190785,194042,3,42.852,-78.826,Assault
190786,194043,3,42.872,-78.82,Theft
190809,194066,3,42.893,-78.828,Breaking & Entering
190814,194071,3,42.896,-78.824,Assault
190821,194078,3,42.868,-78.847,Theft
190825,194082,3,42.875,-78.802,Theft
190831,194088,3,42.884,-78.829,Theft
190833,194090,3,42.884,-78.835,Theft
190862,194121,3,42.872,-78.808,Breaking & Entering
190864,194123,3,42.844,-78.815,Theft
190871,194130,3,42.897,-78.832,Assault
190877,194136,3,42.835,-78.818,Theft
190882,194141,3,42.868,-78.847,Theft
190896,194155,3,42.873,-78.853,Breaking & Entering
190900,194159,3,42.889,-78.808,Theft
190912,194171,3,42.89,-78.835,Breaking & Entering
190930,194189,3,42.855,-78.824,Assault
190947,194206,3,42.894,-78.827,Theft
190948,194207,3,42.897,-78.834,Theft
190950,194210,3,42.888,-78.842,Theft
190954,194214,3,42.895,-78.815,Assault
190957,194217,3,42.867,-78.832,Assault
190959,194219,3,42.87,-78.834,Theft
190962,194222,3,42.868,-78.838,Breaking & Entering
190964,194224,3,42.897,-78.837,Robbery
190975,194235,3,42.846,-78.821,Theft
190977,194237,3,42.885,-78.811,Breaking & Entering
190980,194240,3,42.872,-78.82,Theft
190981,194241,3,42.838,-78.822,Breaking & Entering
190992,194253,3,42.842,-78.815,Theft of Vehicle
190998,194259,3,42.899,-78.819,Assault
191003,194264,3,42.892,-78.844,Theft of Vehicle
191013,194274,3,42.89,-78.84,Theft
191015,194276,3,42.895,-78.829,Theft
191021,194282,3,42.864,-78.814,Theft
191026,194287,3,42.844,-78.82,Theft
191028,194289,3,42.879,-78.849,Theft
191030,194292,3,42.898,-78.807,Theft
191034,194296,3,42.897,-78.838,Sexual Assault
191036,194298,3,42.85,-78.802,Assault
191045,194307,3,42.855,-78.809,Theft
191047,194309,3,42.852,-78.814,Theft
191049,194312,3,42.884,-78.833,Theft
191062,194325,3,42.889,-78.844,Breaking & Entering
191064,194327,3,42.874,-78.809,Theft
191067,194330,3,42.877,-78.81,Breaking & Entering
191071,194334,3,42.896,-78.824,Robbery
191078,194342,3,42.868,-78.849,Theft
191079,194343,3,42.869,-78.828,Robbery
191084,194348,3,42.861,-78.814,Assault
191087,194351,3,42.852,-78.805,Theft
191090,194354,3,42.878,-78.815,Theft
191091,194355,3,42.87,-78.833,Assault
191092,194356,3,42.897,-78.815,Theft of Vehicle
191095,194359,3,42.88,-78.837,Theft
191097,194361,3,42.898,-78.814,Theft
191113,194377,3,42.849,-78.823,Assault
191118,194382,3,42.899,-78.818,Assault
191124,194388,3,42.893,-78.823,Assault
191129,194394,3,42.859,-78.806,Theft
191130,194395,3,42.896,-78.815,Theft
191135,194400,3,42.896,-78.825,Assault
191136,194401,3,42.876,-78.843,Theft
191137,194402,3,42.888,-78.809,Breaking & Entering
191143,194408,3,42.892,-78.836,Breaking & Entering
191153,194418,3,42.844,-78.825,Assault
191174,194439,3,42.886,-78.838,Breaking & Entering
191192,194457,3,42.873,-78.8,Theft
191198,194463,3,42.872,-78.808,Assault
191199,194464,3,42.889,-78.811,Theft
191202,194467,3,42.842,-78.806,Theft
191207,194472,3,42.888,-78.836,Theft
191214,194479,3,42.891,-78.833,Assault
191232,194497,3,42.895,-78.83,Robbery
191236,194501,3,42.891,-78.801,Breaking & Entering
191243,194508,3,42.892,-78.84,Theft
191251,194516,3,42.899,-78.836,Breaking & Entering
191252,194518,3,42.898,-78.806,Breaking & Entering
191258,194524,3,42.858,-78.812,Theft
191269,194535,3,42.888,-78.838,Breaking & Entering
191279,194545,3,42.853,-78.805,Breaking & Entering
191328,194595,3,42.849,-78.832,Assault
191330,194597,3,42.859,-78.858,Breaking & Entering
191333,194600,3,42.858,-78.807,Theft
191337,194604,3,42.884,-78.846,Theft of Vehicle
191340,194607,3,42.848,-78.824,Sexual Assault
191343,194610,3,42.89,-78.845,Theft of Vehicle
191348,194615,3,42.886,-78.838,Robbery
191352,194619,3,42.849,-78.821,Assault
191356,194623,3,42.87,-78.809,Sexual Assault
191362,194629,3,42.894,-78.819,Assault
191366,194633,3,42.898,-78.819,Robbery
191368,194635,3,42.873,-78.85,Theft
191374,194641,3,42.893,-78.807,Theft
191384,194651,3,42.846,-78.819,Theft
191385,194652,3,42.879,-78.834,Breaking & Entering
191386,194653,3,42.89,-78.801,Breaking & Entering
191387,194654,3,42.886,-78.802,Theft
191388,194655,3,42.858,-78.83,Theft
191397,194664,3,42.858,-78.807,Assault
191417,194684,3,42.86,-78.816,Breaking & Entering
191428,194696,3,42.897,-78.819,Theft
191431,194699,3,42.835,-78.823,Breaking & Entering
191448,194716,3,42.897,-78.834,Theft
191450,194719,3,42.851,-78.81,Assault
191451,194720,3,42.847,-78.812,Assault
191461,194730,3,42.889,-78.808,Sexual Offense
191463,194732,3,42.89,-78.802,Theft
191466,194735,3,42.896,-78.806,Assault
191467,194736,3,42.846,-78.84,Theft
191470,194739,3,42.892,-78.83,Breaking & Entering
191475,194744,3,42.889,-78.844,Breaking & Entering
191479,194748,3,42.895,-78.842,Breaking & Entering
191492,194762,3,42.848,-78.812,Assault
191494,194764,3,42.834,-78.817,Theft
191496,194767,3,42.855,-78.828,Assault
191500,194771,3,42.899,-78.818,Breaking & Entering
191505,194776,3,42.893,-78.823,Theft
191516,194787,3,42.883,-78.844,Breaking & Entering
191525,194796,3,42.881,-78.834,Theft
191531,194802,3,42.879,-78.832,Assault
191532,194803,3,42.895,-78.827,Theft of Vehicle
191534,194805,3,42.894,-78.821,Assault
191551,194822,3,42.85,-78.804,Theft
191557,194828,3,42.867,-78.85,Theft of Vehicle
191558,194829,3,42.855,-78.825,Assault
191560,194831,3,42.87,-78.837,Other Sexual Offense
191565,194836,3,42.871,-78.83,Assault
191571,194842,3,42.866,-78.826,Breaking & Entering
191574,194845,3,42.874,-78.803,Sexual Assault
191577,194848,3,42.894,-78.835,Assault
191578,194849,3,42.891,-78.808,Theft
191586,194857,3,42.89,-78.811,Theft
191593,194864,3,42.89,-78.801,Breaking & Entering
191594,194865,3,42.857,-78.806,Theft
191612,194883,3,42.855,-78.81,Theft
191619,194890,3,42.855,-78.809,Theft
191623,194894,3,42.896,-78.805,Assault
191625,194896,3,42.893,-78.805,Theft of Vehicle
191627,194898,3,42.893,-78.839,Assault
191642,194913,3,42.893,-78.802,Breaking & Entering
191643,194914,3,42.889,-78.803,Theft
191646,194917,3,42.858,-78.831,Theft
191649,194920,3,42.872,-78.811,Theft
191654,194925,3,42.866,-78.847,Theft of Vehicle
191659,194930,3,42.844,-78.828,Assault
191665,194936,3,42.837,-78.809,Assault
191673,194944,3,42.89,-78.806,Theft
191682,194953,3,42.869,-78.851,Assault
191689,194960,3,42.896,-78.838,Assault
191696,194967,3,42.89,-78.8,Breaking & Entering
191699,194970,3,42.895,-78.816,Breaking & Entering
191700,194971,3,42.858,-78.831,Theft
191701,194972,3,42.845,-78.813,Assault
191704,194976,3,42.844,-78.826,Robbery
191710,194982,3,42.866,-78.83,Theft
191711,194983,3,42.872,-78.8,Assault
191733,195006,3,42.88,-78.84,Theft
191735,195008,3,42.875,-78.805,Theft of Vehicle
191736,195009,3,42.844,-78.826,Assault
191740,195013,3,42.88,-78.841,Theft of Vehicle
191746,195019,3,42.895,-78.829,Theft of Vehicle
191750,195023,3,42.891,-78.8,Assault
191752,195025,3,42.893,-78.823,Breaking & Entering
191753,195026,3,42.89,-78.805,Assault
191754,195027,3,42.858,-78.831,Theft
191761,195034,3,42.853,-78.824,Theft
191763,195036,3,42.856,-78.818,Theft
191768,195042,3,42.879,-78.843,Assault
191773,195047,3,42.87,-78.808,Assault
191776,195050,3,42.871,-78.835,Assault
191777,195051,3,42.879,-78.84,Breaking & Entering
191778,195052,3,42.855,-78.828,Assault
191784,195058,3,42.858,-78.831,Theft
191799,195074,3,42.889,-78.838,Theft
191801,195076,3,42.889,-78.8,Theft
191804,195079,3,42.895,-78.808,Theft
191805,195080,3,42.893,-78.808,Theft
191809,195084,3,42.862,-78.816,Assault
191810,195085,3,42.893,-78.837,Theft
191812,195087,3,42.854,-78.801,Theft
191816,195091,3,42.897,-78.822,Theft
191820,195095,3,42.85,-78.803,Assault
191832,195107,3,42.851,-78.806,Assault
191844,195119,3,42.889,-78.838,Theft of Vehicle
191851,195127,3,42.895,-78.83,Assault
191854,195131,3,42.88,-78.802,Theft
191855,195132,3,42.899,-78.839,Theft of Vehicle
191856,195133,3,42.847,-78.82,Breaking & Entering
191859,195136,3,42.855,-78.827,Theft
191868,195146,3,42.893,-78.828,Breaking & Entering
191877,195155,3,42.881,-78.801,Theft
191884,195162,3,42.843,-78.819,Theft
191888,195167,3,42.896,-78.821,Homicide
191892,195171,3,42.837,-78.82,Breaking & Entering
191895,195174,3,42.897,-78.809,Theft
191898,195177,3,42.89,-78.84,Breaking & Entering
191903,195182,3,42.877,-78.803,Theft
191922,195201,3,42.858,-78.831,Theft
191926,195205,3,42.895,-78.83,Breaking & Entering
191935,195214,3,42.851,-78.813,Theft of Vehicle
191936,195215,3,42.896,-78.836,Robbery
191944,195223,3,42.891,-78.838,Theft of Vehicle
191946,195225,3,42.872,-78.81,Theft
191963,195243,3,42.865,-78.828,Breaking & Entering
191967,195247,3,42.892,-78.842,Breaking & Entering
191968,195248,3,42.891,-78.832,Assault
191969,195249,3,42.892,-78.805,Assault
191971,195251,3,42.855,-78.826,Breaking & Entering
191982,195263,3,42.845,-78.824,Theft
191983,195264,3,42.872,-78.821,Breaking & Entering
191984,195265,3,42.891,-78.833,Assault
191989,195270,3,42.888,-78.842,Theft
191990,195271,3,42.863,-78.812,Assault
192009,195291,3,42.878,-78.844,Breaking & Entering
192022,195305,3,42.897,-78.823,Homicide
192023,195306,3,42.871,-78.838,Assault
192024,195307,3,42.871,-78.852,Theft
192029,195313,3,42.895,-78.824,Theft of Vehicle
192046,195330,3,42.868,-78.809,Breaking & Entering
192048,195332,3,42.886,-78.819,Theft
192049,195333,3,42.899,-78.822,Assault
192054,195338,3,42.844,-78.829,Breaking & Entering
192064,195348,3,42.896,-78.824,Assault
192068,195352,3,42.855,-78.81,Assault
192070,195354,3,42.869,-78.85,Assault
192079,195363,3,42.871,-78.813,Assault
192085,195369,3,42.893,-78.839,Assault
192099,195383,3,42.896,-78.821,Assault
192100,195384,3,42.898,-78.807,Theft
192112,195396,3,42.891,-78.836,Assault
192119,195403,3,42.899,-78.836,Assault
192121,195406,3,42.888,-78.836,Theft
192124,195409,3,42.897,-78.835,Theft of Vehicle
192126,195411,3,42.89,-78.84,Theft
192142,195427,3,42.891,-78.83,Assault
192143,195428,3,42.86,-78.825,Assault
192144,195429,3,42.85,-78.814,Theft
192152,195437,3,42.846,-78.817,Assault
192158,195443,3,42.895,-78.808,Theft
192159,195444,3,42.892,-78.811,Breaking & Entering
192163,195448,3,42.872,-78.815,Breaking & Entering
192176,195461,3,42.858,-78.831,Theft
192180,195465,3,42.887,-78.802,Assault
192181,195466,3,42.866,-78.858,Sexual Assault
192190,195475,3,42.879,-78.84,Theft
192196,195481,3,42.898,-78.807,Theft
192198,195483,3,42.89,-78.807,Theft
192214,195499,3,42.896,-78.832,Theft
192225,195510,3,42.898,-78.801,Theft
192235,195520,3,42.882,-78.84,Theft
192236,195521,3,42.848,-78.824,Theft
192240,195525,3,42.893,-78.821,Theft
192246,195531,3,42.85,-78.801,Assault
192249,195534,3,42.895,-78.834,Other Sexual Offense
192264,195549,3,42.86,-78.818,Theft
192270,195555,3,42.839,-78.804,Breaking & Entering
192277,195562,3,42.832,-78.811,Other Sexual Offense
192280,195565,3,42.889,-78.808,Robbery
192282,195567,3,42.834,-78.818,Assault
192314,195599,3,42.881,-78.836,Theft
192320,195605,3,42.896,-78.819,Breaking & Entering
192326,195611,3,42.879,-78.835,Breaking & Entering
192344,195629,3,42.852,-78.813,Breaking & Entering
192346,195631,3,42.842,-78.808,Breaking & Entering
192347,195632,3,42.844,-78.826,Theft
192349,195634,3,42.868,-78.837,Theft
192352,195637,3,42.885,-78.835,Robbery
192360,195645,3,42.896,-78.814,Breaking & Entering
192362,195647,3,42.873,-78.807,Theft of Vehicle
192367,195652,3,42.889,-78.807,Breaking & Entering
192381,195667,3,42.893,-78.833,Breaking & Entering
192384,195670,3,42.869,-78.8,Theft
192387,195673,3,42.898,-78.82,Sexual Assault
192390,195676,3,42.862,-78.814,Theft
192392,195678,3,42.869,-78.849,Breaking & Entering
192397,195683,3,42.858,-78.831,Theft
192399,195686,3,42.872,-78.806,Breaking & Entering
192406,195693,3,42.893,-78.837,Assault
192411,195698,3,42.856,-78.825,Breaking & Entering
192413,195700,3,42.878,-78.832,Theft
192416,195703,3,42.853,-78.804,Theft
192418,195705,3,42.888,-78.841,Breaking & Entering
192420,195707,3,42.892,-78.83,Assault
192433,195720,3,42.852,-78.805,Theft
192438,195725,3,42.848,-78.812,Theft of Vehicle
192444,195732,3,42.898,-78.836,Breaking & Entering
192450,195738,3,42.849,-78.802,Breaking & Entering
192455,195743,3,42.858,-78.833,Theft
192456,195744,3,42.886,-78.811,Theft of Vehicle
192459,195747,3,42.884,-78.839,Theft
192461,195749,3,42.891,-78.835,Assault
192469,195757,3,42.874,-78.824,Theft
192472,195760,3,42.893,-78.842,Assault
192478,195766,3,42.897,-78.816,Theft of Vehicle
192480,195768,3,42.872,-78.844,Theft
192483,195771,3,42.876,-78.843,Theft of Vehicle
192489,195777,3,42.895,-78.84,Theft
192492,195780,3,42.887,-78.803,Theft
192496,195785,3,42.89,-78.842,Robbery
192504,195793,3,42.837,-78.825,Breaking & Entering
192511,195800,3,42.844,-78.829,Theft
192514,195804,3,42.849,-78.803,Theft
192536,195826,3,42.873,-78.837,Theft
192540,195830,3,42.892,-78.838,Theft
192541,195831,3,42.846,-78.824,Assault
192548,195838,3,42.887,-78.841,Theft
192554,195844,3,42.874,-78.848,Theft
192556,195846,3,42.887,-78.839,Theft
192561,195851,3,42.858,-78.813,Theft
192569,195859,3,42.852,-78.826,Theft
192573,195863,3,42.832,-78.805,Theft of Vehicle
192574,195865,3,42.894,-78.835,Assault
192585,195877,3,42.836,-78.802,Theft
192588,195880,3,42.856,-78.823,Theft
192617,195909,3,42.847,-78.81,Theft
192620,195912,3,42.899,-78.835,Theft of Vehicle
192630,195922,3,42.897,-78.814,Breaking & Entering
192637,195930,3,42.836,-78.802,Theft
192638,195931,3,42.899,-78.823,Theft of Vehicle
192645,195938,3,42.891,-78.83,Theft
192662,195955,3,42.881,-78.836,Robbery
192666,195959,3,42.872,-78.809,Assault
192672,195965,3,42.843,-78.82,Assault
192674,195967,3,42.87,-78.809,Breaking & Entering
192679,195972,3,42.872,-78.812,Theft
192683,195976,3,42.872,-78.831,Theft
192687,195980,3,42.851,-78.823,Theft
192697,195990,3,42.897,-78.818,Robbery
192703,195996,3,42.86,-78.808,Theft of Vehicle
192704,195997,3,42.897,-78.835,Breaking & Entering
192710,196004,3,42.841,-78.825,Assault
192715,196009,3,42.878,-78.837,Theft of Vehicle
192720,196014,3,42.858,-78.813,Theft
192727,196021,3,42.898,-78.831,Theft
192734,196028,3,42.867,-78.824,Assault
192741,196035,3,42.851,-78.816,Theft
192742,196036,3,42.892,-78.814,Theft
192753,196047,3,42.844,-78.826,Theft
192758,196052,3,42.895,-78.807,Robbery
192762,196056,3,42.84,-78.826,Breaking & Entering
192763,196057,3,42.856,-78.812,Theft
192771,196065,3,42.894,-78.819,Breaking & Entering
192778,196072,3,42.891,-78.832,Theft
192781,196075,3,42.853,-78.829,Assault
192784,196078,3,42.888,-78.801,Theft
192788,196082,3,42.894,-78.842,Breaking & Entering
192789,196083,3,42.826,-78.834,Breaking & Entering
192796,196090,3,42.856,-78.826,Theft of Vehicle
192805,196099,3,42.882,-78.841,Breaking & Entering
192812,196106,3,42.888,-78.803,Assault
192813,196107,3,42.852,-78.802,Theft
192817,196111,3,42.884,-78.839,Assault
192824,196119,3,42.884,-78.846,Assault
192830,196125,3,42.891,-78.806,Theft
192831,196126,3,42.851,-78.801,Assault
192834,196129,3,42.845,-78.819,Theft of Vehicle
192836,196131,3,42.89,-78.811,Assault
192839,196134,3,42.848,-78.824,Assault
192842,196137,3,42.834,-78.816,Theft
192845,196140,3,42.833,-78.821,Assault
192853,196148,3,42.897,-78.838,Breaking & Entering
192856,196151,3,42.866,-78.824,Breaking & Entering
192888,196184,3,42.881,-78.829,Theft
192893,196190,3,42.88,-78.846,Theft
192904,196201,3,42.875,-78.829,Robbery
192912,196209,3,42.884,-78.831,Breaking & Entering
192914,196211,3,42.896,-78.826,Assault
192916,196213,3,42.896,-78.817,Assault
192925,196222,3,42.843,-78.805,Assault
192931,196228,3,42.839,-78.802,Breaking & Entering
192933,196230,3,42.848,-78.824,Sexual Assault
192954,196251,3,42.853,-78.804,Theft
192957,196254,3,42.869,-78.832,Robbery
192965,196262,3,42.838,-78.819,Theft of Vehicle
192966,196263,3,42.892,-78.814,Theft
192969,196266,3,42.897,-78.82,Theft of Vehicle
192972,196269,3,42.886,-78.805,Theft
192990,196287,3,42.852,-78.82,Assault
193010,196308,3,42.89,-78.802,Theft
193024,196322,3,42.898,-78.835,Breaking & Entering
193030,196328,3,42.893,-78.809,Theft
193037,196335,3,42.841,-78.818,Theft
193041,196339,3,42.886,-78.814,Assault
193042,196340,3,42.871,-78.834,Assault
193044,196342,3,42.891,-78.832,Robbery
193049,196347,3,42.893,-78.831,Breaking & Entering
193053,196351,3,42.897,-78.82,Breaking & Entering
193057,196355,3,42.872,-78.808,Theft
193063,196361,3,42.835,-78.818,Breaking & Entering
193072,196370,3,42.886,-78.842,Robbery
193081,196379,3,42.895,-78.826,Breaking & Entering
193084,196382,3,42.866,-78.849,Theft
193088,196386,3,42.857,-78.813,Assault
193091,196389,3,42.894,-78.833,Theft
193094,196392,3,42.851,-78.823,Breaking & Entering
193097,196395,3,42.877,-78.847,Theft
193102,196400,3,42.891,-78.833,Assault
193112,196410,3,42.841,-78.831,Breaking & Entering
193114,196412,3,42.869,-78.8,Theft
193115,196413,3,42.87,-78.816,Theft
193118,196416,3,42.851,-78.806,Sexual Assault
193122,196420,3,42.892,-78.838,Theft
193128,196426,3,42.858,-78.815,Theft of Vehicle
193131,196429,3,42.858,-78.817,Assault
193143,196442,3,42.853,-78.808,Theft
193149,196449,3,42.873,-78.809,Theft
193161,196461,3,42.897,-78.814,Theft
193162,196462,3,42.894,-78.843,Assault
193165,196465,3,42.848,-78.824,Theft
193166,196466,3,42.875,-78.85,Theft
193171,196471,3,42.858,-78.816,Theft
193175,196475,3,42.897,-78.823,Theft
193177,196477,3,42.899,-78.823,Assault
193179,196479,3,42.892,-78.839,Theft of Vehicle
193193,196493,3,42.835,-78.827,Theft
193196,196496,3,42.899,-78.816,Breaking & Entering
193214,196514,3,42.838,-78.808,Assault
193222,196522,3,42.89,-78.808,Theft
193227,196527,3,42.897,-78.801,Theft
193228,196528,3,42.896,-78.826,Assault
193230,196530,3,42.86,-78.825,Theft
193236,196536,3,42.848,-78.824,Theft of Vehicle
193241,196541,3,42.889,-78.81,Theft
193246,196546,3,42.873,-78.803,Theft
193251,196551,3,42.858,-78.817,Assault
193255,196555,3,42.85,-78.803,Assault
193270,196571,3,42.888,-78.805,Theft
193273,196574,3,42.867,-78.805,Theft
193274,196575,3,42.838,-78.809,Assault
193278,196579,3,42.891,-78.83,Theft
193289,196590,3,42.857,-78.805,Theft
193296,196597,3,42.868,-78.811,Theft
193301,196602,3,42.898,-78.832,Theft
193302,196603,3,42.843,-78.821,Assault
193303,196604,3,42.848,-78.812,Homicide
193308,196609,3,42.872,-78.844,Robbery
193311,196612,3,42.863,-78.811,Breaking & Entering
193312,196613,3,42.853,-78.815,Theft
193313,196614,3,42.845,-78.824,Theft
193320,196621,3,42.898,-78.839,Theft
193332,196634,3,42.895,-78.828,Assault
193344,196646,3,42.852,-78.825,Theft
193346,196648,3,42.865,-78.807,Theft of Vehicle
193360,196662,3,42.846,-78.824,Breaking & Entering
193365,196667,3,42.891,-78.802,Breaking & Entering
193372,196674,3,42.887,-78.837,Breaking & Entering
193385,196687,3,42.858,-78.83,Theft
193401,196704,3,42.851,-78.802,Theft
193421,196724,3,42.893,-78.839,Breaking & Entering
193426,196730,3,42.884,-78.822,Theft
193435,196739,3,42.899,-78.818,Robbery
193440,196744,3,42.834,-78.812,Theft
193445,196749,3,42.896,-78.834,Theft
193446,196750,3,42.856,-78.813,Theft of Vehicle
193452,196756,3,42.899,-78.831,Robbery
193454,196758,3,42.895,-78.825,Theft
193457,196761,3,42.892,-78.832,Assault
193462,196766,3,42.846,-78.801,Robbery
193468,196772,3,42.852,-78.827,Theft
193469,196773,3,42.897,-78.825,Assault
193480,196784,3,42.89,-78.812,Theft
193481,196785,3,42.885,-78.814,Breaking & Entering
193486,196790,3,42.875,-78.829,Assault
193490,196794,3,42.874,-78.804,Breaking & Entering
193492,196796,3,42.841,-78.824,Theft
193494,196798,3,42.863,-78.818,Theft
193511,196815,3,42.88,-78.84,Theft of Vehicle
193512,196816,3,42.872,-78.807,Theft
193534,196838,3,42.855,-78.806,Theft
193535,196839,3,42.848,-78.822,Theft
193537,196841,3,42.89,-78.832,Breaking & Entering
193538,196842,3,42.858,-78.825,Theft
193540,196844,3,42.859,-78.811,Theft
193541,196845,3,42.853,-78.824,Assault
193544,196848,3,42.847,-78.832,Breaking & Entering
193545,196849,3,42.895,-78.837,Theft of Vehicle
193547,196851,3,42.841,-78.824,Theft
193554,196858,3,42.89,-78.837,Breaking & Entering
193558,196862,3,42.835,-78.824,Theft
193559,196863,3,42.842,-78.822,Theft
193565,196869,3,42.855,-78.828,Breaking & Entering
193569,196873,3,42.897,-78.817,Theft
193574,196878,3,42.844,-78.828,Theft
193579,196883,3,42.87,-78.835,Assault
193588,196892,3,42.895,-78.827,Assault
193599,196903,3,42.898,-78.814,Theft
193602,196906,3,42.851,-78.827,Theft
193608,196912,3,42.833,-78.824,Theft
193611,196915,3,42.869,-78.829,Breaking & Entering
193621,196925,3,42.866,-78.849,Theft of Vehicle
193644,196948,3,42.896,-78.815,Theft
193648,196952,3,42.892,-78.801,Theft
193649,196953,3,42.85,-78.827,Theft
193652,196956,3,42.885,-78.839,Theft
193654,196958,3,42.893,-78.84,Robbery
193657,196961,3,42.895,-78.805,Assault
193684,196988,3,42.899,-78.823,Assault
193687,196991,3,42.844,-78.824,Assault
193688,196992,3,42.893,-78.842,Theft
193707,197011,3,42.888,-78.838,Theft of Vehicle
193722,197026,3,42.893,-78.812,Theft
193724,197028,3,42.888,-78.816,Theft
193728,197032,3,42.896,-78.824,Assault
193732,197036,3,42.851,-78.824,Theft of Vehicle
193741,197045,3,42.894,-78.835,Theft of Vehicle
193747,197052,3,42.897,-78.814,Assault
193748,197053,3,42.893,-78.841,Breaking & Entering
193759,197064,3,42.898,-78.801,Breaking & Entering
193760,197065,3,42.872,-78.821,Theft
193763,197068,3,42.889,-78.803,Breaking & Entering
193769,197074,3,42.889,-78.8,Breaking & Entering
193779,197085,3,42.836,-78.804,Assault
193783,197089,3,42.873,-78.813,Theft
193791,197097,3,42.872,-78.808,Theft
193794,197100,3,42.899,-78.84,Breaking & Entering
193802,197108,3,42.878,-78.815,Assault
193805,197111,3,42.833,-78.819,Assault
193808,197114,3,42.893,-78.818,Breaking & Entering
193817,197123,3,42.884,-78.848,Assault
193821,197127,3,42.891,-78.836,Theft
193825,197131,3,42.887,-78.838,Theft
193827,197133,3,42.879,-78.836,Breaking & Entering
193832,197138,3,42.89,-78.833,Other Sexual Offense
193834,197140,3,42.89,-78.806,Other Sexual Offense
193835,197141,3,42.896,-78.836,Theft
193849,197155,3,42.882,-78.835,Assault
193857,197163,3,42.873,-78.853,Breaking & Entering
193858,197164,3,42.86,-78.813,Assault
193893,197199,3,42.881,-78.835,Breaking & Entering
193897,197203,3,42.851,-78.806,Theft
193904,197211,3,42.896,-78.815,Assault
193906,197213,3,42.86,-78.816,Robbery
193932,197239,3,42.88,-78.841,Robbery
193939,197246,3,42.896,-78.837,Theft
193940,197247,3,42.889,-78.838,Breaking & Entering
193947,197254,3,42.87,-78.808,Theft
193953,197260,3,42.866,-78.826,Theft of Vehicle
193957,197264,3,42.851,-78.805,Breaking & Entering
193963,197270,3,42.855,-78.813,Theft
193967,197274,3,42.84,-78.816,Theft
193977,197284,3,42.847,-78.824,Theft
193978,197285,3,42.854,-78.825,Theft of Vehicle
193988,197295,3,42.895,-78.83,Theft
193991,197298,3,42.873,-78.821,Theft
194007,197314,3,42.869,-78.85,Assault
194015,197322,3,42.898,-78.824,Breaking & Entering
194019,197326,3,42.86,-78.814,Theft
194024,197331,3,42.848,-78.824,Theft
194028,197335,3,42.872,-78.821,Theft
194037,197344,3,42.866,-78.822,Assault
194039,197346,3,42.835,-78.815,Theft
194040,197347,3,42.892,-78.833,Theft
194045,197352,3,42.843,-78.811,Theft
194049,197356,3,42.857,-78.803,Theft
194051,197358,3,42.855,-78.807,Theft of Vehicle
194068,197377,3,42.854,-78.819,Assault
194069,197378,3,42.851,-78.802,Theft
194071,197380,3,42.888,-78.815,Theft
194081,197390,3,42.876,-78.843,Assault
194082,197391,3,42.893,-78.836,Theft of Vehicle
194083,197392,3,42.894,-78.822,Theft
194093,197402,3,42.851,-78.81,Theft
194094,197403,3,42.896,-78.824,Robbery
194103,197412,3,42.894,-78.83,Assault
194119,197428,3,42.898,-78.818,Theft of Vehicle
194125,197434,3,42.899,-78.817,Theft of Vehicle
194130,197439,3,42.865,-78.826,Theft
194135,197444,3,42.86,-78.825,Theft
194138,197447,3,42.878,-78.851,Assault
194139,197448,3,42.838,-78.808,Theft
194146,197455,3,42.852,-78.823,Breaking & Entering
194148,197457,3,42.894,-78.842,Breaking & Entering
194150,197459,3,42.889,-78.84,Theft
194156,197465,3,42.848,-78.824,Theft
194160,197469,3,42.886,-78.839,Theft
194161,197470,3,42.899,-78.816,Theft
194169,197478,3,42.853,-78.823,Theft
194174,197483,3,42.872,-78.804,Theft of Vehicle
194182,197491,3,42.864,-78.821,Assault
194183,197492,3,42.87,-78.811,Breaking & Entering
194188,197497,3,42.891,-78.812,Breaking & Entering
194198,197507,3,42.877,-78.851,Breaking & Entering
194204,197513,3,42.85,-78.831,Assault
194205,197514,3,42.859,-78.808,Breaking & Entering
194219,197528,3,42.85,-78.827,Robbery
194222,197531,3,42.887,-78.841,Theft
194223,197532,3,42.857,-78.815,Theft of Vehicle
194227,197536,3,42.87,-78.839,Theft
194230,197539,3,42.848,-78.824,Sexual Assault
194248,197559,3,42.887,-78.8,Robbery
194250,197561,3,42.847,-78.855,Theft of Vehicle
194257,197568,3,42.888,-78.806,Theft
194260,197571,3,42.851,-78.817,Theft
194268,197579,3,42.877,-78.847,Breaking & Entering
194271,197582,3,42.872,-78.804,Assault
194272,197583,3,42.899,-78.831,Theft
194275,197586,3,42.895,-78.823,Assault
194281,197592,3,42.895,-78.839,Breaking & Entering
194282,197593,3,42.854,-78.809,Breaking & Entering
194283,197594,3,42.899,-78.83,Robbery
194303,197614,3,42.892,-78.805,Theft
194310,197621,3,42.879,-78.839,Theft of Vehicle
194312,197624,3,42.855,-78.828,Assault
194315,197628,3,42.891,-78.834,Assault
194319,197632,3,42.866,-78.807,Theft
194328,197642,3,42.899,-78.819,Breaking & Entering
194332,197646,3,42.859,-78.825,Theft
194335,197649,3,42.892,-78.824,Breaking & Entering
194337,197651,3,42.878,-78.846,Theft of Vehicle
194351,197665,3,42.891,-78.805,Robbery
194358,197672,3,42.841,-78.802,Breaking & Entering
194361,197675,3,42.885,-78.839,Theft
194371,197686,3,42.88,-78.85,Assault
194375,197690,3,42.853,-78.806,Theft of Vehicle
194386,197702,3,42.878,-78.801,Theft of Vehicle
194389,197705,3,42.887,-78.843,Theft
194396,197712,3,42.894,-78.834,Assault
194398,197714,3,42.898,-78.815,Theft
194399,197715,3,42.888,-78.837,Breaking & Entering
194400,197716,3,42.891,-78.814,Breaking & Entering
194431,197747,3,42.896,-78.807,Breaking & Entering
194432,197748,3,42.887,-78.812,Assault
194443,197759,3,42.858,-78.808,Theft
194446,197762,3,42.842,-78.805,Breaking & Entering
194452,197768,3,42.896,-78.824,Theft
194458,197774,3,42.896,-78.816,Theft
194462,197778,3,42.887,-78.805,Breaking & Entering
194469,197785,3,42.84,-78.824,Theft
194470,197786,3,42.892,-78.842,Assault
194478,197794,3,42.896,-78.816,Theft of Vehicle
194481,197797,3,42.867,-78.823,Breaking & Entering
194482,197798,3,42.897,-78.814,Assault
194484,197800,3,42.89,-78.8,Theft
194485,197801,3,42.858,-78.81,Theft
194489,197805,3,42.85,-78.813,Theft
194502,197818,3,42.887,-78.814,Theft
194503,197819,3,42.895,-78.823,Assault
194515,197831,3,42.858,-78.813,Breaking & Entering
194516,197832,3,42.856,-78.824,Theft
194521,197837,3,42.871,-78.837,Theft
194523,197840,3,42.898,-78.815,Theft of Vehicle
194537,197854,3,42.871,-78.831,Theft
194542,197860,3,42.894,-78.835,Theft
194545,197863,3,42.888,-78.803,Breaking & Entering
194554,197872,3,42.898,-78.82,Theft
194560,197878,3,42.849,-78.814,Theft
194563,197881,3,42.893,-78.837,Theft
194564,197882,3,42.862,-78.819,Theft
194569,197887,3,42.839,-78.815,Theft
194575,197893,3,42.876,-78.829,Theft of Vehicle
194579,197897,3,42.892,-78.841,Theft
194582,197900,3,42.853,-78.828,Theft
194584,197902,3,42.847,-78.801,Theft
194586,197904,3,42.894,-78.807,Assault
194592,197910,3,42.875,-78.847,Theft
194594,197912,3,42.896,-78.823,Assault
194597,197915,3,42.85,-78.823,Theft of Vehicle
194598,197916,3,42.873,-78.813,Theft
194599,197917,3,42.897,-78.821,Breaking & Entering
194601,197919,3,42.842,-78.81,Theft
194602,197920,3,42.898,-78.807,Theft
194612,197931,3,42.861,-78.815,Breaking & Entering
194613,197932,3,42.842,-78.823,Breaking & Entering
194630,197949,3,42.845,-78.809,Breaking & Entering
194643,197962,3,42.844,-78.815,Theft
194644,197963,3,42.879,-78.833,Theft of Vehicle
194649,197968,3,42.855,-78.824,Assault
194653,197972,3,42.848,-78.803,Theft of Vehicle
194668,197987,3,42.894,-78.841,Breaking & Entering
194669,197988,3,42.842,-78.831,Sexual Assault
194676,197995,3,42.847,-78.832,Breaking & Entering
194677,197996,3,42.848,-78.813,Theft of Vehicle
194686,198005,3,42.876,-78.848,Theft
194688,198007,3,42.869,-78.833,Theft
194689,198008,3,42.858,-78.813,Robbery
194690,198009,3,42.828,-78.826,Theft of Vehicle
194697,198016,3,42.842,-78.809,Assault
194700,198019,3,42.849,-78.82,Theft
194702,198021,3,42.885,-78.804,Theft
194704,198023,3,42.874,-78.808,Theft
194709,198028,3,42.879,-78.844,Assault
194712,198031,3,42.854,-78.809,Theft
194716,198035,3,42.837,-78.825,Assault
194725,198044,3,42.841,-78.824,Assault
194727,198046,3,42.896,-78.816,Assault
194728,198047,3,42.888,-78.845,Assault
194730,198049,3,42.889,-78.837,Theft
194733,198052,3,42.845,-78.801,Breaking & Entering
194744,198063,3,42.835,-78.824,Assault
194756,198075,3,42.884,-78.844,Assault
194760,198079,3,42.897,-78.84,Theft of Vehicle
194767,198086,3,42.873,-78.851,Theft of Vehicle
194769,198088,3,42.858,-78.817,Theft
194772,198091,3,42.869,-78.831,Breaking & Entering
194781,198100,3,42.841,-78.816,Theft
194782,198101,3,42.854,-78.837,Theft
194784,198103,3,42.872,-78.806,Theft
194790,198109,3,42.895,-78.808,Theft
194794,198113,3,42.893,-78.839,Robbery
194812,198131,3,42.894,-78.834,Theft
194815,198134,3,42.894,-78.822,Breaking & Entering
194818,198137,3,42.877,-78.814,Theft
194836,198155,3,42.848,-78.812,Assault
194843,198162,3,42.881,-78.834,Other Sexual Offense
194849,198168,3,42.873,-78.805,Assault
194852,198171,3,42.897,-78.823,Theft
194854,198173,3,42.89,-78.844,Assault
194855,198174,3,42.845,-78.811,Breaking & Entering
194856,198175,3,42.857,-78.825,Breaking & Entering
194857,198176,3,42.891,-78.833,Assault
194858,198177,3,42.896,-78.817,Theft
194863,198182,3,42.894,-78.822,Theft
194867,198186,3,42.844,-78.825,Assault
194876,198195,3,42.889,-78.806,Theft
194881,198200,3,42.879,-78.801,Breaking & Entering
194883,198202,3,42.856,-78.811,Assault
194885,198204,3,42.889,-78.801,Theft
194887,198206,3,42.842,-78.824,Robbery
194890,198209,3,42.888,-78.837,Assault
194895,198214,3,42.898,-78.801,Theft
194896,198215,3,42.896,-78.82,Robbery
194898,198217,3,42.837,-78.811,Breaking & Entering
194918,198237,3,42.881,-78.833,Theft
194928,198247,3,42.899,-78.819,Assault
194938,198258,3,42.856,-78.803,Theft
194940,198260,3,42.894,-78.838,Breaking & Entering
194945,198265,3,42.862,-78.815,Theft
194951,198271,3,42.879,-78.802,Theft
194956,198276,3,42.852,-78.805,Theft
194973,198293,3,42.892,-78.84,Sexual Assault
194976,198296,3,42.854,-78.828,Breaking & Entering
194982,198303,3,42.888,-78.81,Theft
194987,198308,3,42.892,-78.833,Breaking & Entering
194990,198311,3,42.894,-78.826,Theft
194997,198318,3,42.871,-78.831,Theft
195002,198323,3,42.89,-78.837,Assault
195009,198330,3,42.856,-78.809,Theft
195014,198335,3,42.86,-78.806,Theft
195032,198353,3,42.871,-78.815,Assault
195047,198368,3,42.86,-78.806,Theft
195053,198374,3,42.865,-78.837,Theft
195056,198377,3,42.891,-78.837,Assault
195061,198382,3,42.896,-78.838,Assault
195082,198403,3,42.895,-78.828,Assault
195086,198407,3,42.897,-78.806,Theft
195090,198411,3,42.869,-78.8,Theft of Vehicle
195093,198414,3,42.887,-78.803,Breaking & Entering
195102,198423,3,42.86,-78.817,Theft of Vehicle
195106,198427,3,42.855,-78.833,Theft of Vehicle
195113,198434,3,42.898,-78.807,Theft
195116,198437,3,42.851,-78.805,Assault
195117,198438,3,42.897,-78.837,Theft of Vehicle
195119,198440,3,42.895,-78.822,Breaking & Entering
195125,198446,3,42.879,-78.839,Breaking & Entering
195132,198453,3,42.898,-78.805,Breaking & Entering
195134,198455,3,42.87,-78.828,Sexual Assault
195145,198467,3,42.878,-78.801,Theft
195147,198469,3,42.857,-78.807,Breaking & Entering
195154,198477,3,42.847,-78.833,Theft
195160,198483,3,42.894,-78.843,Theft
195164,198487,3,42.887,-78.812,Breaking & Entering
195165,198488,3,42.873,-78.804,Assault
195170,198493,3,42.857,-78.816,Theft of Vehicle
195174,198497,3,42.881,-78.801,Theft
195182,198505,3,42.89,-78.837,Breaking & Entering
195188,198511,3,42.847,-78.832,Assault
195192,198515,3,42.887,-78.802,Theft of Vehicle
195199,198522,3,42.875,-78.845,Theft
195205,198528,3,42.89,-78.81,Breaking & Entering
195208,198531,3,42.852,-78.805,Theft
195210,198533,3,42.892,-78.824,Assault
195214,198537,3,42.844,-78.829,Theft of Vehicle
195235,198558,3,42.851,-78.81,Sexual Assault
195237,198560,3,42.872,-78.801,Robbery
195248,198571,3,42.832,-78.811,Theft
195249,198572,3,42.851,-78.823,Assault
195255,198578,3,42.879,-78.802,Theft
195260,198583,3,42.892,-78.803,Theft
195265,198588,3,42.863,-78.805,Breaking & Entering
195268,198591,3,42.854,-78.809,Theft
195272,198595,3,42.853,-78.824,Breaking & Entering
195277,198600,3,42.848,-78.824,Theft
195290,198615,3,42.851,-78.827,Theft
195296,198621,3,42.887,-78.839,Theft of Vehicle
195302,198627,3,42.848,-78.813,Theft
195309,198634,3,42.848,-78.808,Assault
195311,198636,3,42.869,-78.829,Assault
195316,198641,3,42.869,-78.855,Theft
195329,198654,3,42.898,-78.82,Breaking & Entering
195334,198659,3,42.887,-78.8,Theft
195343,198668,3,42.859,-78.821,Theft
195347,198672,3,42.886,-78.841,Breaking & Entering
195350,198675,3,42.872,-78.816,Assault
195352,198677,3,42.839,-78.822,Theft
195355,198680,3,42.896,-78.841,Theft of Vehicle
195356,198681,3,42.846,-78.82,Theft
195372,198698,3,42.89,-78.802,Theft
195377,198703,3,42.846,-78.816,Theft
195387,198713,3,42.889,-78.808,Theft
195388,198714,3,42.852,-78.827,Assault
195395,198721,3,42.892,-78.807,Assault
195398,198724,3,42.897,-78.838,Theft
195399,198725,3,42.857,-78.812,Theft
195403,198729,3,42.887,-78.815,Assault
195405,198731,3,42.85,-78.802,Theft
195407,198733,3,42.84,-78.826,Breaking & Entering
195417,198743,3,42.859,-78.826,Theft
195419,198745,3,42.873,-78.802,Assault
195422,198748,3,42.84,-78.808,Theft
195428,198754,3,42.845,-78.823,Theft
195433,198759,3,42.837,-78.824,Assault
195453,198780,3,42.885,-78.81,Robbery
195454,198781,3,42.889,-78.81,Assault
195460,198787,3,42.844,-78.828,Theft
195480,198807,3,42.885,-78.839,Theft
195482,198809,3,42.839,-78.824,Theft
195490,198817,3,42.867,-78.804,Theft
195497,198824,3,42.89,-78.809,Theft
195499,198826,3,42.87,-78.832,Breaking & Entering
195501,198828,3,42.897,-78.823,Breaking & Entering
195502,198829,3,42.843,-78.827,Theft
195505,198832,3,42.857,-78.807,Theft
195514,198841,3,42.893,-78.839,Theft of Vehicle
195520,198847,3,42.896,-78.836,Assault
195521,198848,3,42.869,-78.808,Theft
195524,198851,3,42.838,-78.825,Theft
195532,198859,3,42.889,-78.84,Theft of Vehicle
195533,198860,3,42.854,-78.833,Theft of Vehicle
195551,198878,3,42.878,-78.801,Theft
195562,198889,3,42.887,-78.8,Assault
195563,198890,3,42.891,-78.834,Theft
195566,198893,3,42.862,-78.812,Assault
195567,198894,3,42.898,-78.817,Theft
195569,198896,3,42.855,-78.826,Breaking & Entering
195571,198898,3,42.858,-78.823,Breaking & Entering
195577,198905,3,42.887,-78.808,Theft of Vehicle
195578,198906,3,42.857,-78.812,Theft
195582,198910,3,42.899,-78.83,Theft
195584,198913,3,42.899,-78.82,Breaking & Entering
195589,198918,3,42.87,-78.828,Assault
195597,198926,3,42.852,-78.809,Assault
195606,198936,3,42.896,-78.824,Breaking & Entering
195607,198937,3,42.858,-78.825,Theft
195612,198942,3,42.896,-78.824,Assault
195617,198947,3,42.863,-78.819,Theft
195627,198957,3,42.866,-78.829,Robbery
195643,198973,3,42.872,-78.807,Sexual Assault
195663,198993,3,42.873,-78.819,Theft of Vehicle
195666,198996,3,42.848,-78.832,Breaking & Entering
195670,199000,3,42.855,-78.815,Theft
195678,199008,3,42.885,-78.808,Theft
195679,199009,3,42.858,-78.815,Theft
195684,199014,3,42.893,-78.833,Assault
195690,199020,3,42.852,-78.823,Theft
195705,199035,3,42.898,-78.835,Theft
195709,199039,3,42.886,-78.812,Theft
195722,199053,3,42.871,-78.807,Assault
195735,199066,3,42.849,-78.817,Assault
195742,199073,3,42.886,-78.839,Assault
195747,199078,3,42.86,-78.825,Theft
195748,199079,3,42.855,-78.826,Theft
195755,199086,3,42.833,-78.823,Theft of Vehicle
195756,199087,3,42.882,-78.829,Theft
195757,199088,3,42.874,-78.826,Other Sexual Offense
195758,199089,3,42.873,-78.809,Breaking & Entering
195766,199097,3,42.863,-78.819,Theft
195768,199099,3,42.846,-78.827,Theft
195784,199117,3,42.88,-78.846,Theft
195788,199122,3,42.899,-78.84,Theft of Vehicle
195794,199128,3,42.833,-78.805,Theft
195796,199130,3,42.885,-78.803,Theft
195807,199142,3,42.848,-78.812,Assault
195811,199146,3,42.859,-78.858,Breaking & Entering
195813,199148,3,42.842,-78.809,Theft
195818,199153,3,42.853,-78.815,Breaking & Entering
195822,199157,3,42.848,-78.824,Sexual Assault
195835,199170,3,42.889,-78.836,Assault
195846,199182,3,42.847,-78.818,Assault
195847,199183,3,42.899,-78.81,Robbery
195859,199195,3,42.856,-78.831,Assault
195863,199199,3,42.894,-78.834,Theft of Vehicle
195868,199204,3,42.871,-78.852,Breaking & Entering
195869,199205,3,42.834,-78.816,Theft
195871,199207,3,42.848,-78.824,Robbery
195872,199208,3,42.885,-78.839,Robbery
195878,199214,3,42.887,-78.842,Assault
195879,199215,3,42.889,-78.814,Theft
195881,199217,3,42.894,-78.821,Theft
195882,199218,3,42.893,-78.839,Sexual Assault
195883,199219,3,42.889,-78.81,Theft
195884,199220,3,42.852,-78.826,Breaking & Entering
195888,199224,3,42.889,-78.808,Theft
195892,199228,3,42.858,-78.831,Theft
195907,199243,3,42.853,-78.811,Theft
195913,199249,3,42.895,-78.829,Theft
195915,199251,3,42.898,-78.807,Theft
195920,199256,3,42.889,-78.815,Assault
195921,199257,3,42.895,-78.823,Breaking & Entering
195931,199267,3,42.894,-78.82,Assault
195932,199268,3,42.877,-78.841,Theft
195944,199280,3,42.857,-78.831,Breaking & Entering
195949,199285,3,42.86,-78.813,Theft
195964,199300,3,42.875,-78.832,Breaking & Entering
195989,199325,3,42.89,-78.844,Theft of Vehicle
195992,199328,3,42.863,-78.809,Robbery
195995,199331,3,42.892,-78.832,Breaking & Entering
195996,199332,3,42.858,-78.811,Assault
196000,199336,3,42.897,-78.841,Theft of Vehicle
196008,199344,3,42.856,-78.823,Breaking & Entering
196012,199349,3,42.851,-78.801,Breaking & Entering
196017,199354,3,42.892,-78.834,Assault
196022,199360,3,42.899,-78.836,Breaking & Entering
196027,199365,3,42.848,-78.828,Theft
196038,199376,3,42.895,-78.827,Breaking & Entering
196041,199379,3,42.891,-78.84,Breaking & Entering
196059,199398,3,42.855,-78.828,Assault
196064,199403,3,42.882,-78.836,Theft
196073,199412,3,42.862,-78.815,Breaking & Entering
196074,199413,3,42.885,-78.81,Theft
196083,199422,3,42.881,-78.801,Theft
196089,199428,3,42.897,-78.835,Theft
196099,199438,3,42.851,-78.805,Breaking & Entering
196104,199443,3,42.86,-78.825,Theft
196121,199460,3,42.867,-78.824,Theft
196122,199461,3,42.898,-78.834,Theft
196128,199467,3,42.888,-78.808,Theft
196130,199469,3,42.869,-78.831,Breaking & Entering
196146,199485,3,42.879,-78.841,Theft
196157,199496,3,42.896,-78.804,Breaking & Entering
196159,199498,3,42.859,-78.811,Assault
196165,199504,3,42.844,-78.831,Theft of Vehicle
196169,199508,3,42.857,-78.827,Theft
196177,199516,3,42.868,-78.85,Breaking & Entering
196187,199527,3,42.856,-78.834,Assault
196188,199528,3,42.881,-78.802,Theft of Vehicle
196206,199546,3,42.844,-78.826,Assault
196208,199548,3,42.894,-78.834,Theft of Vehicle
196214,199554,3,42.893,-78.809,Breaking & Entering
196224,199564,3,42.87,-78.802,Assault
196231,199571,3,42.897,-78.838,Breaking & Entering
196234,199574,3,42.898,-78.807,Theft
196239,199579,3,42.893,-78.833,Theft
196241,199581,3,42.861,-78.81,Theft
196248,199588,3,42.888,-78.836,Theft
196256,199596,3,42.896,-78.832,Sexual Assault
196257,199597,3,42.898,-78.815,Breaking & Entering
196260,199600,3,42.884,-78.813,Theft
196262,199602,3,42.892,-78.83,Breaking & Entering
196277,199617,3,42.899,-78.82,Breaking & Entering
196291,199631,3,42.897,-78.838,Assault
196305,199646,3,42.858,-78.814,Breaking & Entering
196307,199648,3,42.89,-78.815,Theft of Vehicle
196308,199649,3,42.898,-78.807,Theft
196309,199650,3,42.856,-78.827,Assault
196315,199657,3,42.853,-78.823,Breaking & Entering
196319,199661,3,42.894,-78.828,Assault
196322,199664,3,42.853,-78.806,Theft
196334,199676,3,42.857,-78.815,Theft
196336,199678,3,42.885,-78.84,Homicide
196340,199683,3,42.873,-78.805,Assault
196347,199690,3,42.894,-78.827,Breaking & Entering
196355,199698,3,42.891,-78.814,Theft
196362,199705,3,42.849,-78.863,Assault
196373,199717,3,42.852,-78.803,Theft of Vehicle
196386,199730,3,42.89,-78.805,Assault
196387,199731,3,42.848,-78.824,Other Sexual Offense
196390,199734,3,42.894,-78.819,Theft
196398,199742,3,42.89,-78.836,Theft
196401,199745,3,42.87,-78.828,Theft
196404,199748,3,42.888,-78.809,Assault
196410,199754,3,42.843,-78.808,Theft
196414,199758,3,42.871,-78.816,Theft
196415,199759,3,42.885,-78.814,Breaking & Entering
196418,199762,3,42.872,-78.807,Theft
196423,199767,3,42.882,-78.849,Breaking & Entering
196425,199769,3,42.857,-78.823,Theft
196430,199774,3,42.887,-78.839,Robbery
196432,199776,3,42.859,-78.82,Breaking & Entering
196434,199778,3,42.894,-78.808,Breaking & Entering
196440,199785,3,42.849,-78.803,Theft
196441,199786,3,42.869,-78.85,Breaking & Entering
196449,199794,3,42.892,-78.824,Assault
196457,199802,3,42.886,-78.814,Breaking & Entering
196459,199804,3,42.832,-78.811,Assault
196463,199808,3,42.87,-78.829,Breaking & Entering
196464,199809,3,42.886,-78.838,Breaking & Entering
196474,199819,3,42.859,-78.809,Theft
196479,199824,3,42.891,-78.805,Theft
196480,199825,3,42.86,-78.811,Theft
196490,199835,3,42.852,-78.823,Theft
196493,199838,3,42.885,-78.807,Theft
196498,199843,3,42.897,-78.82,Theft
196501,199846,3,42.879,-78.802,Theft
196511,199856,3,42.848,-78.823,Assault
196512,199857,3,42.845,-78.824,Theft
196521,199866,3,42.863,-78.813,Theft
196523,199868,3,42.882,-78.847,Breaking & Entering
196530,199876,3,42.863,-78.819,Theft
196532,199878,3,42.848,-78.812,Assault
196548,199894,3,42.89,-78.802,Theft
196549,199895,3,42.899,-78.823,Breaking & Entering
196550,199896,3,42.884,-78.839,Assault
196555,199901,3,42.894,-78.832,Assault
196558,199904,3,42.896,-78.8,Assault
196559,199905,3,42.874,-78.848,Robbery
196572,199918,3,42.857,-78.808,Breaking & Entering
196575,199921,3,42.855,-78.812,Theft
196578,199924,3,42.898,-78.837,Breaking & Entering
196584,199930,3,42.86,-78.825,Theft
196585,199931,3,42.872,-78.802,Breaking & Entering
196588,199934,3,42.855,-78.812,Theft
196589,199935,3,42.851,-78.802,Assault
196590,199936,3,42.893,-78.821,Theft of Vehicle
196591,199937,3,42.848,-78.824,Assault
196594,199940,3,42.837,-78.824,Assault
196597,199943,3,42.865,-78.802,Theft
196599,199945,3,42.852,-78.827,Breaking & Entering
196606,199952,3,42.894,-78.835,Assault
196615,199962,3,42.894,-78.835,Robbery
196618,199965,3,42.896,-78.82,Robbery
196623,199970,3,42.868,-78.808,Breaking & Entering
196624,199971,3,42.893,-78.826,Breaking & Entering
196630,199977,3,42.887,-78.808,Robbery
196638,199985,3,42.89,-78.808,Assault
196640,199987,3,42.842,-78.813,Theft
196642,199989,3,42.868,-78.835,Breaking & Entering
196644,199991,3,42.886,-78.81,Assault
196645,199992,3,42.852,-78.801,Assault
196646,199993,3,42.852,-78.803,Breaking & Entering
196648,199995,3,42.888,-78.808,Breaking & Entering
196649,199996,3,42.851,-78.832,Breaking & Entering
196650,199997,3,42.893,-78.839,Theft
196653,200000,3,42.892,-78.83,Robbery
196662,200010,3,42.842,-78.821,Theft
196671,200019,3,42.848,-78.814,Theft
196673,200021,3,42.843,-78.822,Sexual Assault
196680,200028,3,42.897,-78.835,Theft of Vehicle
196692,200040,3,42.838,-78.822,Theft
196693,200041,3,42.887,-78.815,Breaking & Entering
196697,200045,3,42.873,-78.823,Theft
196706,200054,3,42.852,-78.814,Breaking & Entering
196707,200055,3,42.892,-78.809,Theft
196709,200057,3,42.881,-78.8,Assault
196711,200059,3,42.85,-78.832,Breaking & Entering
196713,200061,3,42.891,-78.831,Breaking & Entering
196719,200067,3,42.845,-78.823,Theft
196731,200079,3,42.872,-78.807,Robbery
196736,200084,3,42.839,-78.824,Theft
196742,200090,3,42.867,-78.823,Theft
196748,200096,3,42.854,-78.808,Theft
196763,200111,3,42.884,-78.829,Breaking & Entering
196764,200112,3,42.897,-78.809,Assault
196767,200115,3,42.865,-78.825,Breaking & Entering
196768,200116,3,42.878,-78.801,Theft
196778,200127,3,42.898,-78.8,Theft
196792,200141,3,42.851,-78.805,Theft
196793,200142,3,42.896,-78.821,Theft of Vehicle
196812,200162,3,42.884,-78.827,Theft
196815,200165,3,42.898,-78.817,Other Sexual Offense
196817,200167,3,42.885,-78.839,Theft of Vehicle
196818,200168,3,42.893,-78.807,Breaking & Entering
196820,200170,3,42.894,-78.823,Assault
196822,200172,3,42.87,-78.835,Assault
196825,200175,3,42.894,-78.835,Assault
196826,200176,3,42.887,-78.804,Assault
196830,200181,3,42.854,-78.808,Assault
196832,200183,3,42.897,-78.817,Assault
196837,200188,3,42.859,-78.826,Assault
196840,200191,3,42.843,-78.815,Breaking & Entering
196845,200196,3,42.893,-78.807,Theft
196847,200198,3,42.856,-78.826,Theft of Vehicle
196851,200202,3,42.893,-78.831,Breaking & Entering
196858,200209,3,42.844,-78.812,Theft
196861,200212,3,42.86,-78.81,Theft
196862,200213,3,42.849,-78.831,Theft
196863,200214,3,42.897,-78.817,Robbery
196873,200224,3,42.885,-78.843,Theft
196875,200226,3,42.857,-78.808,Assault
196876,200227,3,42.862,-78.811,Robbery
196879,200230,3,42.856,-78.828,Theft
196881,200232,3,42.897,-78.805,Breaking & Entering
196893,200244,3,42.85,-78.815,Assault
196901,200252,3,42.849,-78.822,Breaking & Entering
196912,200263,3,42.886,-78.844,Sexual Assault
196921,200272,3,42.835,-78.824,Theft
196925,200276,3,42.881,-78.801,Theft
196935,200286,3,42.863,-78.821,Theft
196938,200289,3,42.888,-78.814,Assault
196945,200296,3,42.886,-78.802,Theft
196946,200297,3,42.897,-78.814,Theft
196948,200299,3,42.844,-78.81,Theft of Vehicle
196959,200310,3,42.888,-78.839,Breaking & Entering
196968,200319,3,42.851,-78.822,Theft of Vehicle
196981,200332,3,42.869,-78.849,Theft
196987,200338,3,42.872,-78.808,Theft
196998,200349,3,42.897,-78.826,Theft
197010,200361,3,42.873,-78.809,Theft
197013,200364,3,42.858,-78.815,Theft
197019,200370,3,42.877,-78.849,Theft of Vehicle
197024,200375,3,42.853,-78.819,Breaking & Entering
197037,200388,3,42.894,-78.823,Breaking & Entering
197038,200389,3,42.85,-78.812,Theft
197044,200395,3,42.857,-78.807,Theft
197054,200405,3,42.895,-78.829,Assault
197057,200408,3,42.899,-78.814,Robbery
197064,200415,3,42.892,-78.838,Theft
197069,200420,3,42.872,-78.832,Sexual Assault
197082,200433,3,42.896,-78.832,Breaking & Entering
197086,200437,3,42.873,-78.809,Breaking & Entering
197091,200443,3,42.871,-78.807,Theft
197095,200447,3,42.894,-78.834,Theft
197099,200451,3,42.868,-78.856,Theft
197100,200452,3,42.856,-78.824,Assault
197110,200462,3,42.857,-78.833,Breaking & Entering
197114,200466,3,42.896,-78.817,Theft
197115,200467,3,42.838,-78.812,Assault
197116,200468,3,42.895,-78.839,Theft
197129,200481,3,42.894,-78.807,Theft
197152,200504,3,42.852,-78.805,Theft
197155,200507,3,42.854,-78.808,Theft of Vehicle
197157,200509,3,42.842,-78.829,Assault
197158,200510,3,42.885,-78.811,Theft
197160,200513,3,42.897,-78.835,Theft
197161,200514,3,42.849,-78.803,Theft
197166,200519,3,42.895,-78.828,Assault
197172,200525,3,42.896,-78.819,Breaking & Entering
197174,200527,3,42.874,-78.825,Breaking & Entering
197179,200532,3,42.878,-78.801,Theft
197181,200534,3,42.898,-78.839,Sexual Assault
197186,200539,3,42.836,-78.815,Assault
197189,200542,3,42.892,-78.803,Theft
197191,200544,3,42.891,-78.825,Theft
197195,200548,3,42.853,-78.804,Breaking & Entering
197207,200560,3,42.838,-78.807,Theft
197210,200563,3,42.893,-78.839,Assault
197213,200566,3,42.838,-78.824,Breaking & Entering
197214,200567,3,42.876,-78.843,Breaking & Entering
197227,200580,3,42.848,-78.824,Theft
197241,200594,3,42.895,-78.803,Breaking & Entering
197242,200595,3,42.858,-78.831,Theft
197248,200601,3,42.898,-78.807,Robbery
197259,200612,3,42.859,-78.809,Assault
197279,200632,3,42.897,-78.817,Robbery
197280,200633,3,42.857,-78.821,Assault
197282,200635,3,42.834,-78.816,Breaking & Entering
197283,200636,3,42.851,-78.806,Theft
197284,200637,3,42.889,-78.812,Theft
197288,200641,3,42.852,-78.832,Theft
197294,200647,3,42.872,-78.806,Assault
197297,200650,3,42.89,-78.835,Theft
197298,200651,3,42.874,-78.804,Assault
197302,200655,3,42.871,-78.835,Theft
197305,200658,3,42.853,-78.802,Theft
197325,200678,3,42.839,-78.824,Theft
197328,200681,3,42.887,-78.802,Theft
197333,200687,3,42.889,-78.806,Assault
197338,200693,3,42.899,-78.81,Theft
197340,200695,3,42.888,-78.815,Theft
197342,200697,3,42.854,-78.802,Theft
197345,200700,3,42.834,-78.824,Theft of Vehicle
197347,200702,3,42.856,-78.815,Theft
197348,200703,3,42.896,-78.801,Theft
197350,200705,3,42.89,-78.836,Theft
197357,200712,3,42.837,-78.806,Theft
197359,200714,3,42.897,-78.806,Theft
197360,200715,3,42.855,-78.805,Breaking & Entering
197363,200718,3,42.891,-78.826,Breaking & Entering
197367,200722,3,42.861,-78.819,Breaking & Entering
197376,200731,3,42.896,-78.826,Assault
197382,200737,3,42.849,-78.829,Assault
197388,200743,3,42.892,-78.832,Assault
197392,200747,3,42.852,-78.824,Assault
197398,200753,3,42.889,-78.811,Breaking & Entering
197400,200755,3,42.837,-78.814,Theft
197402,200757,3,42.886,-78.805,Theft of Vehicle
197406,200761,3,42.897,-78.819,Assault
197416,200772,3,42.897,-78.832,Breaking & Entering
197418,200774,3,42.894,-78.836,Robbery
197422,200778,3,42.884,-78.841,Breaking & Entering
197433,200789,3,42.873,-78.811,Theft
197434,200790,3,42.897,-78.815,Theft
197443,200799,3,42.858,-78.832,Breaking & Entering
197446,200802,3,42.854,-78.833,Breaking & Entering
197448,200804,3,42.897,-78.816,Assault
197449,200805,3,42.894,-78.821,Robbery
197455,200811,3,42.896,-78.816,Assault
197456,200812,3,42.839,-78.812,Theft
197458,200814,3,42.869,-78.828,Breaking & Entering
197469,200825,3,42.887,-78.81,Assault
197479,200836,3,42.854,-78.828,Theft
197480,200837,3,42.871,-78.831,Assault
197482,200839,3,42.848,-78.812,Assault
197485,200842,3,42.886,-78.802,Theft
197489,200846,3,42.855,-78.833,Assault
197496,200853,3,42.871,-78.843,Theft
197498,200855,3,42.834,-78.823,Breaking & Entering
197499,200856,3,42.888,-78.8,Assault
197516,200873,3,42.853,-78.827,Breaking & Entering
197518,200875,3,42.888,-78.838,Breaking & Entering
197519,200876,3,42.886,-78.82,Theft
197529,200888,3,42.885,-78.803,Assault
197538,200898,3,42.886,-78.808,Theft
197548,200908,3,42.894,-78.823,Robbery
197549,200909,3,42.852,-78.808,Theft
197550,200910,3,42.898,-78.819,Breaking & Entering
197552,200912,3,42.839,-78.824,Theft
197555,200915,3,42.837,-78.828,Theft of Vehicle
197557,200917,3,42.89,-78.802,Assault
197558,200918,3,42.899,-78.823,Theft
197563,200923,3,42.89,-78.837,Breaking & Entering
197567,200927,3,42.853,-78.824,Assault
197573,200933,3,42.861,-78.802,Theft
197579,200939,3,42.859,-78.81,Theft
197600,200960,3,42.847,-78.833,Theft
197605,200965,3,42.888,-78.836,Theft
197607,200967,3,42.828,-78.824,Sexual Assault
197610,200970,3,42.896,-78.801,Breaking & Entering
197611,200971,3,42.857,-78.812,Theft
197614,200974,3,42.856,-78.837,Theft
197617,200977,3,42.854,-78.806,Robbery
197619,200979,3,42.895,-78.821,Breaking & Entering
197621,200981,3,42.855,-78.806,Assault
197622,200982,3,42.855,-78.806,Theft
197629,200989,3,42.89,-78.8,Theft
197630,200990,3,42.891,-78.83,Theft
197631,200991,3,42.835,-78.805,Theft
197632,200992,3,42.893,-78.83,Sexual Offense
197636,200996,3,42.839,-78.816,Breaking & Entering
197642,201002,3,42.857,-78.808,Theft
197645,201005,3,42.842,-78.823,Assault
197651,201012,3,42.838,-78.812,Theft
197657,201018,3,42.886,-78.814,Assault
197662,201023,3,42.877,-78.812,Breaking & Entering
197669,201030,3,42.88,-78.842,Breaking & Entering
197675,201036,3,42.875,-78.828,Breaking & Entering
197678,201039,3,42.876,-78.804,Theft
197680,201041,3,42.882,-78.844,Robbery
197682,201043,3,42.899,-78.81,Theft
197684,201045,3,42.869,-78.806,Theft
197691,201052,3,42.896,-78.838,Sexual Assault
197693,201054,3,42.863,-78.814,Robbery
197695,201056,3,42.855,-78.827,Robbery
197707,201068,3,42.891,-78.83,Theft
197711,201072,3,42.835,-78.821,Assault
197720,201081,3,42.895,-78.828,Theft of Vehicle
197736,201097,3,42.863,-78.813,Theft
197737,201098,3,42.896,-78.825,Robbery
197749,201110,3,42.836,-78.809,Theft
197762,201123,3,42.896,-78.824,Assault
197767,201128,3,42.839,-78.824,Breaking & Entering
197770,201131,3,42.889,-78.807,Theft
197773,201134,3,42.855,-78.809,Theft of Vehicle
197775,201136,3,42.898,-78.839,Theft of Vehicle
197778,201139,3,42.843,-78.83,Assault
197779,201140,3,42.848,-78.824,Theft
197792,201153,3,42.858,-78.831,Theft
197796,201157,3,42.869,-78.833,Assault
197797,201158,3,42.887,-78.807,Theft
197800,201161,3,42.846,-78.824,Assault
197801,201162,3,42.852,-78.826,Assault
197802,201163,3,42.893,-78.83,Theft
197804,201165,3,42.845,-78.824,Breaking & Entering
197805,201166,3,42.85,-78.816,Theft
197806,201167,3,42.892,-78.844,Theft of Vehicle
197813,201174,3,42.851,-78.823,Assault
197823,201184,3,42.88,-78.84,Theft
197824,201185,3,42.84,-78.803,Theft
197833,201195,3,42.899,-78.833,Assault
197840,201202,3,42.886,-78.84,Breaking & Entering
197848,201210,3,42.855,-78.81,Breaking & Entering
197849,201211,3,42.872,-78.825,Theft
197850,201212,3,42.857,-78.812,Theft
197851,201213,3,42.892,-78.834,Assault
197852,201214,3,42.844,-78.827,Assault
197862,201224,3,42.857,-78.813,Breaking & Entering
197865,201227,3,42.891,-78.812,Breaking & Entering
197866,201228,3,42.835,-78.815,Theft of Vehicle
197875,201237,3,42.886,-78.815,Theft
197876,201238,3,42.875,-78.832,Theft
197894,201256,3,42.893,-78.81,Breaking & Entering
197901,201263,3,42.896,-78.808,Breaking & Entering
197905,201267,3,42.844,-78.826,Breaking & Entering
197927,201289,3,42.87,-78.804,Theft
197937,201301,3,42.847,-78.855,Theft
197939,201303,3,42.88,-78.835,Breaking & Entering
197945,201309,3,42.892,-78.832,Assault
197949,201313,3,42.854,-78.825,Breaking & Entering
197954,201318,3,42.828,-78.824,Theft
197956,201320,3,42.872,-78.821,Theft
197958,201322,3,42.891,-78.8,Assault
197966,201330,3,42.859,-78.814,Assault
197968,201332,3,42.837,-78.824,Theft
197969,201333,3,42.897,-78.826,Breaking & Entering
197970,201334,3,42.853,-78.801,Theft
197972,201336,3,42.85,-78.831,Breaking & Entering
197980,201344,3,42.881,-78.843,Theft
197982,201346,3,42.847,-78.802,Theft
197989,201353,3,42.852,-78.823,Breaking & Entering
197996,201360,3,42.841,-78.828,Assault
197998,201362,3,42.893,-78.837,Theft
198004,201369,3,42.85,-78.831,Assault
198016,201381,3,42.891,-78.8,Theft
198021,201386,3,42.872,-78.82,Assault
198034,201399,3,42.845,-78.836,Theft
198046,201411,3,42.857,-78.812,Assault
198053,201418,3,42.852,-78.806,Theft
198054,201419,3,42.878,-78.801,Theft
198061,201426,3,42.842,-78.824,Theft
198064,201429,3,42.849,-78.821,Theft
198067,201432,3,42.895,-78.842,Assault
198071,201436,3,42.872,-78.82,Assault
198076,201442,3,42.891,-78.814,Theft
198080,201446,3,42.895,-78.839,Assault
198085,201451,3,42.898,-78.831,Assault
198088,201455,3,42.84,-78.804,Theft
198089,201456,3,42.896,-78.809,Theft
198105,201472,3,42.854,-78.806,Assault
198108,201475,3,42.894,-78.819,Breaking & Entering
198123,201490,3,42.885,-78.839,Theft
198129,201496,3,42.857,-78.811,Theft
198131,201498,3,42.872,-78.801,Other Sexual Offense
198150,201517,3,42.876,-78.826,Breaking & Entering
198151,201518,3,42.899,-78.831,Breaking & Entering
198166,201533,3,42.891,-78.831,Robbery
198176,201543,3,42.858,-78.83,Theft of Vehicle
198185,201552,3,42.856,-78.807,Assault
198208,201575,3,42.889,-78.84,Robbery
198228,201596,3,42.888,-78.808,Theft
198243,201612,3,42.893,-78.834,Robbery
198245,201614,3,42.851,-78.823,Breaking & Entering
198246,201615,3,42.879,-78.851,Breaking & Entering
198253,201622,3,42.845,-78.825,Theft
198254,201623,3,42.884,-78.813,Theft
198267,201637,3,42.888,-78.808,Theft
198276,201646,3,42.896,-78.825,Theft
198277,201647,3,42.894,-78.833,Theft
198280,201650,3,42.847,-78.823,Assault
198285,201655,3,42.84,-78.807,Theft
198298,201668,3,42.837,-78.818,Assault
198299,201669,3,42.845,-78.812,Theft of Vehicle
198300,201670,3,42.877,-78.827,Theft
198302,201672,3,42.872,-78.805,Theft
198303,201673,3,42.855,-78.806,Theft
198307,201677,3,42.851,-78.805,Robbery
198314,201684,3,42.882,-78.832,Theft
198323,201693,3,42.894,-78.831,Breaking & Entering
198324,201694,3,42.872,-78.82,Theft of Vehicle
198327,201697,3,42.851,-78.825,Theft
198338,201708,3,42.895,-78.832,Breaking & Entering
198359,201729,3,42.875,-78.803,Assault
198361,201731,3,42.837,-78.823,Breaking & Entering
198363,201733,3,42.896,-78.82,Theft
198365,201735,3,42.895,-78.837,Theft
198368,201738,3,42.833,-78.824,Theft
198392,201762,3,42.839,-78.824,Theft
198393,201763,3,42.863,-78.812,Breaking & Entering
198395,201765,3,42.859,-78.81,Theft
198396,201766,3,42.895,-78.827,Robbery
198401,201771,3,42.852,-78.808,Breaking & Entering
198405,201775,3,42.87,-78.846,Theft
198408,201778,3,42.856,-78.809,Breaking & Entering
198410,201780,3,42.872,-78.821,Theft
198420,201790,3,42.857,-78.812,Assault
198429,201799,3,42.867,-78.849,Assault
198433,201803,3,42.871,-78.835,Assault
198434,201804,3,42.844,-78.822,Breaking & Entering
198436,201806,3,42.858,-78.811,Breaking & Entering
198447,201817,3,42.877,-78.827,Breaking & Entering
198449,201819,3,42.882,-78.801,Sexual Assault
198452,201823,3,42.854,-78.828,Theft
198463,201834,3,42.888,-78.816,Breaking & Entering
198469,201840,3,42.893,-78.841,Robbery
198477,201848,3,42.85,-78.832,Theft
198478,201849,3,42.897,-78.819,Robbery
198494,201865,3,42.858,-78.825,Theft
198496,201867,3,42.887,-78.802,Breaking & Entering
198506,201877,3,42.867,-78.849,Theft
198523,201894,3,42.898,-78.8,Theft
198536,201907,3,42.856,-78.802,Assault
198543,201914,3,42.859,-78.825,Theft
198551,201922,3,42.898,-78.834,Theft
198552,201923,3,42.858,-78.831,Theft
198557,201928,3,42.876,-78.85,Theft
198558,201929,3,42.851,-78.827,Breaking & Entering
198559,201930,3,42.846,-78.82,Theft
198561,201932,3,42.842,-78.809,Assault
198571,201943,3,42.872,-78.806,Breaking & Entering
198575,201947,3,42.893,-78.805,Breaking & Entering
198577,201949,3,42.893,-78.806,Theft
198579,201951,3,42.872,-78.804,Assault
198580,201952,3,42.873,-78.801,Theft
198591,201964,3,42.872,-78.844,Theft
198604,201977,3,42.896,-78.838,Theft
198609,201982,3,42.895,-78.83,Robbery
198615,201988,3,42.858,-78.811,Breaking & Entering
198620,201993,3,42.889,-78.844,Sexual Assault
198629,202002,3,42.871,-78.802,Sexual Assault
198630,202003,3,42.89,-78.837,Breaking & Entering
198636,202009,3,42.895,-78.842,Breaking & Entering
198639,202012,3,42.854,-78.82,Theft
198645,202018,3,42.891,-78.836,Breaking & Entering
198647,202020,3,42.897,-78.82,Breaking & Entering
198648,202021,3,42.847,-78.818,Theft of Vehicle
198650,202023,3,42.892,-78.842,Breaking & Entering
198653,202026,3,42.854,-78.811,Breaking & Entering
198654,202027,3,42.841,-78.809,Theft
198660,202033,3,42.836,-78.827,Assault
198662,202035,3,42.896,-78.82,Theft
198664,202037,3,42.856,-78.824,Theft
198666,202039,3,42.87,-78.849,Theft
198677,202050,3,42.882,-78.847,Assault
198684,202057,3,42.879,-78.839,Theft
198685,202058,3,42.846,-78.81,Breaking & Entering
198688,202061,3,42.855,-78.828,Theft
198691,202064,3,42.885,-78.843,Theft
198708,202081,3,42.891,-78.812,Breaking & Entering
198710,202083,3,42.872,-78.812,Theft
198716,202089,3,42.869,-78.829,Breaking & Entering
198717,202090,3,42.894,-78.836,Theft
198721,202094,3,42.894,-78.829,Breaking & Entering
198734,202107,3,42.868,-78.806,Breaking & Entering
198739,202112,3,42.851,-78.822,Assault
198751,202124,3,42.887,-78.837,Theft
198763,202136,3,42.846,-78.823,Breaking & Entering
198777,202150,3,42.884,-78.826,Breaking & Entering
198781,202154,3,42.892,-78.803,Theft of Vehicle
198784,202157,3,42.856,-78.834,Breaking & Entering
198788,202161,3,42.847,-78.83,Breaking & Entering
198794,202167,3,42.848,-78.827,Theft
198799,202172,3,42.879,-78.836,Theft
198800,202173,3,42.887,-78.805,Assault
198808,202182,3,42.859,-78.808,Other Sexual Offense
198813,202187,3,42.885,-78.803,Theft
198830,202205,3,42.895,-78.828,Breaking & Entering
198831,202206,3,42.85,-78.815,Theft of Vehicle
198874,202249,3,42.859,-78.818,Theft of Vehicle
198875,202250,3,42.839,-78.809,Theft
198886,202261,3,42.853,-78.803,Theft of Vehicle
198890,202265,3,42.891,-78.814,Assault
198898,202273,3,42.884,-78.835,Theft
198903,202278,3,42.882,-78.841,Breaking & Entering
198912,202287,3,42.889,-78.834,Breaking & Entering
198919,202294,3,42.854,-78.828,Assault
198922,202297,3,42.863,-78.821,Assault
198927,202302,3,42.892,-78.803,Theft
198933,202308,3,42.867,-78.847,Theft
198937,202312,3,42.889,-78.806,Theft
198942,202318,3,42.889,-78.809,Theft
198950,202326,3,42.872,-78.814,Theft
198954,202330,3,42.867,-78.846,Assault
198956,202332,3,42.886,-78.811,Breaking & Entering
198961,202337,3,42.847,-78.827,Assault
198967,202343,3,42.897,-78.84,Assault
198974,202350,3,42.897,-78.814,Theft of Vehicle
198975,202351,3,42.89,-78.833,Other Sexual Offense
198984,202360,3,42.885,-78.81,Theft
198991,202368,3,42.839,-78.824,Theft
198992,202369,3,42.858,-78.803,Theft
199007,202384,3,42.896,-78.821,Breaking & Entering
199015,202392,3,42.855,-78.81,Assault
199027,202404,3,42.859,-78.825,Assault
199029,202406,3,42.878,-78.85,Breaking & Entering
199030,202407,3,42.896,-78.837,Theft
199036,202413,3,42.872,-78.815,Theft of Vehicle
199039,202416,3,42.856,-78.823,Theft of Vehicle
199040,202417,3,42.832,-78.802,Theft
199041,202418,3,42.899,-78.815,Assault
199043,202420,3,42.867,-78.847,Robbery
199048,202425,3,42.898,-78.831,Theft
199051,202428,3,42.872,-78.8,Breaking & Entering
199052,202429,3,42.887,-78.837,Assault
199056,202433,3,42.847,-78.855,Theft
199063,202440,3,42.85,-78.803,Theft
199074,202451,3,42.897,-78.841,Breaking & Entering
199075,202452,3,42.896,-78.825,Theft of Vehicle
199077,202454,3,42.841,-78.824,Theft
199083,202460,3,42.893,-78.804,Theft
199085,202462,3,42.851,-78.821,Assault
199086,202463,3,42.853,-78.812,Theft
199092,202469,3,42.854,-78.801,Theft
199097,202474,3,42.873,-78.805,Theft
199098,202475,3,42.895,-78.815,Theft
199103,202480,3,42.876,-78.828,Assault
199111,202489,3,42.845,-78.818,Theft
199117,202495,3,42.895,-78.824,Breaking & Entering
199123,202501,3,42.895,-78.832,Breaking & Entering
199128,202506,3,42.893,-78.836,Breaking & Entering
199143,202521,3,42.852,-78.821,Theft
199144,202522,3,42.893,-78.823,Breaking & Entering
199163,202541,3,42.855,-78.831,Assault
199172,202550,3,42.895,-78.823,Breaking & Entering
199175,202553,3,42.857,-78.815,Theft
199184,202562,3,42.892,-78.807,Other Sexual Offense
199195,202573,3,42.833,-78.824,Theft
199204,202582,3,42.877,-78.828,Robbery
199205,202583,3,42.889,-78.811,Theft
199213,202591,3,42.875,-78.829,Breaking & Entering
199217,202595,3,42.858,-78.831,Theft
199225,202603,3,42.848,-78.821,Breaking & Entering
199230,202608,3,42.842,-78.832,Theft of Vehicle
199231,202609,3,42.878,-78.833,Breaking & Entering
199234,202612,3,42.896,-78.802,Assault
199241,202619,3,42.848,-78.824,Theft of Vehicle
199243,202621,3,42.867,-78.849,Assault
199254,202632,3,42.853,-78.802,Theft
199256,202634,3,42.896,-78.833,Robbery
199259,202637,3,42.89,-78.832,Assault
199266,202644,3,42.848,-78.812,Assault
199268,202646,3,42.872,-78.81,Assault
199270,202648,3,42.86,-78.805,Theft
199274,202652,3,42.893,-78.832,Assault
199276,202654,3,42.888,-78.814,Theft
199279,202657,3,42.898,-78.807,Breaking & Entering
199285,202663,3,42.857,-78.815,Theft
199293,202671,3,42.887,-78.808,Theft of Vehicle
199299,202677,3,42.872,-78.813,Assault
199303,202682,3,42.889,-78.837,Theft
199311,202691,3,42.896,-78.838,Theft
199313,202693,3,42.897,-78.82,Assault
199321,202701,3,42.855,-78.811,Theft
199329,202709,3,42.897,-78.817,Sexual Offense
199338,202718,3,42.895,-78.809,Theft of Vehicle
199342,202722,3,42.895,-78.803,Theft of Vehicle
199343,202723,3,42.849,-78.863,Theft
199347,202727,3,42.879,-78.802,Theft
199355,202735,3,42.843,-78.813,Theft
199359,202739,3,42.888,-78.814,Assault
199363,202743,3,42.855,-78.812,Breaking & Entering
199364,202745,3,42.853,-78.818,Breaking & Entering
199366,202747,3,42.841,-78.809,Theft
199370,202751,3,42.836,-78.819,Theft
199385,202766,3,42.854,-78.828,Breaking & Entering
199386,202767,3,42.896,-78.823,Theft
199387,202768,3,42.85,-78.805,Theft
199389,202770,3,42.895,-78.804,Theft
199391,202772,3,42.875,-78.833,Breaking & Entering
199397,202778,3,42.857,-78.811,Breaking & Entering
199400,202781,3,42.863,-78.813,Theft of Vehicle
199408,202789,3,42.869,-78.807,Theft of Vehicle
199409,202790,3,42.885,-78.805,Robbery
199410,202791,3,42.87,-78.816,Breaking & Entering
199412,202793,3,42.895,-78.842,Assault
199413,202794,3,42.893,-78.808,Theft of Vehicle
199417,202798,3,42.87,-78.839,Theft of Vehicle
199419,202800,3,42.896,-78.807,Sexual Assault
199438,202819,3,42.857,-78.814,Theft
199449,202830,3,42.892,-78.807,Theft of Vehicle
199452,202833,3,42.832,-78.806,Theft of Vehicle
199463,202844,3,42.839,-78.824,Theft
199464,202845,3,42.892,-78.835,Assault
199474,202856,3,42.841,-78.827,Theft
199483,202866,3,42.895,-78.82,Robbery
199501,202884,3,42.871,-78.809,Breaking & Entering
199503,202886,3,42.878,-78.836,Theft
199505,202888,3,42.862,-78.815,Assault
199508,202891,3,42.879,-78.835,Theft
199515,202898,3,42.854,-78.829,Theft of Vehicle
199525,202908,3,42.873,-78.826,Assault
199526,202909,3,42.835,-78.826,Theft
199563,202946,3,42.896,-78.818,Robbery
199565,202948,3,42.857,-78.829,Robbery
199566,202949,3,42.871,-78.835,Theft of Vehicle
199580,202964,3,42.895,-78.831,Assault
199583,202967,3,42.845,-78.824,Theft
199600,202985,3,42.882,-78.834,Breaking & Entering
199602,202987,3,42.858,-78.831,Theft
199608,202993,3,42.873,-78.852,Breaking & Entering
199609,202994,3,42.856,-78.809,Assault
199610,202995,3,42.841,-78.849,Theft
199618,203003,3,42.886,-78.839,Theft
199623,203008,3,42.86,-78.825,Theft
199626,203011,3,42.887,-78.84,Assault
199630,203015,3,42.885,-78.804,Theft
199638,203023,3,42.891,-78.811,Theft
199641,203026,3,42.871,-78.811,Robbery
199645,203030,3,42.869,-78.806,Breaking & Entering
199666,203051,3,42.888,-78.837,Breaking & Entering
199672,203057,3,42.872,-78.842,Breaking & Entering
199673,203058,3,42.894,-78.835,Theft
199675,203060,3,42.893,-78.838,Theft
199676,203061,3,42.888,-78.809,Breaking & Entering
199677,203062,3,42.898,-78.837,Sexual Assault
199684,203069,3,42.887,-78.805,Assault
199689,203074,3,42.853,-78.829,Theft
199690,203075,3,42.896,-78.824,Robbery
199705,203091,3,42.895,-78.804,Breaking & Entering
199723,203109,3,42.856,-78.809,Assault
199731,203118,3,42.881,-78.836,Assault
199733,203120,3,42.843,-78.828,Theft
199739,203126,3,42.858,-78.803,Theft
199744,203131,3,42.834,-78.824,Theft
199745,203132,3,42.855,-78.811,Breaking & Entering
199749,203136,3,42.891,-78.808,Theft
199752,203139,3,42.873,-78.801,Breaking & Entering
199756,203143,3,42.857,-78.808,Theft
199763,203150,3,42.861,-78.802,Theft
199768,203155,3,42.891,-78.843,Theft
199769,203156,3,42.843,-78.816,Breaking & Entering
199771,203158,3,42.862,-78.815,Assault
199772,203159,3,42.842,-78.831,Theft
199777,203164,3,42.845,-78.824,Theft
199779,203166,3,42.898,-78.82,Breaking & Entering
199789,203176,3,42.868,-78.81,Theft
199794,203181,3,42.887,-78.812,Theft
199795,203182,3,42.855,-78.81,Theft
199798,203185,3,42.86,-78.816,Theft
199801,203188,3,42.858,-78.825,Theft
199802,203189,3,42.882,-78.832,Theft
199811,203198,3,42.897,-78.809,Theft
199843,203230,3,42.871,-78.837,Breaking & Entering
199845,203232,3,42.848,-78.832,Theft
199853,203240,3,42.882,-78.836,Assault
199855,203242,3,42.854,-78.828,Breaking & Entering
199856,203243,3,42.889,-78.81,Theft
199859,203246,3,42.848,-78.824,Theft of Vehicle
199866,203253,3,42.848,-78.812,Assault
199867,203254,3,42.858,-78.813,Theft
199868,203255,3,42.886,-78.841,Assault
199875,203262,3,42.886,-78.81,Assault
199876,203263,3,42.898,-78.836,Breaking & Entering
199879,203266,3,42.892,-78.838,Robbery
199880,203267,3,42.893,-78.805,Breaking & Entering
199883,203270,3,42.857,-78.809,Assault
199886,203273,3,42.894,-78.835,Theft
199891,203278,3,42.896,-78.819,Robbery
199894,203281,3,42.855,-78.822,Theft of Vehicle
199898,203285,3,42.848,-78.801,Breaking & Entering
199908,203295,3,42.892,-78.824,Breaking & Entering
199917,203304,3,42.856,-78.827,Theft
199923,203310,3,42.856,-78.831,Other Sexual Offense
199925,203312,3,42.886,-78.84,Robbery
199934,203321,3,42.897,-78.819,Breaking & Entering
199940,203327,3,42.858,-78.825,Theft
199941,203328,3,42.888,-78.843,Theft
199944,203331,3,42.855,-78.808,Breaking & Entering
199947,203334,3,42.893,-78.832,Breaking & Entering
199958,203345,3,42.852,-78.805,Theft
199966,203353,3,42.837,-78.802,Theft
199973,203360,3,42.857,-78.831,Theft
199981,203368,3,42.888,-78.838,Breaking & Entering
199983,203370,3,42.844,-78.815,Theft of Vehicle
200008,203395,3,42.848,-78.812,Assault
200010,203397,3,42.848,-78.82,Breaking & Entering
200030,203418,3,42.848,-78.812,Theft
200037,203425,3,42.897,-78.801,Theft
200043,203431,3,42.893,-78.84,Theft
200053,203441,3,42.878,-78.801,Theft
200059,203447,3,42.842,-78.81,Breaking & Entering
200063,203451,3,42.898,-78.8,Theft
200068,203456,3,42.853,-78.819,Theft of Vehicle
200097,203485,3,42.842,-78.816,Breaking & Entering
200100,203488,3,42.895,-78.826,Theft
200104,203492,3,42.899,-78.836,Robbery
200106,203494,3,42.89,-78.806,Theft
200108,203496,3,42.888,-78.804,Assault
200127,203515,3,42.833,-78.808,Theft
200128,203516,3,42.89,-78.808,Assault
200145,203534,3,42.863,-78.819,Breaking & Entering
200148,203537,3,42.886,-78.82,Theft
200156,203546,3,42.835,-78.804,Theft
200161,203551,3,42.844,-78.826,Assault
200167,203557,3,42.852,-78.826,Assault
200176,203566,3,42.896,-78.824,Theft
200181,203571,3,42.839,-78.824,Theft
200184,203574,3,42.896,-78.801,Theft
200187,203577,3,42.847,-78.824,Assault
200188,203578,3,42.854,-78.808,Theft
200190,203580,3,42.891,-78.811,Theft
200200,203590,3,42.891,-78.812,Assault
200206,203596,3,42.872,-78.82,Robbery
200210,203600,3,42.896,-78.801,Theft of Vehicle
200225,203615,3,42.87,-78.84,Theft of Vehicle
200231,203621,3,42.88,-78.839,Breaking & Entering
200236,203626,3,42.888,-78.836,Assault
200239,203630,3,42.89,-78.844,Breaking & Entering
200240,203631,3,42.867,-78.823,Theft
200243,203634,3,42.858,-78.831,Theft
200247,203638,3,42.866,-78.804,Theft
200250,203642,3,42.872,-78.808,Assault
200257,203649,3,42.838,-78.812,Theft
200271,203664,3,42.897,-78.817,Assault
200274,203667,3,42.858,-78.807,Breaking & Entering
200282,203675,3,42.837,-78.815,Theft
200288,203681,3,42.844,-78.834,Breaking & Entering
200290,203683,3,42.872,-78.809,Assault
200306,203699,3,42.854,-78.833,Assault
200307,203700,3,42.895,-78.821,Assault
200309,203702,3,42.885,-78.825,Breaking & Entering
200321,203715,3,42.861,-78.814,Theft
200322,203716,3,42.858,-78.807,Theft
200323,203717,3,42.893,-78.837,Robbery
200324,203718,3,42.89,-78.805,Assault
200326,203720,3,42.896,-78.823,Assault
200351,203745,3,42.863,-78.819,Assault
200355,203750,3,42.898,-78.802,Assault
200367,203762,3,42.886,-78.843,Theft
200374,203769,3,42.895,-78.826,Robbery
200375,203770,3,42.847,-78.825,Theft
200376,203771,3,42.86,-78.822,Assault
200383,203778,3,42.896,-78.842,Assault
200393,203789,3,42.872,-78.807,Theft
200403,203799,3,42.855,-78.826,Breaking & Entering
200406,203802,3,42.884,-78.82,Theft
200408,203804,3,42.89,-78.806,Theft
200418,203814,3,42.857,-78.812,Assault
200419,203815,3,42.87,-78.804,Breaking & Entering
200424,203820,3,42.893,-78.831,Breaking & Entering
200428,203825,3,42.896,-78.819,Assault
200432,203829,3,42.897,-78.815,Theft
200435,203832,3,42.869,-78.817,Breaking & Entering
200438,203835,3,42.875,-78.832,Theft
200450,203847,3,42.897,-78.834,Theft
200455,203852,3,42.872,-78.82,Theft
200458,203855,3,42.833,-78.824,Theft
200459,203856,3,42.872,-78.81,Theft
200463,203860,3,42.894,-78.843,Assault
200464,203861,3,42.887,-78.808,Breaking & Entering
200471,203868,3,42.85,-78.803,Theft
200473,203870,3,42.888,-78.815,Assault
200479,203876,3,42.893,-78.839,Assault
200482,203879,3,42.888,-78.809,Theft
200483,203880,3,42.886,-78.8,Theft
200489,203886,3,42.892,-78.844,Theft of Vehicle
200494,203891,3,42.872,-78.813,Theft of Vehicle
200498,203895,3,42.858,-78.817,Assault
200504,203901,3,42.838,-78.804,Breaking & Entering
200508,203905,3,42.856,-78.824,Assault
200522,203919,3,42.858,-78.812,Breaking & Entering
200523,203920,3,42.888,-78.814,Theft
200529,203926,3,42.897,-78.82,Theft
200530,203927,3,42.888,-78.838,Breaking & Entering
200531,203928,3,42.887,-78.844,Robbery
200546,203943,3,42.896,-78.802,Breaking & Entering
200549,203946,3,42.883,-78.833,Theft
200554,203951,3,42.85,-78.812,Breaking & Entering
200557,203954,3,42.856,-78.82,Assault
200565,203962,3,42.864,-78.825,Theft of Vehicle
200580,203977,3,42.841,-78.824,Theft
200587,203984,3,42.895,-78.804,Breaking & Entering
200593,203990,3,42.872,-78.811,Assault
200596,203993,3,42.887,-78.8,Theft
200613,204011,3,42.897,-78.815,Theft of Vehicle
200621,204019,3,42.851,-78.828,Theft of Vehicle
200629,204027,3,42.851,-78.813,Theft
200634,204032,3,42.844,-78.828,Theft
200635,204033,3,42.885,-78.839,Theft of Vehicle
200644,204042,3,42.852,-78.823,Theft
200650,204048,3,42.841,-78.809,Theft
200661,204059,3,42.896,-78.825,Assault
200680,204078,3,42.898,-78.807,Theft of Vehicle
200685,204083,3,42.849,-78.813,Theft
200694,204092,3,42.892,-78.831,Assault
200719,204117,3,42.898,-78.807,Theft
200720,204118,3,42.887,-78.815,Breaking & Entering
200721,204119,3,42.834,-78.815,Theft
200724,204122,3,42.858,-78.829,Breaking & Entering
200725,204123,3,42.851,-78.806,Assault
200728,204126,3,42.888,-78.838,Breaking & Entering
200737,204135,3,42.888,-78.841,Theft
200750,204148,3,42.849,-78.831,Theft
200757,204155,3,42.896,-78.832,Breaking & Entering
200758,204156,3,42.852,-78.805,Assault
200759,204157,3,42.872,-78.805,Robbery
200783,204181,3,42.877,-78.81,Theft
200785,204183,3,42.89,-78.81,Robbery
200788,204186,3,42.863,-78.815,Breaking & Entering
200791,204190,3,42.896,-78.82,Robbery
200805,204204,3,42.897,-78.817,Theft of Vehicle
200818,204217,3,42.887,-78.808,Theft
200819,204218,3,42.895,-78.803,Breaking & Entering
200822,204221,3,42.895,-78.83,Assault
200823,204222,3,42.899,-78.833,Breaking & Entering
200835,204234,3,42.854,-78.807,Theft of Vehicle
200849,204248,3,42.846,-78.82,Theft
200852,204251,3,42.853,-78.824,Assault
200857,204256,3,42.835,-78.823,Theft
200860,204259,3,42.895,-78.821,Breaking & Entering
200864,204263,3,42.89,-78.807,Assault
200865,204264,3,42.838,-78.812,Theft of Vehicle
200874,204273,3,42.869,-78.805,Breaking & Entering
200875,204274,3,42.847,-78.823,Breaking & Entering
200881,204280,3,42.84,-78.817,Theft
200887,204287,3,42.887,-78.815,Theft
200889,204289,3,42.89,-78.844,Assault
200891,204291,3,42.869,-78.81,Theft
200897,204297,3,42.848,-78.824,Other Sexual Offense
200899,204299,3,42.867,-78.807,Robbery
200900,204300,3,42.893,-78.839,Assault
200905,204305,3,42.853,-78.83,Theft
200909,204309,3,42.869,-78.807,Assault
200910,204310,3,42.836,-78.826,Assault
200916,204317,3,42.891,-78.823,Breaking & Entering
200920,204321,3,42.898,-78.822,Theft
200923,204324,3,42.878,-78.848,Breaking & Entering
200924,204325,3,42.878,-78.801,Theft
200947,204348,3,42.886,-78.844,Assault
200955,204356,3,42.85,-78.802,Theft
200958,204359,3,42.899,-78.836,Breaking & Entering
200983,204384,3,42.858,-78.811,Theft
200989,204390,3,42.848,-78.828,Breaking & Entering
201004,204405,3,42.894,-78.837,Theft
201015,204416,3,42.873,-78.805,Breaking & Entering
201029,204430,3,42.838,-78.833,Theft
201038,204440,3,42.889,-78.836,Robbery
201042,204444,3,42.894,-78.822,Robbery
201044,204446,3,42.86,-78.821,Assault
201046,204448,3,42.857,-78.82,Theft of Vehicle
201049,204451,3,42.843,-78.824,Breaking & Entering
201052,204454,3,42.891,-78.824,Breaking & Entering
201062,204465,3,42.893,-78.833,Breaking & Entering
201083,204487,3,42.855,-78.836,Assault
201099,204503,3,42.85,-78.824,Theft
201103,204507,3,42.87,-78.805,Assault
201108,204512,3,42.894,-78.836,Theft
201113,204517,3,42.843,-78.824,Theft
201115,204519,3,42.893,-78.833,Theft
201119,204523,3,42.87,-78.805,Assault
201120,204524,3,42.885,-78.814,Breaking & Entering
201121,204525,3,42.842,-78.828,Breaking & Entering
201122,204526,3,42.857,-78.831,Assault
201127,204531,3,42.891,-78.841,Breaking & Entering
201128,204532,3,42.869,-78.817,Breaking & Entering
201131,204535,3,42.879,-78.839,Theft
201135,204539,3,42.85,-78.83,Robbery
201141,204545,3,42.89,-78.835,Homicide
201146,204550,3,42.835,-78.824,Theft
201147,204551,3,42.894,-78.834,Theft of Vehicle
201152,204556,3,42.841,-78.832,Assault
201155,204559,3,42.885,-78.814,Theft
201160,204564,3,42.852,-78.803,Theft
201162,204566,3,42.85,-78.821,Assault
201163,204567,3,42.881,-78.827,Theft
201164,204568,3,42.839,-78.816,Theft
201168,204572,3,42.896,-78.824,Assault
201174,204578,3,42.846,-78.827,Theft
201175,204579,3,42.898,-78.806,Theft of Vehicle
201190,204594,3,42.868,-78.808,Assault
201198,204602,3,42.89,-78.802,Theft
201203,204607,3,42.892,-78.84,Theft
201207,204612,3,42.856,-78.832,Theft
201215,204620,3,42.893,-78.839,Theft
201220,204625,3,42.885,-78.804,Assault
201230,204635,3,42.892,-78.809,Breaking & Entering
201237,204642,3,42.852,-78.818,Breaking & Entering
201244,204649,3,42.854,-78.825,Assault
201247,204652,3,42.895,-78.806,Assault
201250,204655,3,42.864,-78.825,Theft
201255,204660,3,42.871,-78.834,Assault
201257,204662,3,42.863,-78.812,Theft of Vehicle
201268,204673,3,42.848,-78.812,Assault
201270,204675,3,42.852,-78.805,Breaking & Entering
201280,204685,3,42.847,-78.821,Assault
201282,204687,3,42.855,-78.834,Assault
201285,204690,3,42.837,-78.811,Assault
201289,204694,3,42.896,-78.816,Theft
201290,204695,3,42.835,-78.824,Theft
201291,204696,3,42.852,-78.804,Theft
201298,204703,3,42.885,-78.804,Assault
201300,204705,3,42.854,-78.821,Breaking & Entering
201307,204712,3,42.877,-78.805,Theft
201314,204719,3,42.894,-78.803,Theft of Vehicle
201320,204725,3,42.856,-78.806,Assault
201328,204733,3,42.886,-78.802,Theft
201334,204739,3,42.852,-78.832,Theft
201337,204742,3,42.839,-78.824,Theft
201347,204752,3,42.89,-78.815,Breaking & Entering
201348,204753,3,42.856,-78.824,Robbery
201357,204762,3,42.857,-78.807,Theft
201358,204763,3,42.882,-78.833,Theft
201366,204771,3,42.854,-78.824,Assault
201368,204773,3,42.838,-78.822,Assault
201369,204774,3,42.873,-78.814,Theft of Vehicle
201375,204780,3,42.879,-78.844,Theft
201376,204781,3,42.886,-78.838,Robbery
201388,204793,3,42.886,-78.8,Assault
201391,204796,3,42.892,-78.806,Assault
201404,204809,3,42.897,-78.816,Robbery
201406,204811,3,42.837,-78.809,Assault
201415,204820,3,42.897,-78.825,Breaking & Entering
201420,204825,3,42.852,-78.806,Theft
201426,204831,3,42.845,-78.823,Theft
201439,204844,3,42.837,-78.811,Theft
201442,204847,3,42.898,-78.807,Robbery
201450,204855,3,42.878,-78.85,Theft
201452,204857,3,42.875,-78.802,Theft
201467,204872,3,42.882,-78.841,Theft of Vehicle
201471,204876,3,42.874,-78.851,Breaking & Entering
201473,204878,3,42.836,-78.818,Breaking & Entering
201490,204895,3,42.851,-78.803,Breaking & Entering
201501,204906,3,42.835,-78.823,Assault
201503,204908,3,42.841,-78.824,Theft
201504,204909,3,42.897,-78.838,Breaking & Entering
201514,204920,3,42.892,-78.806,Robbery
201521,204927,3,42.854,-78.808,Assault
201538,204944,3,42.888,-78.84,Theft
201549,204955,3,42.892,-78.839,Theft
201552,204958,3,42.875,-78.831,Theft
201554,204960,3,42.898,-78.832,Breaking & Entering
201558,204964,3,42.857,-78.812,Assault
201560,204966,3,42.888,-78.806,Breaking & Entering
201566,204972,3,42.833,-78.822,Assault
201568,204974,3,42.897,-78.825,Assault
201569,204975,3,42.88,-78.814,Theft
201572,204978,3,42.855,-78.815,Theft
201574,204980,3,42.87,-78.808,Robbery
201579,204985,3,42.87,-78.834,Theft
201580,204986,3,42.848,-78.827,Theft of Vehicle
201585,204991,3,42.892,-78.836,Breaking & Entering
201587,204993,3,42.894,-78.835,Robbery
201589,204995,3,42.893,-78.827,Breaking & Entering
201591,204997,3,42.857,-78.814,Theft
201594,205000,3,42.842,-78.829,Assault
201596,205002,3,42.889,-78.807,Breaking & Entering
201598,205004,3,42.852,-78.823,Assault
201608,205014,3,42.844,-78.821,Theft
201615,205021,3,42.872,-78.815,Assault
201624,205030,3,42.894,-78.83,Theft
201635,205041,3,42.895,-78.829,Breaking & Entering
201637,205043,3,42.849,-78.802,Theft
201655,205061,3,42.897,-78.811,Theft
201679,205085,3,42.835,-78.826,Breaking & Entering
201681,205087,3,42.847,-78.814,Theft
201684,205090,3,42.859,-78.812,Theft
201691,205098,3,42.896,-78.836,Theft
201693,205100,3,42.895,-78.826,Assault
201696,205103,3,42.895,-78.842,Theft of Vehicle
201723,205131,3,42.851,-78.822,Breaking & Entering
201732,205140,3,42.854,-78.823,Theft
201733,205141,3,42.84,-78.805,Theft
201740,205149,3,42.878,-78.802,Breaking & Entering
201742,205151,3,42.855,-78.828,Theft
201744,205153,3,42.838,-78.824,Theft
201752,205161,3,42.854,-78.828,Breaking & Entering
201761,205170,3,42.894,-78.831,Breaking & Entering
201766,205175,3,42.857,-78.812,Assault
201767,205176,3,42.852,-78.809,Theft
201776,205185,3,42.889,-78.835,Sexual Assault
201780,205189,3,42.895,-78.828,Theft
201781,205190,3,42.873,-78.81,Theft
201792,205201,3,42.856,-78.809,Theft of Vehicle
201793,205202,3,42.855,-78.819,Theft
201795,205204,3,42.873,-78.803,Assault
201800,205209,3,42.892,-78.835,Assault
201802,205211,3,42.848,-78.824,Assault
201804,205213,3,42.858,-78.815,Theft
201820,205229,3,42.857,-78.829,Assault
201821,205230,3,42.853,-78.824,Breaking & Entering
201822,205231,3,42.857,-78.805,Assault
201828,205237,3,42.845,-78.824,Theft of Vehicle
201838,205248,3,42.873,-78.814,Assault
201843,205253,3,42.879,-78.832,Assault
201851,205261,3,42.883,-78.845,Sexual Assault
201865,205275,3,42.854,-78.811,Assault
201869,205279,3,42.897,-78.816,Theft of Vehicle
201874,205285,3,42.861,-78.806,Theft
201879,205290,3,42.857,-78.833,Assault
201900,205311,3,42.895,-78.808,Theft of Vehicle
201902,205313,3,42.839,-78.808,Theft
201906,205317,3,42.877,-78.846,Assault
201907,205318,3,42.898,-78.82,Breaking & Entering
201913,205324,3,42.86,-78.808,Theft
201918,205329,3,42.854,-78.828,Breaking & Entering
201920,205331,3,42.848,-78.83,Breaking & Entering
201927,205338,3,42.87,-78.837,Theft
201928,205339,3,42.854,-78.819,Breaking & Entering
201930,205341,3,42.896,-78.822,Assault
201931,205342,3,42.855,-78.81,Theft
201935,205346,3,42.879,-78.835,Theft
201937,205348,3,42.87,-78.85,Assault
201939,205350,3,42.851,-78.801,Assault
201944,205355,3,42.868,-78.808,Sexual Offense
201949,205360,3,42.893,-78.809,Theft
201951,205362,3,42.887,-78.81,Assault
201958,205369,3,42.863,-78.814,Assault
201965,205376,3,42.897,-78.814,Theft
201984,205395,3,42.874,-78.804,Breaking & Entering
201993,205404,3,42.851,-78.831,Theft
201999,205410,3,42.897,-78.825,Breaking & Entering
202006,205417,3,42.853,-78.807,Robbery
202007,205418,3,42.896,-78.825,Assault
202016,205427,3,42.867,-78.849,Theft
202022,205433,3,42.881,-78.842,Breaking & Entering
202028,205439,3,42.85,-78.813,Assault
202029,205440,3,42.893,-78.839,Theft
202030,205441,3,42.839,-78.801,Theft
202046,205457,3,42.853,-78.819,Theft
202050,205461,3,42.841,-78.816,Theft
202062,205474,3,42.889,-78.814,Theft
202076,205488,3,42.838,-78.81,Assault
202079,205491,3,42.848,-78.819,Breaking & Entering
202083,205495,3,42.833,-78.821,Theft
202093,205505,3,42.859,-78.805,Robbery
202096,205508,3,42.857,-78.815,Theft
202106,205518,3,42.848,-78.808,Assault
202111,205523,3,42.852,-78.825,Assault
202114,205526,3,42.899,-78.816,Theft
202117,205529,3,42.856,-78.813,Breaking & Entering
202119,205532,3,42.854,-78.82,Breaking & Entering
202135,205548,3,42.867,-78.846,Theft of Vehicle
202136,205549,3,42.891,-78.833,Assault
202144,205557,3,42.838,-78.823,Theft
202145,205558,3,42.889,-78.816,Theft
202151,205564,3,42.889,-78.811,Assault
202157,205570,3,42.891,-78.837,Breaking & Entering
202160,205573,3,42.855,-78.812,Theft of Vehicle
202167,205580,3,42.886,-78.814,Assault
202169,205582,3,42.845,-78.823,Theft
202175,205588,3,42.876,-78.843,Theft
202181,205594,3,42.869,-78.809,Theft
202192,205605,3,42.871,-78.831,Breaking & Entering
202197,205611,3,42.894,-78.821,Assault
202201,205615,3,42.893,-78.833,Breaking & Entering
202226,205643,3,42.892,-78.825,Breaking & Entering
202230,205647,3,42.893,-78.84,Robbery
202233,205650,3,42.836,-78.82,Theft
202238,205655,3,42.869,-78.839,Assault
202243,205660,3,42.895,-78.833,Breaking & Entering
202245,205662,3,42.849,-78.832,Breaking & Entering
202246,205663,3,42.845,-78.824,Theft
202254,205671,3,42.854,-78.816,Theft
202264,205681,3,42.863,-78.821,Assault
202273,205690,3,42.881,-78.842,Theft
202287,205705,3,42.877,-78.817,Assault
202288,205706,3,42.896,-78.836,Theft
202290,205708,3,42.886,-78.838,Breaking & Entering
202292,205710,3,42.857,-78.824,Breaking & Entering
202294,205712,3,42.858,-78.831,Theft
202317,205735,3,42.853,-78.808,Theft
202322,205740,3,42.853,-78.811,Assault
202330,205748,3,42.841,-78.821,Other Sexual Offense
202331,205749,3,42.855,-78.82,Theft of Vehicle
202332,205750,3,42.894,-78.803,Theft
202333,205751,3,42.878,-78.848,Assault
202337,205755,3,42.873,-78.809,Theft
202351,205769,3,42.852,-78.801,Theft
202356,205774,3,42.878,-78.801,Theft
202366,205784,3,42.848,-78.828,Theft
202367,205785,3,42.881,-78.844,Robbery
202374,205792,3,42.873,-78.824,Theft
202377,205795,3,42.855,-78.81,Assault
202382,205800,3,42.872,-78.834,Theft
202392,205810,3,42.853,-78.81,Theft
202396,205814,3,42.882,-78.829,Theft
202401,205819,3,42.871,-78.815,Theft
202402,205820,3,42.85,-78.803,Theft
202405,205823,3,42.888,-78.839,Homicide
202406,205824,3,42.894,-78.835,Breaking & Entering
202413,205831,3,42.882,-78.84,Breaking & Entering
202415,205833,3,42.851,-78.801,Assault
202434,205853,3,42.875,-78.844,Theft of Vehicle
202437,205856,3,42.899,-78.838,Breaking & Entering
202439,205858,3,42.887,-78.807,Theft
202443,205862,3,42.86,-78.809,Theft
202445,205864,3,42.868,-78.811,Assault
202452,205871,3,42.895,-78.83,Theft of Vehicle
202461,205880,3,42.852,-78.82,Assault
202464,205883,3,42.884,-78.841,Breaking & Entering
202466,205885,3,42.896,-78.838,Breaking & Entering
202470,205889,3,42.846,-78.824,Theft of Vehicle
202482,205901,3,42.889,-78.811,Assault
202487,205906,3,42.852,-78.802,Theft
202490,205909,3,42.895,-78.825,Breaking & Entering
202498,205917,3,42.868,-78.837,Theft
202500,205919,3,42.833,-78.82,Assault
202505,205924,3,42.873,-78.826,Breaking & Entering
202523,205942,3,42.875,-78.802,Assault
202524,205943,3,42.886,-78.804,Assault
202527,205946,3,42.848,-78.832,Theft
202528,205947,3,42.851,-78.828,Assault
202533,205952,3,42.886,-78.815,Theft
202535,205954,3,42.859,-78.81,Theft
202539,205958,3,42.856,-78.834,Theft of Vehicle
202558,205977,3,42.847,-78.801,Breaking & Entering
202577,205997,3,42.898,-78.822,Breaking & Entering
202593,206015,3,42.884,-78.834,Breaking & Entering
202597,206019,3,42.867,-78.802,Other Sexual Offense
202602,206024,3,42.888,-78.819,Theft
202604,206026,3,42.857,-78.829,Theft
202612,206034,3,42.851,-78.824,Robbery
202622,206044,3,42.836,-78.804,Theft
202624,206046,3,42.851,-78.802,Theft of Vehicle
202628,206050,3,42.853,-78.804,Breaking & Entering
202639,206061,3,42.858,-78.831,Robbery
202648,206070,3,42.886,-78.817,Breaking & Entering
202651,206073,3,42.887,-78.846,Assault
202654,206077,3,42.896,-78.833,Breaking & Entering
202656,206079,3,42.866,-78.804,Theft
202669,206092,3,42.834,-78.816,Breaking & Entering
202673,206096,3,42.86,-78.815,Theft
202684,206107,3,42.898,-78.807,Theft
202687,206110,3,42.839,-78.808,Theft
202702,206125,3,42.865,-78.825,Breaking & Entering
202706,206129,3,42.857,-78.815,Assault
202713,206136,3,42.896,-78.82,Theft
202716,206139,3,42.854,-78.806,Assault
202721,206144,3,42.867,-78.847,Assault
202724,206147,3,42.841,-78.824,Theft
202730,206153,3,42.883,-78.847,Theft
202737,206160,3,42.833,-78.824,Theft
202740,206163,3,42.856,-78.808,Theft of Vehicle
202747,206170,3,42.89,-78.833,Theft
202753,206176,3,42.855,-78.807,Assault
202759,206182,3,42.886,-78.805,Assault
202773,206197,3,42.89,-78.84,Breaking & Entering
202775,206199,3,42.857,-78.812,Theft
202788,206212,3,42.891,-78.826,Assault
202791,206215,3,42.862,-78.818,Theft
202792,206216,3,42.851,-78.825,Breaking & Entering
202800,206224,3,42.85,-78.815,Assault
202804,206228,3,42.842,-78.829,Theft
202809,206233,3,42.868,-78.81,Theft
202819,206245,3,42.874,-78.824,Theft
202820,206246,3,42.899,-78.833,Theft
202829,206255,3,42.887,-78.839,Theft
202830,206256,3,42.861,-78.826,Theft
202849,206275,3,42.841,-78.812,Theft
202854,206280,3,42.885,-78.803,Assault
202860,206286,3,42.858,-78.826,Assault
202863,206289,3,42.869,-78.802,Assault
202874,206300,3,42.891,-78.834,Breaking & Entering
202879,206305,3,42.856,-78.81,Breaking & Entering
202881,206307,3,42.893,-78.827,Assault
202883,206309,3,42.845,-78.82,Theft
202890,206316,3,42.834,-78.809,Breaking & Entering
202895,206321,3,42.897,-78.819,Assault
202902,206328,3,42.858,-78.833,Theft
202907,206333,3,42.896,-78.835,Theft
202914,206340,3,42.891,-78.835,Breaking & Entering
202921,206347,3,42.837,-78.811,Theft of Vehicle
202925,206351,3,42.848,-78.824,Theft
202936,206362,3,42.878,-78.837,Robbery
202938,206364,3,42.855,-78.808,Assault
202941,206367,3,42.89,-78.812,Theft
202943,206369,3,42.877,-78.835,Theft
202944,206370,3,42.858,-78.833,Theft of Vehicle
202956,206382,3,42.893,-78.841,Theft
202961,206387,3,42.891,-78.831,Assault
202963,206389,3,42.88,-78.846,Theft
202965,206391,3,42.895,-78.821,Assault
202967,206393,3,42.856,-78.834,Theft
202970,206396,3,42.854,-78.805,Assault
202971,206397,3,42.869,-78.812,Assault
202974,206400,3,42.856,-78.836,Breaking & Entering
202983,206409,3,42.888,-78.806,Robbery
202990,206416,3,42.886,-78.807,Assault
202995,206421,3,42.863,-78.809,Assault
203002,206428,3,42.893,-78.808,Theft
203003,206429,3,42.853,-78.819,Theft
203011,206437,3,42.848,-78.832,Breaking & Entering
203013,206439,3,42.895,-78.831,Theft
203018,206444,3,42.857,-78.811,Theft
203019,206445,3,42.89,-78.816,Breaking & Entering
203020,206446,3,42.888,-78.8,Theft of Vehicle
203025,206451,3,42.898,-78.805,Theft of Vehicle
203027,206453,3,42.89,-78.805,Assault
203028,206454,3,42.897,-78.838,Assault
203037,206463,3,42.899,-78.817,Breaking & Entering
203044,206470,3,42.861,-78.817,Assault
203057,206483,3,42.852,-78.819,Theft of Vehicle
203078,206504,3,42.857,-78.826,Assault
203085,206511,3,42.885,-78.839,Theft
203086,206512,3,42.878,-78.833,Theft of Vehicle
203089,206515,3,42.89,-78.81,Breaking & Entering
203091,206517,3,42.886,-78.815,Theft of Vehicle
203093,206519,3,42.893,-78.834,Theft
203097,206523,3,42.872,-78.816,Breaking & Entering
203102,206528,3,42.847,-78.802,Theft
203104,206530,3,42.885,-78.839,Theft of Vehicle
203108,206534,3,42.886,-78.81,Assault
203110,206536,3,42.833,-78.824,Theft
203113,206539,3,42.878,-78.836,Theft
203115,206541,3,42.894,-78.823,Assault
203117,206543,3,42.845,-78.82,Theft
203122,206548,3,42.871,-78.833,Theft of Vehicle
203153,206579,3,42.877,-78.825,Theft
203155,206581,3,42.892,-78.826,Breaking & Entering
203157,206583,3,42.884,-78.828,Theft
203167,206593,3,42.889,-78.837,Robbery
203177,206603,3,42.893,-78.823,Theft
203178,206604,3,42.894,-78.832,Breaking & Entering
203189,206615,3,42.897,-78.817,Theft
203195,206622,3,42.887,-78.801,Breaking & Entering
203198,206625,3,42.897,-78.838,Breaking & Entering
203202,206629,3,42.842,-78.817,Theft
203208,206636,3,42.871,-78.851,Breaking & Entering
203219,206647,3,42.887,-78.815,Theft
203220,206648,3,42.872,-78.811,Theft
203221,206649,3,42.852,-78.812,Theft
203222,206650,3,42.84,-78.808,Assault
203228,206656,3,42.87,-78.851,Assault
203229,206657,3,42.87,-78.848,Sexual Assault
203250,206678,3,42.893,-78.837,Theft
203255,206683,3,42.855,-78.828,Theft
203261,206689,3,42.89,-78.802,Robbery
203262,206690,3,42.895,-78.837,Sexual Assault
203268,206696,3,42.878,-78.801,Theft
203274,206702,3,42.84,-78.802,Theft of Vehicle
203284,206712,3,42.849,-78.814,Sexual Assault
203286,206714,3,42.898,-78.818,Assault
203292,206720,3,42.847,-78.811,Theft
203296,206724,3,42.897,-78.826,Breaking & Entering
203297,206725,3,42.897,-78.804,Breaking & Entering
203301,206729,3,42.894,-78.837,Theft
203316,206745,3,42.893,-78.83,Breaking & Entering
203317,206746,3,42.843,-78.825,Theft
203321,206750,3,42.869,-78.8,Theft
203322,206751,3,42.842,-78.817,Theft
203329,206758,3,42.844,-78.824,Theft
203332,206761,3,42.856,-78.832,Assault
203341,206770,3,42.842,-78.821,Theft of Vehicle
203346,206775,3,42.85,-78.831,Breaking & Entering
203351,206780,3,42.898,-78.801,Theft of Vehicle
203355,206784,3,42.857,-78.829,Assault
203366,206795,3,42.897,-78.822,Assault
203367,206796,3,42.89,-78.837,Breaking & Entering
203372,206801,3,42.883,-78.843,Breaking & Entering
203380,206810,3,42.888,-78.835,Breaking & Entering
203385,206815,3,42.842,-78.831,Breaking & Entering
203388,206818,3,42.851,-78.823,Breaking & Entering
203391,206821,3,42.868,-78.842,Theft
203395,206825,3,42.834,-78.824,Theft
203397,206827,3,42.835,-78.82,Breaking & Entering
203398,206828,3,42.888,-78.843,Theft
203406,206837,3,42.841,-78.828,Theft
203409,206840,3,42.855,-78.807,Homicide
203411,206843,3,42.85,-78.816,Theft of Vehicle
203422,206854,3,42.861,-78.812,Assault
203427,206859,3,42.858,-78.814,Assault
203429,206861,3,42.851,-78.827,Breaking & Entering
203433,206865,3,42.885,-78.839,Assault
203435,206867,3,42.897,-78.816,Theft of Vehicle
203442,206874,3,42.858,-78.831,Theft
203451,206883,3,42.897,-78.84,Breaking & Entering
203454,206886,3,42.877,-78.846,Theft of Vehicle
203459,206891,3,42.872,-78.8,Breaking & Entering
203475,206908,3,42.896,-78.836,Assault
203478,206911,3,42.842,-78.826,Theft
203482,206915,3,42.851,-78.802,Theft of Vehicle
203485,206918,3,42.858,-78.807,Breaking & Entering
203490,206923,3,42.856,-78.808,Breaking & Entering
203491,206924,3,42.879,-78.842,Theft
203495,206928,3,42.892,-78.844,Robbery
203501,206934,3,42.866,-78.825,Theft
203504,206937,3,42.872,-78.825,Theft
203505,206938,3,42.843,-78.826,Assault
203507,206940,3,42.869,-78.831,Assault
203510,206944,3,42.854,-78.809,Assault
203520,206954,3,42.889,-78.8,Breaking & Entering
203535,206969,3,42.885,-78.839,Theft of Vehicle
203537,206971,3,42.855,-78.833,Breaking & Entering
203539,206973,3,42.855,-78.833,Assault
203542,206976,3,42.894,-78.821,Assault
203544,206978,3,42.892,-78.807,Assault
203545,206979,3,42.894,-78.838,Breaking & Entering
203548,206982,3,42.858,-78.821,Theft
203554,206988,3,42.891,-78.807,Assault
203565,206999,3,42.845,-78.809,Theft
203567,207001,3,42.844,-78.826,Assault
203570,207004,3,42.892,-78.809,Breaking & Entering
203589,207023,3,42.896,-78.837,Assault
203597,207031,3,42.871,-78.807,Theft
203607,207041,3,42.851,-78.823,Theft of Vehicle
203608,207042,3,42.897,-78.814,Theft
203610,207044,3,42.854,-78.83,Theft
203618,207053,3,42.896,-78.815,Theft
203620,207055,3,42.891,-78.834,Assault
203623,207058,3,42.86,-78.822,Theft
203624,207059,3,42.894,-78.831,Theft
203630,207065,3,42.876,-78.843,Theft of Vehicle
203636,207071,3,42.869,-78.831,Breaking & Entering
203637,207072,3,42.896,-78.818,Theft
203650,207085,3,42.85,-78.801,Theft
203666,207101,3,42.895,-78.836,Assault
203667,207102,3,42.886,-78.801,Breaking & Entering
203685,207120,3,42.864,-78.825,Breaking & Entering
203686,207121,3,42.899,-78.832,Assault
203687,207122,3,42.899,-78.818,Assault
203691,207126,3,42.898,-78.834,Theft
203694,207129,3,42.873,-78.812,Breaking & Entering
203696,207131,3,42.852,-78.806,Assault
203698,207133,3,42.888,-78.8,Theft
203701,207136,3,42.898,-78.82,Breaking & Entering
203714,207149,3,42.851,-78.805,Theft
203729,207164,3,42.897,-78.84,Theft of Vehicle
203730,207165,3,42.893,-78.841,Theft
203734,207169,3,42.895,-78.804,Theft
203744,207179,3,42.839,-78.824,Theft
203758,207193,3,42.839,-78.816,Theft
203763,207198,3,42.882,-78.841,Breaking & Entering
203778,207213,3,42.851,-78.816,Assault
203791,207226,3,42.837,-78.859,Breaking & Entering
203807,207244,3,42.891,-78.83,Assault
203808,207245,3,42.89,-78.809,Theft
203809,207246,3,42.874,-78.852,Theft
203814,207251,3,42.891,-78.841,Assault
203830,207267,3,42.86,-78.812,Theft
203831,207268,3,42.872,-78.803,Theft
203832,207269,3,42.896,-78.836,Theft of Vehicle
203851,207288,3,42.897,-78.821,Assault
203856,207293,3,42.856,-78.809,Assault
203859,207296,3,42.891,-78.831,Theft
203860,207297,3,42.869,-78.83,Sexual Assault
203864,207301,3,42.884,-78.848,Assault
203865,207302,3,42.875,-78.85,Theft
203867,207304,3,42.853,-78.807,Theft
203874,207311,3,42.854,-78.816,Breaking & Entering
203876,207313,3,42.857,-78.832,Breaking & Entering
203877,207314,3,42.894,-78.822,Theft
203883,207320,3,42.875,-78.809,Theft of Vehicle
203885,207322,3,42.858,-78.826,Assault
203887,207324,3,42.898,-78.836,Assault
203899,207336,3,42.89,-78.8,Robbery
203906,207343,3,42.883,-78.837,Theft
203910,207347,3,42.893,-78.823,Robbery
203911,207348,3,42.893,-78.842,Assault
203913,207350,3,42.854,-78.819,Assault
203917,207354,3,42.859,-78.814,Theft
203922,207359,3,42.863,-78.821,Robbery
203930,207367,3,42.835,-78.819,Breaking & Entering
203940,207377,3,42.891,-78.84,Breaking & Entering
203944,207381,3,42.857,-78.807,Robbery
203945,207382,3,42.87,-78.808,Theft of Vehicle
203951,207388,3,42.873,-78.819,Assault
203961,207399,3,42.898,-78.824,Breaking & Entering
203962,207400,3,42.844,-78.828,Assault
203971,207409,3,42.894,-78.804,Theft of Vehicle
203974,207412,3,42.888,-78.812,Assault
203977,207415,3,42.895,-78.829,Robbery
203979,207417,3,42.894,-78.835,Robbery
203980,207418,3,42.849,-78.802,Theft
203982,207420,3,42.86,-78.808,Theft
203989,207427,3,42.851,-78.805,Assault
203994,207432,3,42.855,-78.812,Assault
204002,207440,3,42.87,-78.847,Theft of Vehicle
204003,207441,3,42.894,-78.807,Assault
204011,207449,3,42.889,-78.838,Theft
204020,207458,3,42.852,-78.823,Theft
204021,207459,3,42.857,-78.811,Breaking & Entering
204027,207465,3,42.893,-78.823,Theft of Vehicle
204032,207470,3,42.892,-78.834,Theft
204034,207472,3,42.897,-78.841,Theft
204041,207480,3,42.896,-78.837,Assault
204044,207483,3,42.886,-78.816,Theft of Vehicle
204046,207485,3,42.897,-78.819,Robbery
204048,207487,3,42.891,-78.807,Assault
204049,207488,3,42.877,-78.845,Assault
204058,207497,3,42.867,-78.808,Theft of Vehicle
204059,207498,3,42.841,-78.803,Theft
204070,207509,3,42.845,-78.814,Theft
204072,207512,3,42.897,-78.837,Theft of Vehicle
204085,207525,3,42.892,-78.808,Assault
204094,207534,3,42.892,-78.835,Breaking & Entering
204098,207538,3,42.898,-78.807,Theft
204100,207540,3,42.874,-78.802,Assault
204101,207541,3,42.852,-78.806,Assault
204102,207542,3,42.885,-78.825,Breaking & Entering
204106,207546,3,42.898,-78.807,Theft
204107,207547,3,42.874,-78.827,Theft
204115,207555,3,42.896,-78.822,Theft of Vehicle
204125,207565,3,42.837,-78.811,Breaking & Entering
204128,207568,3,42.865,-78.828,Theft of Vehicle
204131,207571,3,42.854,-78.826,Breaking & Entering
204139,207579,3,42.858,-78.805,Assault
204140,207580,3,42.883,-78.831,Theft
204147,207587,3,42.855,-78.827,Theft of Vehicle
204151,207591,3,42.894,-78.807,Assault
204157,207597,3,42.892,-78.83,Theft
204160,207600,3,42.886,-78.805,Assault
204174,207615,3,42.87,-78.837,Other Sexual Offense
204181,207622,3,42.896,-78.816,Robbery
204184,207625,3,42.842,-78.831,Theft
204188,207629,3,42.897,-78.814,Theft of Vehicle
204193,207634,3,42.847,-78.824,Theft
204199,207640,3,42.885,-78.816,Theft
204212,207653,3,42.899,-78.81,Assault
204214,207655,3,42.893,-78.838,Robbery
204217,207658,3,42.89,-78.838,Assault
204222,207664,3,42.833,-78.824,Theft
204224,207666,3,42.85,-78.803,Robbery
204228,207670,3,42.893,-78.807,Theft
204234,207676,3,42.835,-78.814,Theft
204235,207677,3,42.897,-78.814,Sexual Assault
204246,207688,3,42.898,-78.836,Theft
204248,207690,3,42.896,-78.842,Theft
204252,207694,3,42.896,-78.816,Breaking & Entering
204259,207701,3,42.89,-78.803,Assault
204272,207715,3,42.892,-78.844,Theft
204277,207720,3,42.857,-78.812,Theft
204278,207721,3,42.842,-78.825,Assault
204282,207725,3,42.895,-78.829,Theft
204286,207729,3,42.869,-78.806,Assault
204293,207736,3,42.839,-78.824,Theft
204297,207740,3,42.853,-78.832,Theft
204299,207742,3,42.868,-78.837,Theft
204300,207743,3,42.857,-78.83,Theft
204301,207744,3,42.862,-78.819,Assault
204304,207748,3,42.872,-78.807,Sexual Assault
204309,207753,3,42.848,-78.824,Assault
204313,207757,3,42.885,-78.846,Theft
204315,207759,3,42.874,-78.827,Robbery
204320,207764,3,42.847,-78.803,Theft
204327,207771,3,42.832,-78.806,Theft
204335,207779,3,42.855,-78.828,Assault
204344,207788,3,42.891,-78.8,Theft
204348,207792,3,42.845,-78.823,Theft
204352,207796,3,42.897,-78.83,Breaking & Entering
204357,207801,3,42.878,-78.802,Theft
204362,207806,3,42.838,-78.81,Theft of Vehicle
204366,207810,3,42.897,-78.806,Robbery
204367,207811,3,42.896,-78.813,Breaking & Entering
204368,207812,3,42.897,-78.813,Theft
204377,207822,3,42.877,-78.825,Breaking & Entering
204378,207823,3,42.85,-78.83,Theft of Vehicle
204384,207829,3,42.892,-78.843,Theft of Vehicle
204388,207833,3,42.837,-78.811,Assault
204389,207834,3,42.892,-78.844,Theft of Vehicle
204390,207835,3,42.855,-78.833,Breaking & Entering
204398,207844,3,42.878,-78.84,Theft of Vehicle
204414,207860,3,42.85,-78.831,Breaking & Entering
204416,207862,3,42.841,-78.809,Theft
204418,207864,3,42.852,-78.802,Theft
204420,207866,3,42.87,-78.832,Theft
204429,207875,3,42.854,-78.825,Theft
204430,207876,3,42.848,-78.813,Theft
204440,207886,3,42.84,-78.825,Theft
204444,207890,3,42.837,-78.823,Breaking & Entering
204463,207909,3,42.858,-78.823,Theft
204464,207910,3,42.87,-78.806,Assault
204473,207919,3,42.857,-78.809,Assault
204484,207931,3,42.842,-78.824,Theft
204487,207934,3,42.858,-78.811,Breaking & Entering
204490,207937,3,42.868,-78.81,Breaking & Entering
204491,207938,3,42.856,-78.832,Breaking & Entering
204500,207947,3,42.869,-78.83,Theft
204501,207948,3,42.89,-78.805,Assault
204503,207950,3,42.847,-78.812,Theft
204514,207961,3,42.866,-78.843,Breaking & Entering
204515,207962,3,42.849,-78.802,Theft
204516,207963,3,42.841,-78.821,Theft
204517,207964,3,42.868,-78.808,Breaking & Entering
204518,207965,3,42.856,-78.809,Theft
204521,207968,3,42.842,-78.823,Theft
204532,207979,3,42.849,-78.813,Theft of Vehicle
204534,207981,3,42.879,-78.844,Theft
204539,207986,3,42.88,-78.835,Theft of Vehicle
204552,207999,3,42.889,-78.808,Theft
204555,208002,3,42.872,-78.82,Assault
204558,208005,3,42.859,-78.827,Assault
204564,208011,3,42.898,-78.839,Theft
204566,208013,3,42.889,-78.841,Homicide
204576,208023,3,42.895,-78.821,Breaking & Entering
204584,208031,3,42.897,-78.835,Assault
204587,208034,3,42.857,-78.832,Theft
204588,208035,3,42.853,-78.826,Theft of Vehicle
204598,208045,3,42.894,-78.82,Assault
204602,208049,3,42.857,-78.82,Theft of Vehicle
204603,208050,3,42.851,-78.829,Assault
204605,208052,3,42.851,-78.825,Theft
204612,208059,3,42.885,-78.814,Breaking & Entering
204618,208065,3,42.865,-78.826,Theft
204620,208067,3,42.89,-78.839,Theft
204621,208068,3,42.884,-78.839,Theft
204628,208075,3,42.846,-78.824,Theft
204634,208082,3,42.848,-78.824,Assault
204642,208090,3,42.899,-78.816,Breaking & Entering
204644,208092,3,42.893,-78.833,Theft
204656,208104,3,42.887,-78.836,Assault
204674,208123,3,42.842,-78.829,Breaking & Entering
204676,208125,3,42.875,-78.831,Assault
204678,208127,3,42.87,-78.85,Assault
204694,208144,3,42.845,-78.824,Theft
204695,208145,3,42.865,-78.824,Assault
204703,208153,3,42.851,-78.825,Theft
204709,208159,3,42.857,-78.815,Theft of Vehicle
204724,208174,3,42.896,-78.817,Theft of Vehicle
204726,208176,3,42.896,-78.82,Assault
204727,208177,3,42.847,-78.821,Theft of Vehicle
204728,208178,3,42.875,-78.826,Assault
204729,208179,3,42.853,-78.807,Assault
204730,208180,3,42.861,-78.814,Assault
204740,208190,3,42.89,-78.831,Breaking & Entering
204744,208195,3,42.897,-78.819,Theft
204746,208197,3,42.894,-78.805,Breaking & Entering
204760,208211,3,42.847,-78.812,Theft
204765,208217,3,42.848,-78.832,Breaking & Entering
204768,208220,3,42.896,-78.805,Assault
204779,208231,3,42.856,-78.833,Theft
204780,208232,3,42.893,-78.843,Breaking & Entering
204781,208233,3,42.851,-78.825,Theft
204784,208236,3,42.893,-78.831,Theft
204795,208247,3,42.896,-78.836,Breaking & Entering
204796,208248,3,42.882,-78.836,Theft
204799,208252,3,42.893,-78.837,Assault
204804,208257,3,42.838,-78.826,Breaking & Entering
204806,208259,3,42.884,-78.829,Theft of Vehicle
204807,208260,3,42.845,-78.824,Theft
204810,208263,3,42.844,-78.823,Theft
204819,208272,3,42.894,-78.831,Theft
204830,208283,3,42.897,-78.813,Assault
204846,208299,3,42.856,-78.806,Theft
204857,208311,3,42.895,-78.823,Breaking & Entering
204861,208315,3,42.885,-78.84,Assault
204875,208329,3,42.895,-78.807,Theft
204880,208334,3,42.89,-78.8,Breaking & Entering
204882,208336,3,42.873,-78.825,Assault
204886,208340,3,42.855,-78.81,Theft
204888,208342,3,42.894,-78.834,Robbery
204890,208344,3,42.875,-78.807,Assault
204892,208346,3,42.853,-78.824,Theft
204913,208367,3,42.879,-78.839,Assault
204918,208372,3,42.853,-78.828,Assault
204922,208376,3,42.889,-78.843,Assault
204928,208382,3,42.888,-78.809,Breaking & Entering
204937,208391,3,42.895,-78.836,Assault
204943,208397,3,42.889,-78.808,Theft
204945,208399,3,42.853,-78.831,Theft of Vehicle
204958,208412,3,42.874,-78.804,Breaking & Entering
204966,208420,3,42.894,-78.825,Breaking & Entering
204967,208421,3,42.851,-78.832,Theft of Vehicle
204968,208422,3,42.851,-78.805,Assault
204983,208437,3,42.85,-78.823,Theft of Vehicle
204985,208439,3,42.899,-78.822,Assault
204989,208443,3,42.899,-78.822,Theft of Vehicle
205005,208459,3,42.89,-78.839,Robbery
205008,208462,3,42.893,-78.809,Breaking & Entering
205011,208465,3,42.857,-78.808,Theft
205037,208491,3,42.857,-78.817,Breaking & Entering
205041,208495,3,42.879,-78.843,Theft
205052,208506,3,42.852,-78.823,Assault
205053,208507,3,42.891,-78.813,Theft
205062,208516,3,42.857,-78.803,Breaking & Entering
205068,208522,3,42.864,-78.825,Assault
205075,208529,3,42.894,-78.835,Assault
205078,208532,3,42.885,-78.814,Theft
205098,208553,3,42.896,-78.806,Theft
205101,208557,3,42.839,-78.824,Theft
205102,208558,3,42.887,-78.84,Breaking & Entering
205126,208582,3,42.866,-78.822,Breaking & Entering
205129,208585,3,42.848,-78.832,Breaking & Entering
205139,208595,3,42.884,-78.841,Theft
205143,208599,3,42.849,-78.806,Robbery
205146,208602,3,42.883,-78.836,Breaking & Entering
205150,208606,3,42.898,-78.833,Breaking & Entering
205155,208611,3,42.838,-78.832,Breaking & Entering
205156,208612,3,42.89,-78.803,Theft
205157,208613,3,42.873,-78.821,Theft
205158,208614,3,42.845,-78.823,Theft
205172,208628,3,42.863,-78.825,Other Sexual Offense
205187,208643,3,42.891,-78.814,Assault
205191,208647,3,42.885,-78.814,Assault
205199,208655,3,42.889,-78.843,Assault
205206,208662,3,42.886,-78.839,Assault
205214,208670,3,42.882,-78.834,Theft
205218,208674,3,42.886,-78.808,Breaking & Entering
205229,208685,3,42.835,-78.81,Theft
205251,208708,3,42.872,-78.803,Assault
205268,208725,3,42.889,-78.839,Theft
205269,208726,3,42.893,-78.805,Theft
205270,208727,3,42.889,-78.807,Breaking & Entering
205275,208732,3,42.87,-78.846,Assault
205279,208736,3,42.889,-78.801,Theft
205292,208749,3,42.855,-78.827,Robbery
205296,208753,3,42.881,-78.836,Theft
205301,208759,3,42.889,-78.808,Theft
205303,208761,3,42.889,-78.808,Theft
205308,208767,3,42.857,-78.811,Theft
205311,208772,3,42.858,-78.83,Theft
205318,208779,3,42.856,-78.824,Theft of Vehicle
205330,208792,3,42.888,-78.814,Theft of Vehicle
205331,208793,3,42.89,-78.807,Assault
205335,208797,3,42.857,-78.826,Theft
205342,208804,3,42.852,-78.823,Breaking & Entering
205345,208807,3,42.896,-78.838,Assault
205349,208811,3,42.89,-78.835,Theft
205360,208822,3,42.89,-78.809,Theft
205386,208849,3,42.855,-78.831,Theft
205387,208850,3,42.848,-78.824,Theft
205395,208858,3,42.895,-78.807,Assault
205417,208881,3,42.863,-78.815,Assault
205419,208883,3,42.889,-78.84,Assault
205420,208884,3,42.844,-78.824,Theft
205422,208886,3,42.881,-78.84,Theft
205426,208890,3,42.869,-78.81,Robbery
205429,208893,3,42.844,-78.826,Breaking & Entering
205437,208901,3,42.852,-78.82,Theft
205441,208905,3,42.872,-78.806,Theft
205447,208911,3,42.871,-78.851,Breaking & Entering
205450,208914,3,42.844,-78.827,Assault
205452,208916,3,42.874,-78.827,Theft
205457,208921,3,42.883,-78.849,Theft of Vehicle
205460,208924,3,42.872,-78.813,Other Sexual Offense
205462,208926,3,42.871,-78.807,Breaking & Entering
205464,208928,3,42.841,-78.824,Theft
205472,208936,3,42.843,-78.821,Breaking & Entering
205478,208942,3,42.857,-78.826,Theft
205479,208943,3,42.859,-78.81,Breaking & Entering
205493,208957,3,42.882,-78.841,Assault
205506,208970,3,42.871,-78.816,Theft of Vehicle
205510,208974,3,42.882,-78.807,Theft
205521,208985,3,42.873,-78.82,Assault
205523,208987,3,42.873,-78.807,Theft
205549,209013,3,42.894,-78.835,Robbery
205565,209029,3,42.852,-78.807,Breaking & Entering
205576,209040,3,42.861,-78.818,Assault
205584,209048,3,42.848,-78.828,Assault
205585,209049,3,42.853,-78.83,Theft
205589,209053,3,42.85,-78.829,Assault
205593,209057,3,42.88,-78.841,Theft
205597,209061,3,42.871,-78.805,Theft
205601,209065,3,42.852,-78.814,Theft
205605,209069,3,42.896,-78.819,Breaking & Entering
205608,209072,3,42.851,-78.805,Theft
205610,209075,3,42.856,-78.809,Assault
205620,209085,3,42.875,-78.826,Theft
205622,209087,3,42.839,-78.835,Theft
205625,209090,3,42.897,-78.814,Assault
205640,209105,3,42.855,-78.818,Assault
205644,209109,3,42.89,-78.836,Assault
205646,209111,3,42.867,-78.843,Breaking & Entering
205656,209121,3,42.89,-78.844,Assault
205663,209128,3,42.857,-78.811,Assault
205669,209134,3,42.849,-78.802,Theft
205671,209136,3,42.873,-78.809,Theft of Vehicle
205672,209137,3,42.881,-78.834,Theft of Vehicle
205676,209141,3,42.886,-78.8,Breaking & Entering
205678,209143,3,42.893,-78.83,Theft
205680,209145,3,42.839,-78.824,Theft
205683,209148,3,42.859,-78.824,Breaking & Entering
205688,209153,3,42.895,-78.818,Theft
205690,209155,3,42.872,-78.811,Theft
205692,209157,3,42.858,-78.814,Theft
205704,209169,3,42.883,-78.835,Assault
205707,209172,3,42.837,-78.823,Assault
205708,209173,3,42.841,-78.809,Theft
205717,209182,3,42.862,-78.818,Breaking & Entering
205723,209188,3,42.854,-78.829,Assault
205730,209195,3,42.882,-78.835,Assault
205738,209203,3,42.854,-78.808,Assault
205739,209204,3,42.899,-78.84,Assault
205747,209212,3,42.875,-78.804,Theft of Vehicle
205749,209214,3,42.837,-78.823,Assault
205756,209221,3,42.855,-78.81,Robbery
205757,209222,3,42.893,-78.823,Breaking & Entering
205763,209228,3,42.844,-78.825,Theft
205766,209231,3,42.899,-78.816,Breaking & Entering
205778,209244,3,42.894,-78.819,Breaking & Entering
205787,209253,3,42.896,-78.815,Assault
205789,209255,3,42.87,-78.845,Theft of Vehicle
205795,209261,3,42.892,-78.831,Theft
205797,209263,3,42.873,-78.843,Breaking & Entering
205800,209266,3,42.892,-78.824,Theft
205802,209268,3,42.841,-78.808,Assault
205812,209278,3,42.86,-78.814,Robbery
205813,209279,3,42.856,-78.824,Theft
205817,209283,3,42.888,-78.807,Robbery
205832,209298,3,42.875,-78.805,Theft
205834,209300,3,42.894,-78.82,Assault
205835,209301,3,42.854,-78.825,Assault
205848,209314,3,42.852,-78.82,Breaking & Entering
205850,209316,3,42.87,-78.805,Assault
205851,209317,3,42.875,-78.827,Theft of Vehicle
205877,209343,3,42.872,-78.843,Theft
205886,209352,3,42.897,-78.84,Theft of Vehicle
205887,209353,3,42.89,-78.808,Breaking & Entering
205898,209366,3,42.898,-78.823,Assault
205911,209379,3,42.874,-78.817,Assault
205921,209389,3,42.878,-78.848,Theft
205927,209395,3,42.886,-78.815,Theft of Vehicle
205928,209396,3,42.86,-78.817,Theft
205937,209405,3,42.852,-78.828,Theft of Vehicle
205957,209427,3,42.836,-78.808,Breaking & Entering
205966,209436,3,42.87,-78.81,Breaking & Entering
205972,209442,3,42.867,-78.812,Theft
205984,209455,3,42.844,-78.821,Theft
206004,209475,3,42.843,-78.831,Theft
206010,209482,3,42.893,-78.805,Theft of Vehicle
206012,209484,3,42.898,-78.807,Theft
206016,209488,3,42.858,-78.815,Breaking & Entering
206044,209518,3,42.846,-78.822,Assault
206052,209527,3,42.868,-78.846,Theft of Vehicle
206053,209528,3,42.841,-78.825,Theft of Vehicle
206066,209541,3,42.858,-78.814,Breaking & Entering
206069,209544,3,42.885,-78.839,Robbery
206072,209547,3,42.89,-78.8,Breaking & Entering
206078,209553,3,42.852,-78.827,Theft
206082,209558,3,42.889,-78.803,Assault
206086,209562,3,42.86,-78.825,Theft
206088,209564,3,42.839,-78.829,Theft
206095,209571,3,42.86,-78.825,Theft
206100,209576,3,42.851,-78.816,Assault
206103,209579,3,42.897,-78.809,Theft of Vehicle
206109,209586,3,42.897,-78.814,Assault
206115,209592,3,42.857,-78.812,Theft
206124,209601,3,42.893,-78.841,Theft
206125,209602,3,42.883,-78.829,Theft
206127,209604,3,42.846,-78.831,Theft
206130,209607,3,42.869,-78.811,Theft
206133,209610,3,42.868,-78.817,Theft
206135,209612,3,42.898,-78.836,Assault
206144,209621,3,42.899,-78.831,Theft of Vehicle
206153,209630,3,42.858,-78.813,Theft
206154,209631,3,42.851,-78.803,Theft
206155,209632,3,42.863,-78.813,Theft
206162,209639,3,42.885,-78.807,Breaking & Entering
206182,209659,3,42.896,-78.815,Theft
206188,209665,3,42.894,-78.835,Theft
206190,209667,3,42.848,-78.824,Theft
206197,209674,3,42.897,-78.804,Assault
206200,209677,3,42.855,-78.81,Assault
206221,209698,3,42.892,-78.832,Theft
206224,209701,3,42.871,-78.816,Theft
206225,209702,3,42.889,-78.808,Sexual Assault
206228,209705,3,42.852,-78.823,Theft
206229,209706,3,42.886,-78.815,Assault
206243,209720,3,42.894,-78.835,Robbery
206270,209747,3,42.873,-78.804,Theft
206274,209751,3,42.891,-78.826,Theft
206276,209753,3,42.85,-78.826,Assault
206283,209760,3,42.842,-78.817,Assault
206286,209763,3,42.877,-78.824,Theft
206300,209777,3,42.88,-78.849,Assault
206304,209781,3,42.899,-78.819,Assault
206314,209791,3,42.884,-78.841,Breaking & Entering
206317,209794,3,42.879,-78.835,Theft
206327,209805,3,42.873,-78.805,Assault
206328,209806,3,42.893,-78.82,Theft
206335,209814,3,42.892,-78.824,Assault
206337,209816,3,42.888,-78.809,Theft
206349,209828,3,42.898,-78.839,Robbery
206352,209831,3,42.858,-78.807,Theft
206354,209833,3,42.899,-78.837,Breaking & Entering
206365,209846,3,42.859,-78.832,Theft
206368,209849,3,42.883,-78.83,Theft
206387,209869,3,42.858,-78.814,Theft
206397,209879,3,42.899,-78.816,Assault
206420,209903,3,42.871,-78.834,Theft
206424,209907,3,42.868,-78.807,Breaking & Entering
206426,209909,3,42.888,-78.808,Assault
206440,209923,3,42.859,-78.815,Breaking & Entering
206447,209930,3,42.89,-78.839,Breaking & Entering
206451,209934,3,42.872,-78.809,Robbery
206452,209935,3,42.892,-78.81,Breaking & Entering
206453,209936,3,42.896,-78.827,Robbery
206459,209942,3,42.849,-78.82,Theft
206467,209950,3,42.883,-78.836,Breaking & Entering
206476,209959,3,42.886,-78.806,Assault
206483,209966,3,42.884,-78.82,Theft
206484,209967,3,42.897,-78.823,Breaking & Entering
206494,209977,3,42.869,-78.808,Sexual Assault
206497,209980,3,42.859,-78.807,Sexual Assault
206508,209991,3,42.856,-78.833,Theft
206511,209994,3,42.893,-78.821,Breaking & Entering
206512,209995,3,42.858,-78.81,Breaking & Entering
206514,209997,3,42.868,-78.808,Theft
206538,210021,3,42.891,-78.832,Breaking & Entering
206542,210025,3,42.858,-78.813,Theft
206543,210026,3,42.851,-78.825,Theft
206550,210034,3,42.859,-78.811,Assault
206551,210035,3,42.856,-78.812,Theft of Vehicle
206553,210037,3,42.896,-78.807,Theft of Vehicle
206572,210056,3,42.864,-78.821,Assault
206574,210058,3,42.89,-78.837,Assault
206590,210075,3,42.86,-78.819,Assault
206597,210082,3,42.848,-78.832,Theft
206601,210086,3,42.899,-78.817,Theft
206603,210088,3,42.851,-78.819,Breaking & Entering
206610,210095,3,42.879,-78.838,Theft
206611,210096,3,42.898,-78.836,Assault
206615,210100,3,42.893,-78.829,Assault
206618,210103,3,42.864,-78.825,Theft
206621,210106,3,42.86,-78.812,Theft
206625,210110,3,42.889,-78.804,Robbery
206627,210112,3,42.843,-78.82,Assault
206628,210113,3,42.856,-78.814,Robbery
206629,210114,3,42.854,-78.828,Theft
206630,210115,3,42.889,-78.806,Theft
206633,210119,3,42.898,-78.818,Assault
206636,210122,3,42.872,-78.813,Theft
206662,210148,3,42.887,-78.815,Assault
206674,210160,3,42.872,-78.842,Sexual Assault
206677,210163,3,42.879,-78.839,Robbery
206681,210167,3,42.846,-78.81,Theft of Vehicle
206693,210179,3,42.898,-78.807,Theft
206696,210182,3,42.877,-78.843,Other Sexual Offense
206702,210188,3,42.892,-78.838,Theft
206707,210193,3,42.894,-78.843,Assault
206708,210195,3,42.858,-78.807,Assault
206722,210210,3,42.864,-78.818,Breaking & Entering
206734,210222,3,42.848,-78.823,Theft
206735,210223,3,42.846,-78.828,Breaking & Entering
206736,210224,3,42.894,-78.83,Theft
206746,210234,3,42.898,-78.806,Breaking & Entering
206751,210239,3,42.85,-78.803,Theft
206755,210243,3,42.888,-78.819,Assault
206757,210245,3,42.851,-78.802,Assault
206760,210248,3,42.843,-78.824,Theft of Vehicle
206761,210249,3,42.882,-78.835,Theft
206763,210251,3,42.896,-78.817,Theft
206765,210253,3,42.89,-78.808,Assault
206778,210266,3,42.892,-78.838,Theft
206784,210272,3,42.898,-78.831,Breaking & Entering
206792,210280,3,42.892,-78.83,Breaking & Entering
206803,210291,3,42.851,-78.827,Theft
206816,210304,3,42.848,-78.812,Sexual Assault
206821,210309,3,42.844,-78.831,Theft
206822,210310,3,42.879,-78.832,Theft
206828,210316,3,42.858,-78.83,Theft
206830,210318,3,42.896,-78.815,Theft of Vehicle
206834,210323,3,42.871,-78.815,Theft
206835,210324,3,42.893,-78.837,Theft
206846,210335,3,42.893,-78.837,Assault
206854,210344,3,42.891,-78.842,Theft of Vehicle
206862,210353,3,42.893,-78.835,Theft
206867,210358,3,42.855,-78.817,Theft of Vehicle
206883,210374,3,42.832,-78.811,Theft
206890,210381,3,42.844,-78.819,Theft
206892,210383,3,42.897,-78.822,Sexual Assault
206893,210384,3,42.895,-78.82,Theft
206894,210385,3,42.874,-78.828,Theft
206906,210397,3,42.893,-78.833,Theft
206907,210398,3,42.87,-78.816,Breaking & Entering
206910,210401,3,42.881,-78.839,Breaking & Entering
206915,210406,3,42.872,-78.811,Assault
206928,210419,3,42.887,-78.843,Theft
206940,210431,3,42.896,-78.836,Theft of Vehicle
206945,210436,3,42.888,-78.807,Theft
206946,210437,3,42.892,-78.844,Theft
206951,210442,3,42.858,-78.831,Theft
206952,210443,3,42.894,-78.83,Robbery
206963,210455,3,42.896,-78.839,Theft
206968,210460,3,42.875,-78.832,Breaking & Entering
206983,210475,3,42.869,-78.829,Breaking & Entering
206986,210478,3,42.852,-78.801,Assault
206993,210485,3,42.895,-78.827,Theft of Vehicle
207009,210503,3,42.866,-78.848,Theft
207013,210507,3,42.859,-78.805,Theft
207026,210520,3,42.836,-78.824,Theft
207027,210521,3,42.874,-78.805,Breaking & Entering
207028,210522,3,42.853,-78.805,Assault
207034,210528,3,42.899,-78.816,Sexual Offense
207038,210532,3,42.873,-78.807,Breaking & Entering
207039,210533,3,42.845,-78.801,Theft
207043,210537,3,42.854,-78.826,Assault
207050,210544,3,42.868,-78.807,Theft
207052,210546,3,42.867,-78.837,Breaking & Entering
207061,210556,3,42.897,-78.817,Robbery
207063,210558,3,42.898,-78.807,Theft
207066,210561,3,42.872,-78.804,Theft of Vehicle
207074,210569,3,42.888,-78.803,Assault
207076,210571,3,42.85,-78.815,Theft
207081,210576,3,42.885,-78.815,Theft
207084,210579,3,42.896,-78.816,Assault
207092,210587,3,42.849,-78.817,Assault
207096,210591,3,42.846,-78.832,Theft
207104,210599,3,42.889,-78.808,Theft of Vehicle
207113,210609,3,42.874,-78.804,Assault
207114,210610,3,42.871,-78.809,Assault
207123,210619,3,42.894,-78.835,Theft
207124,210620,3,42.844,-78.829,Breaking & Entering
207125,210621,3,42.858,-78.831,Theft
207129,210625,3,42.854,-78.825,Theft
207134,210630,3,42.891,-78.844,Assault
207143,210639,3,42.836,-78.801,Theft
207145,210641,3,42.856,-78.805,Assault
207155,210652,3,42.841,-78.809,Theft
207159,210656,3,42.856,-78.825,Theft
207162,210659,3,42.872,-78.813,Assault
207164,210661,3,42.896,-78.815,Theft
207165,210662,3,42.892,-78.811,Assault
207166,210663,3,42.848,-78.824,Assault
207168,210665,3,42.885,-78.839,Theft of Vehicle
207177,210674,3,42.855,-78.841,Breaking & Entering
207189,210687,3,42.888,-78.809,Assault
207195,210694,3,42.858,-78.813,Assault
207199,210698,3,42.868,-78.847,Theft
207201,210700,3,42.873,-78.81,Theft
207211,210710,3,42.884,-78.836,Breaking & Entering
207212,210711,3,42.858,-78.831,Theft
207213,210712,3,42.846,-78.827,Breaking & Entering
207228,210727,3,42.843,-78.82,Theft
207230,210729,3,42.834,-78.807,Theft
207232,210731,3,42.867,-78.823,Assault
207235,210734,3,42.897,-78.814,Theft
207240,210739,3,42.844,-78.828,Assault
207245,210744,3,42.86,-78.82,Theft
207251,210750,3,42.887,-78.814,Assault
207257,210756,3,42.88,-78.849,Theft of Vehicle
207285,210784,3,42.89,-78.811,Theft
207288,210787,3,42.892,-78.808,Theft of Vehicle
207293,210792,3,42.896,-78.833,Assault
207295,210794,3,42.897,-78.814,Theft of Vehicle
207297,210796,3,42.895,-78.823,Assault
207300,210799,3,42.856,-78.814,Breaking & Entering
207309,210808,3,42.893,-78.835,Breaking & Entering
207310,210809,3,42.855,-78.809,Breaking & Entering
207317,210816,3,42.857,-78.812,Theft
207318,210817,3,42.863,-78.805,Breaking & Entering
207321,210820,3,42.87,-78.829,Breaking & Entering
207322,210821,3,42.894,-78.807,Theft
207339,210838,3,42.887,-78.845,Assault
207343,210842,3,42.877,-78.827,Theft
207344,210843,3,42.844,-78.825,Theft
207363,210862,3,42.844,-78.829,Theft of Vehicle
207380,210879,3,42.854,-78.833,Breaking & Entering
207381,210880,3,42.848,-78.813,Theft
207386,210885,3,42.853,-78.824,Theft
207387,210886,3,42.842,-78.82,Theft
207389,210888,3,42.843,-78.826,Theft of Vehicle
207395,210894,3,42.871,-78.845,Assault
207398,210897,3,42.899,-78.818,Assault
207399,210898,3,42.863,-78.811,Breaking & Entering
207406,210905,3,42.857,-78.812,Theft
207408,210907,3,42.866,-78.848,Theft
207417,210916,3,42.895,-78.828,Theft
207418,210917,3,42.882,-78.844,Assault
207419,210918,3,42.881,-78.833,Breaking & Entering
207436,210935,3,42.882,-78.807,Breaking & Entering
207439,210938,3,42.865,-78.822,Breaking & Entering
207443,210942,3,42.85,-78.814,Theft
207446,210945,3,42.895,-78.825,Assault
207447,210946,3,42.862,-78.816,Theft
207449,210948,3,42.891,-78.843,Theft
207456,210955,3,42.842,-78.811,Breaking & Entering
207463,210962,3,42.87,-78.846,Breaking & Entering
207475,210975,3,42.893,-78.839,Theft of Vehicle
207481,210981,3,42.872,-78.833,Theft
207482,210982,3,42.891,-78.83,Breaking & Entering
207487,210987,3,42.837,-78.809,Breaking & Entering
207490,210991,3,42.89,-78.84,Assault
207494,210995,3,42.879,-78.81,Theft
207507,211008,3,42.838,-78.824,Breaking & Entering
207508,211009,3,42.832,-78.832,Theft
207513,211014,3,42.89,-78.833,Theft
207518,211019,3,42.899,-78.814,Robbery
207522,211023,3,42.857,-78.833,Breaking & Entering
207524,211025,3,42.855,-78.824,Theft
207530,211031,3,42.88,-78.834,Assault
207535,211037,3,42.854,-78.832,Theft
207546,211048,3,42.869,-78.802,Assault
207547,211049,3,42.833,-78.82,Assault
207550,211052,3,42.896,-78.819,Assault
207556,211058,3,42.854,-78.827,Assault
207562,211064,3,42.858,-78.831,Theft
207564,211066,3,42.881,-78.844,Breaking & Entering
207581,211083,3,42.872,-78.832,Theft of Vehicle
207585,211087,3,42.867,-78.852,Theft
207588,211090,3,42.897,-78.841,Assault
207595,211097,3,42.833,-78.824,Theft
207602,211104,3,42.896,-78.836,Other Sexual Offense
207603,211105,3,42.881,-78.834,Theft
207608,211110,3,42.899,-78.833,Theft
207617,211120,3,42.838,-78.807,Assault
207628,211132,3,42.85,-78.827,Theft
207629,211133,3,42.834,-78.81,Breaking & Entering
207637,211141,3,42.895,-78.838,Assault
207638,211142,3,42.889,-78.811,Theft of Vehicle
207640,211144,3,42.854,-78.811,Breaking & Entering
207646,211150,3,42.857,-78.832,Assault
207649,211153,3,42.837,-78.824,Theft
207657,211161,3,42.858,-78.807,Assault
207666,211170,3,42.897,-78.826,Breaking & Entering
207677,211181,3,42.899,-78.819,Theft
207678,211182,3,42.853,-78.826,Breaking & Entering
207683,211187,3,42.851,-78.801,Assault
207684,211188,3,42.885,-78.811,Theft
207690,211194,3,42.894,-78.836,Breaking & Entering
207692,211196,3,42.858,-78.831,Theft
207697,211201,3,42.886,-78.803,Assault
207702,211206,3,42.872,-78.805,Breaking & Entering
207707,211211,3,42.876,-78.849,Assault
207708,211212,3,42.839,-78.831,Theft
207710,211214,3,42.858,-78.807,Theft of Vehicle
207721,211225,3,42.89,-78.815,Theft of Vehicle
207724,211228,3,42.872,-78.816,Assault
207728,211232,3,42.871,-78.843,Theft
207742,211246,3,42.894,-78.823,Breaking & Entering
207747,211251,3,42.859,-78.834,Theft
207753,211257,3,42.867,-78.808,Theft
207768,211273,3,42.877,-78.81,Theft
207773,211278,3,42.893,-78.839,Other Sexual Offense
207774,211279,3,42.886,-78.808,Theft
207777,211283,3,42.885,-78.839,Robbery
207783,211289,3,42.896,-78.817,Theft of Vehicle
207784,211290,3,42.889,-78.814,Theft
207801,211308,3,42.84,-78.802,Breaking & Entering
207803,211310,3,42.896,-78.819,Theft
207809,211316,3,42.869,-78.83,Theft of Vehicle
207813,211320,3,42.855,-78.824,Assault
207815,211322,3,42.836,-78.805,Theft
207825,211332,3,42.858,-78.819,Assault
207829,211336,3,42.848,-78.812,Assault
207833,211340,3,42.87,-78.837,Assault
207836,211343,3,42.872,-78.808,Breaking & Entering
207838,211345,3,42.887,-78.805,Breaking & Entering
207843,211350,3,42.892,-78.835,Breaking & Entering
207846,211354,3,42.841,-78.822,Assault
207847,211355,3,42.85,-78.805,Breaking & Entering
207851,211359,3,42.848,-78.813,Sexual Assault
207852,211360,3,42.89,-78.806,Theft
207857,211367,3,42.897,-78.806,Theft of Vehicle
207863,211373,3,42.887,-78.808,Breaking & Entering
207865,211375,3,42.852,-78.801,Theft of Vehicle
207872,211382,3,42.896,-78.817,Assault
207881,211391,3,42.858,-78.823,Breaking & Entering
207885,211395,3,42.881,-78.841,Assault
207898,211408,3,42.886,-78.815,Assault
207899,211409,3,42.892,-78.825,Theft
207901,211411,3,42.848,-78.824,Breaking & Entering
207914,211425,3,42.896,-78.824,Theft
207916,211427,3,42.86,-78.814,Theft
207917,211428,3,42.871,-78.836,Breaking & Entering
207926,211437,3,42.892,-78.807,Assault
207929,211440,3,42.885,-78.848,Breaking & Entering
207933,211444,3,42.844,-78.82,Theft
207939,211450,3,42.858,-78.825,Theft
207959,211470,3,42.895,-78.838,Assault
207962,211473,3,42.891,-78.824,Breaking & Entering
207968,211479,3,42.847,-78.821,Theft
207981,211492,3,42.851,-78.802,Theft
207984,211495,3,42.89,-78.814,Sexual Assault
207986,211497,3,42.841,-78.834,Breaking & Entering
207988,211499,3,42.854,-78.828,Theft of Vehicle
207991,211502,3,42.846,-78.824,Theft of Vehicle
207997,211508,3,42.872,-78.803,Breaking & Entering
208008,211519,3,42.864,-78.825,Theft
208016,211527,3,42.84,-78.825,Theft
208017,211529,3,42.844,-78.824,Theft
208018,211530,3,42.862,-78.814,Theft of Vehicle
208021,211533,3,42.877,-78.847,Breaking & Entering
208023,211535,3,42.896,-78.816,Homicide
208034,211547,3,42.862,-78.814,Breaking & Entering
208036,211549,3,42.891,-78.839,Breaking & Entering
208040,211553,3,42.884,-78.839,Robbery
208042,211555,3,42.895,-78.827,Breaking & Entering
208044,211557,3,42.873,-78.852,Theft
208057,211570,3,42.857,-78.829,Theft
208060,211573,3,42.884,-78.839,Robbery
208061,211574,3,42.852,-78.825,Theft of Vehicle
208070,211583,3,42.86,-78.807,Assault
208072,211585,3,42.853,-78.806,Theft
208073,211586,3,42.872,-78.82,Theft
208074,211587,3,42.87,-78.803,Theft
208078,211591,3,42.892,-78.831,Breaking & Entering
208081,211594,3,42.885,-78.803,Assault
208090,211603,3,42.899,-78.819,Robbery
208092,211605,3,42.893,-78.839,Theft
208095,211609,3,42.897,-78.819,Theft
208097,211611,3,42.872,-78.812,Theft
208101,211615,3,42.857,-78.812,Theft of Vehicle
208123,211637,3,42.89,-78.807,Breaking & Entering
208129,211643,3,42.853,-78.832,Theft
208138,211652,3,42.898,-78.807,Theft
208143,211657,3,42.891,-78.836,Assault
208147,211661,3,42.888,-78.8,Theft
208149,211663,3,42.856,-78.829,Breaking & Entering
208154,211668,3,42.856,-78.832,Robbery
208155,211669,3,42.859,-78.83,Theft
208166,211681,3,42.883,-78.835,Robbery
208167,211682,3,42.889,-78.815,Theft
208170,211685,3,42.85,-78.813,Theft
208174,211689,3,42.862,-78.813,Other Sexual Offense
208180,211695,3,42.868,-78.809,Robbery
208181,211696,3,42.869,-78.83,Breaking & Entering
208182,211697,3,42.86,-78.816,Theft
208193,211708,3,42.836,-78.822,Theft
208200,211715,3,42.857,-78.811,Assault
208201,211716,3,42.876,-78.852,Theft
208204,211719,3,42.873,-78.823,Theft
208208,211723,3,42.886,-78.82,Theft
208214,211729,3,42.897,-78.821,Theft of Vehicle
208215,211730,3,42.88,-78.844,Breaking & Entering
208217,211732,3,42.857,-78.812,Theft
208219,211734,3,42.852,-78.826,Theft of Vehicle
208229,211744,3,42.851,-78.819,Assault
208234,211749,3,42.892,-78.84,Breaking & Entering
208241,211756,3,42.832,-78.805,Theft
208245,211760,3,42.844,-78.818,Theft of Vehicle
208247,211762,3,42.839,-78.829,Theft
208248,211763,3,42.888,-78.815,Theft
208254,211769,3,42.849,-78.823,Assault
208268,211783,3,42.899,-78.817,Theft
208269,211784,3,42.871,-78.832,Theft
208274,211789,3,42.893,-78.83,Theft of Vehicle
208277,211792,3,42.868,-78.807,Assault
208280,211795,3,42.859,-78.81,Assault
208294,211809,3,42.856,-78.831,Theft
208301,211816,3,42.899,-78.839,Theft
208310,211825,3,42.852,-78.821,Theft
208317,211833,3,42.895,-78.815,Theft
208318,211834,3,42.889,-78.811,Theft
208321,211837,3,42.878,-78.801,Theft
208322,211838,3,42.851,-78.802,Breaking & Entering
208334,211850,3,42.855,-78.81,Theft
208338,211854,3,42.889,-78.839,Breaking & Entering
208339,211855,3,42.844,-78.824,Breaking & Entering
208342,211858,3,42.894,-78.803,Robbery
208344,211860,3,42.885,-78.839,Theft of Vehicle
208348,211864,3,42.852,-78.808,Theft
208354,211870,3,42.899,-78.832,Breaking & Entering
208358,211874,3,42.892,-78.833,Theft
208364,211880,3,42.873,-78.809,Breaking & Entering
208365,211881,3,42.846,-78.821,Assault
208366,211882,3,42.897,-78.826,Breaking & Entering
208371,211887,3,42.857,-78.812,Theft
208376,211892,3,42.851,-78.829,Breaking & Entering
208380,211896,3,42.893,-78.836,Assault
208386,211903,3,42.888,-78.809,Other Sexual Offense
208389,211906,3,42.879,-78.813,Theft
208390,211907,3,42.848,-78.824,Assault
208392,211909,3,42.873,-78.814,Breaking & Entering
208399,211916,3,42.85,-78.83,Robbery
208403,211920,3,42.869,-78.83,Assault
208407,211925,3,42.895,-78.832,Assault
208414,211932,3,42.858,-78.81,Assault
208415,211933,3,42.848,-78.812,Theft
208419,211937,3,42.891,-78.831,Assault
208422,211940,3,42.878,-78.848,Theft
208443,211961,3,42.895,-78.829,Theft of Vehicle
208457,211975,3,42.867,-78.851,Theft
208458,211976,3,42.892,-78.827,Theft
208459,211977,3,42.893,-78.837,Robbery
208464,211982,3,42.898,-78.818,Assault
208481,212000,3,42.87,-78.815,Assault
208493,212012,3,42.895,-78.838,Assault
208498,212017,3,42.852,-78.814,Theft
208499,212018,3,42.883,-78.847,Theft
208502,212021,3,42.895,-78.806,Assault
208511,212030,3,42.888,-78.803,Theft
208518,212037,3,42.872,-78.809,Assault
208525,212044,3,42.893,-78.839,Breaking & Entering
208528,212047,3,42.844,-78.818,Theft
208533,212052,3,42.855,-78.818,Breaking & Entering
208576,212095,3,42.897,-78.809,Theft of Vehicle
208577,212096,3,42.889,-78.808,Theft
208588,212107,3,42.893,-78.831,Theft
208597,212116,3,42.877,-78.802,Theft
208604,212123,3,42.887,-78.841,Theft
208606,212125,3,42.86,-78.835,Theft of Vehicle
208609,212128,3,42.842,-78.821,Breaking & Entering
208611,212130,3,42.873,-78.824,Breaking & Entering
208614,212133,3,42.887,-78.801,Assault
208615,212134,3,42.838,-78.808,Robbery
208620,212139,3,42.846,-78.817,Theft of Vehicle
208623,212142,3,42.845,-78.816,Assault
208628,212147,3,42.896,-78.805,Theft
208630,212149,3,42.884,-78.839,Theft
208641,212160,3,42.839,-78.813,Breaking & Entering
208643,212162,3,42.849,-78.817,Theft
208645,212164,3,42.872,-78.837,Assault
208648,212167,3,42.884,-78.844,Theft of Vehicle
208651,212170,3,42.888,-78.846,Breaking & Entering
208661,212180,3,42.854,-78.81,Robbery
208669,212188,3,42.899,-78.818,Breaking & Entering
208671,212190,3,42.882,-78.832,Robbery
208681,212200,3,42.897,-78.83,Breaking & Entering
208688,212207,3,42.871,-78.808,Theft
208690,212209,3,42.853,-78.806,Breaking & Entering
208702,212221,3,42.896,-78.814,Assault
208703,212222,3,42.858,-78.816,Breaking & Entering
208713,212233,3,42.853,-78.832,Breaking & Entering
208723,212243,3,42.847,-78.832,Theft
208725,212245,3,42.873,-78.809,Theft
208731,212251,3,42.882,-78.832,Breaking & Entering
208734,212254,3,42.834,-78.81,Theft
208737,212257,3,42.855,-78.807,Theft
208748,212268,3,42.876,-78.825,Assault
208758,212278,3,42.853,-78.807,Theft
208764,212284,3,42.851,-78.829,Sexual Assault
208766,212286,3,42.848,-78.812,Theft
208767,212287,3,42.858,-78.813,Theft
208770,212290,3,42.852,-78.826,Theft
208771,212291,3,42.877,-78.827,Assault
208783,212303,3,42.846,-78.811,Theft
208784,212304,3,42.841,-78.824,Theft
208787,212307,3,42.894,-78.822,Breaking & Entering
208789,212309,3,42.842,-78.821,Breaking & Entering
208798,212318,3,42.899,-78.834,Theft of Vehicle
208802,212323,3,42.876,-78.825,Robbery
208812,212333,3,42.862,-78.815,Theft
208824,212345,3,42.878,-78.835,Theft
208837,212358,3,42.876,-78.852,Robbery
208838,212359,3,42.863,-78.811,Theft
208843,212364,3,42.85,-78.801,Theft
208846,212367,3,42.857,-78.808,Theft
208848,212369,3,42.856,-78.825,Breaking & Entering
208852,212373,3,42.884,-78.84,Sexual Assault
208855,212376,3,42.857,-78.812,Theft
208866,212387,3,42.876,-78.83,Assault
208868,212389,3,42.89,-78.805,Assault
208877,212398,3,42.881,-78.801,Theft
208880,212401,3,42.885,-78.839,Robbery
208884,212405,3,42.855,-78.837,Theft
208919,212440,3,42.837,-78.823,Assault
208930,212451,3,42.845,-78.823,Other Sexual Offense
208932,212453,3,42.893,-78.837,Theft
208934,212455,3,42.852,-78.809,Theft
208938,212459,3,42.89,-78.805,Theft
208939,212460,3,42.893,-78.83,Theft of Vehicle
208942,212463,3,42.875,-78.853,Theft
208946,212467,3,42.884,-78.826,Theft
208947,212468,3,42.873,-78.814,Assault
208980,212501,3,42.873,-78.821,Breaking & Entering
208983,212504,3,42.896,-78.82,Assault
208987,212508,3,42.891,-78.836,Breaking & Entering
208997,212518,3,42.869,-78.85,Breaking & Entering
208999,212520,3,42.85,-78.815,Breaking & Entering
209004,212526,3,42.841,-78.809,Robbery
209005,212527,3,42.838,-78.808,Theft
209020,212542,3,42.849,-78.814,Theft
209021,212543,3,42.855,-78.814,Theft
209028,212550,3,42.872,-78.852,Theft of Vehicle
209033,212555,3,42.891,-78.806,Theft
209038,212560,3,42.886,-78.8,Breaking & Entering
209040,212562,3,42.895,-78.83,Robbery
209048,212570,3,42.896,-78.806,Theft
209057,212579,3,42.887,-78.836,Breaking & Entering
209062,212584,3,42.887,-78.837,Theft
209065,212587,3,42.871,-78.815,Theft
209067,212589,3,42.867,-78.805,Breaking & Entering
209080,212602,3,42.896,-78.819,Theft
209081,212603,3,42.858,-78.808,Assault
209082,212604,3,42.871,-78.802,Theft
209088,212610,3,42.87,-78.815,Assault
209094,212616,3,42.896,-78.822,Theft
209100,212622,3,42.89,-78.816,Sexual Assault
209102,212624,3,42.852,-78.826,Theft of Vehicle
209113,212635,3,42.896,-78.831,Theft of Vehicle
209120,212642,3,42.874,-78.805,Theft
209122,212644,3,42.889,-78.805,Theft
209128,212650,3,42.856,-78.824,Assault
209134,212656,3,42.876,-78.827,Breaking & Entering
209139,212661,3,42.85,-78.815,Theft
209142,212664,3,42.87,-78.815,Breaking & Entering
209146,212668,3,42.877,-78.85,Theft
209154,212676,3,42.86,-78.811,Breaking & Entering
209162,212684,3,42.891,-78.808,Breaking & Entering
209168,212690,3,42.839,-78.824,Theft
209171,212693,3,42.885,-78.839,Robbery
209187,212710,3,42.896,-78.82,Theft
209189,212712,3,42.858,-78.806,Theft
209193,212716,3,42.85,-78.815,Theft
209195,212718,3,42.846,-78.829,Assault
209197,212720,3,42.855,-78.808,Assault
209199,212722,3,42.857,-78.803,Theft
209205,212728,3,42.848,-78.822,Theft
209207,212730,3,42.894,-78.835,Theft
209210,212733,3,42.846,-78.826,Theft
209213,212736,3,42.88,-78.841,Assault
209217,212740,3,42.898,-78.807,Theft
209220,212743,3,42.894,-78.811,Theft
209222,212745,3,42.866,-78.823,Breaking & Entering
209224,212747,3,42.896,-78.82,Theft
209225,212748,3,42.895,-78.808,Theft
209231,212754,3,42.881,-78.835,Theft
209235,212758,3,42.857,-78.811,Assault
209246,212769,3,42.839,-78.829,Assault
209255,212778,3,42.897,-78.836,Theft of Vehicle
209269,212792,3,42.85,-78.804,Theft
209270,212793,3,42.851,-78.83,Theft of Vehicle
209275,212798,3,42.852,-78.806,Theft
209276,212799,3,42.841,-78.824,Assault
209279,212802,3,42.858,-78.827,Sexual Assault
209282,212805,3,42.869,-78.851,Breaking & Entering
209290,212813,3,42.897,-78.819,Theft
209302,212825,3,42.895,-78.82,Breaking & Entering
209306,212829,3,42.891,-78.84,Breaking & Entering
209318,212841,3,42.899,-78.822,Assault
209319,212842,3,42.853,-78.828,Theft
209322,212845,3,42.893,-78.841,Theft
209324,212847,3,42.868,-78.848,Assault
209329,212852,3,42.891,-78.833,Breaking & Entering
209333,212856,3,42.889,-78.839,Theft
209335,212858,3,42.89,-78.81,Theft
209340,212863,3,42.893,-78.827,Breaking & Entering
209341,212864,3,42.857,-78.803,Theft
209343,212866,3,42.867,-78.822,Breaking & Entering
209346,212869,3,42.851,-78.802,Assault
209350,212873,3,42.894,-78.831,Breaking & Entering
209352,212875,3,42.852,-78.804,Theft
209361,212884,3,42.858,-78.831,Robbery
209367,212890,3,42.858,-78.813,Assault
209371,212894,3,42.856,-78.833,Theft of Vehicle
209373,212896,3,42.882,-78.83,Breaking & Entering
209374,212897,3,42.881,-78.832,Theft
209380,212903,3,42.882,-78.835,Breaking & Entering
209385,212908,3,42.887,-78.802,Breaking & Entering
209386,212909,3,42.897,-78.814,Robbery
209390,212913,3,42.845,-78.823,Breaking & Entering
209396,212919,3,42.882,-78.828,Theft
209397,212920,3,42.836,-78.828,Theft
209407,212930,3,42.842,-78.821,Theft
209409,212932,3,42.856,-78.828,Assault
209412,212935,3,42.886,-78.837,Theft
209421,212944,3,42.89,-78.838,Theft
209424,212947,3,42.858,-78.83,Theft
209436,212959,3,42.873,-78.806,Theft
209446,212969,3,42.898,-78.816,Breaking & Entering
209449,212972,3,42.889,-78.839,Breaking & Entering
209450,212973,3,42.848,-78.812,Theft
209454,212977,3,42.891,-78.833,Breaking & Entering
209455,212978,3,42.851,-78.806,Assault
209457,212980,3,42.894,-78.833,Theft of Vehicle
209463,212986,3,42.888,-78.805,Assault
209467,212990,3,42.874,-78.826,Theft
209478,213003,3,42.882,-78.834,Breaking & Entering
209482,213007,3,42.87,-78.808,Other Sexual Offense
209485,213010,3,42.845,-78.811,Theft of Vehicle
209488,213013,3,42.887,-78.814,Breaking & Entering
209490,213015,3,42.886,-78.805,Assault
209494,213020,3,42.842,-78.809,Assault
209495,213021,3,42.848,-78.812,Theft
209499,213025,3,42.879,-78.801,Theft
209500,213026,3,42.876,-78.852,Theft
209501,213027,3,42.892,-78.834,Breaking & Entering
209504,213030,3,42.885,-78.803,Breaking & Entering
209507,213033,3,42.88,-78.802,Theft
209522,213049,3,42.853,-78.82,Theft of Vehicle
209533,213060,3,42.899,-78.84,Assault
209538,213065,3,42.887,-78.81,Assault
209541,213069,3,42.894,-78.828,Assault
209549,213077,3,42.897,-78.815,Theft of Vehicle
209550,213078,3,42.893,-78.831,Robbery
209551,213079,3,42.897,-78.832,Breaking & Entering
209575,213103,3,42.891,-78.837,Assault
209585,213113,3,42.899,-78.831,Breaking & Entering
209586,213114,3,42.876,-78.85,Assault
209587,213115,3,42.894,-78.835,Assault
209597,213125,3,42.893,-78.84,Breaking & Entering
209599,213127,3,42.867,-78.823,Theft
209613,213141,3,42.877,-78.81,Theft
209614,213142,3,42.855,-78.828,Theft
209619,213147,3,42.841,-78.816,Theft
209620,213148,3,42.896,-78.841,Assault
209630,213158,3,42.868,-78.81,Other Sexual Offense
209634,213163,3,42.851,-78.819,Assault
209636,213165,3,42.853,-78.831,Theft
209642,213171,3,42.888,-78.819,Theft
209645,213174,3,42.838,-78.813,Breaking & Entering
209652,213181,3,42.896,-78.824,Assault
209653,213182,3,42.881,-78.834,Breaking & Entering
209656,213185,3,42.854,-78.805,Breaking & Entering
209659,213189,3,42.873,-78.811,Breaking & Entering
209663,213193,3,42.844,-78.826,Theft
209674,213204,3,42.891,-78.804,Breaking & Entering
209687,213217,3,42.857,-78.811,Breaking & Entering
209691,213221,3,42.841,-78.812,Assault
209696,213226,3,42.857,-78.807,Assault
209703,213233,3,42.87,-78.802,Breaking & Entering
209704,213234,3,42.894,-78.842,Theft of Vehicle
209710,213240,3,42.891,-78.809,Assault
209717,213247,3,42.893,-78.837,Assault
209720,213250,3,42.884,-78.833,Theft
209727,213257,3,42.89,-78.837,Breaking & Entering
209729,213259,3,42.856,-78.829,Breaking & Entering
209758,213288,3,42.892,-78.835,Assault
209769,213300,3,42.893,-78.84,Theft of Vehicle
209779,213310,3,42.848,-78.812,Theft
209785,213316,3,42.896,-78.816,Breaking & Entering
209786,213317,3,42.86,-78.822,Breaking & Entering
209797,213328,3,42.893,-78.841,Theft
209801,213332,3,42.895,-78.829,Assault
209802,213333,3,42.894,-78.84,Sexual Assault
209809,213340,3,42.861,-78.818,Breaking & Entering
209810,213341,3,42.895,-78.829,Theft of Vehicle
209822,213353,3,42.888,-78.806,Theft
209824,213355,3,42.889,-78.834,Assault
209834,213365,3,42.89,-78.803,Assault
209840,213371,3,42.848,-78.818,Breaking & Entering
209842,213373,3,42.887,-78.815,Breaking & Entering
209846,213377,3,42.857,-78.809,Assault
209847,213378,3,42.877,-78.833,Breaking & Entering
209851,213382,3,42.892,-78.807,Theft
209856,213387,3,42.857,-78.826,Assault
209869,213400,3,42.858,-78.831,Theft
209875,213406,3,42.895,-78.83,Theft
209885,213416,3,42.898,-78.801,Breaking & Entering
209886,213417,3,42.832,-78.805,Robbery
209887,213418,3,42.886,-78.805,Breaking & Entering
209889,213420,3,42.854,-78.802,Theft
209903,213435,3,42.845,-78.817,Theft
209906,213438,3,42.851,-78.827,Assault
209913,213445,3,42.894,-78.826,Breaking & Entering
209916,213448,3,42.853,-78.828,Assault
209924,213456,3,42.889,-78.808,Robbery
209932,213464,3,42.858,-78.814,Breaking & Entering
209935,213467,3,42.891,-78.844,Theft of Vehicle
209937,213469,3,42.886,-78.842,Theft of Vehicle
209947,213479,3,42.878,-78.842,Assault
209962,213494,3,42.876,-78.827,Theft
209964,213496,3,42.862,-78.814,Breaking & Entering
209965,213497,3,42.852,-78.817,Theft
209969,213501,3,42.889,-78.811,Theft
209970,213502,3,42.895,-78.813,Breaking & Entering
209986,213518,3,42.893,-78.842,Theft
209994,213526,3,42.838,-78.808,Theft
209998,213530,3,42.88,-78.84,Theft
210002,213534,3,42.848,-78.824,Theft
210006,213538,3,42.857,-78.823,Theft of Vehicle
210018,213550,3,42.869,-78.802,Theft of Vehicle
210019,213551,3,42.893,-78.832,Assault
210034,213566,3,42.834,-78.824,Theft
210041,213573,3,42.895,-78.821,Assault
210042,213574,3,42.858,-78.831,Theft
210058,213590,3,42.858,-78.81,Breaking & Entering
210059,213591,3,42.895,-78.83,Theft
210064,213596,3,42.883,-78.835,Breaking & Entering
210079,213611,3,42.871,-78.831,Theft
210088,213620,3,42.85,-78.825,Theft
210110,213643,3,42.858,-78.831,Theft
210112,213645,3,42.87,-78.835,Breaking & Entering
210117,213650,3,42.893,-78.837,Theft
210127,213660,3,42.884,-78.841,Theft of Vehicle
210144,213677,3,42.85,-78.824,Robbery
210150,213683,3,42.881,-78.801,Theft
210155,213688,3,42.89,-78.8,Theft
210159,213692,3,42.896,-78.827,Assault
210164,213697,3,42.89,-78.833,Theft
210168,213701,3,42.875,-78.85,Theft
210187,213721,3,42.886,-78.839,Sexual Assault
210193,213727,3,42.871,-78.815,Theft of Vehicle
210200,213734,3,42.896,-78.82,Breaking & Entering
210203,213737,3,42.869,-78.808,Assault
210204,213738,3,42.856,-78.823,Breaking & Entering
210208,213742,3,42.853,-78.828,Assault
210209,213743,3,42.877,-78.846,Breaking & Entering
210210,213744,3,42.842,-78.813,Breaking & Entering
210212,213746,3,42.895,-78.832,Theft
210215,213749,3,42.895,-78.837,Theft
210219,213753,3,42.889,-78.808,Theft
210222,213756,3,42.852,-78.823,Theft
210223,213757,3,42.891,-78.83,Theft
210231,213765,3,42.85,-78.826,Assault
210238,213772,3,42.851,-78.803,Breaking & Entering
210246,213780,3,42.886,-78.839,Assault
210250,213784,3,42.896,-78.82,Assault
210257,213791,3,42.894,-78.82,Theft
210264,213799,3,42.851,-78.802,Theft
210265,213800,3,42.85,-78.828,Theft of Vehicle
210268,213803,3,42.878,-78.847,Breaking & Entering
210275,213811,3,42.869,-78.808,Breaking & Entering
210276,213812,3,42.898,-78.832,Breaking & Entering
210278,213814,3,42.863,-78.825,Breaking & Entering
210288,213824,3,42.891,-78.801,Theft
210292,213828,3,42.862,-78.819,Assault
210302,213838,3,42.854,-78.808,Robbery
210308,213844,3,42.893,-78.839,Theft
210325,213861,3,42.872,-78.82,Assault
210327,213863,3,42.896,-78.834,Breaking & Entering
210333,213869,3,42.886,-78.844,Theft of Vehicle
210337,213873,3,42.892,-78.807,Breaking & Entering
210340,213876,3,42.855,-78.81,Theft
210344,213880,3,42.855,-78.828,Breaking & Entering
210345,213881,3,42.851,-78.81,Theft
210349,213885,3,42.881,-78.832,Breaking & Entering
210362,213898,3,42.866,-78.829,Breaking & Entering
210363,213899,3,42.873,-78.843,Assault
210365,213901,3,42.837,-78.811,Breaking & Entering
210373,213909,3,42.89,-78.8,Breaking & Entering
210381,213917,3,42.855,-78.808,Theft
210384,213920,3,42.85,-78.824,Theft
210388,213924,3,42.892,-78.83,Assault
210389,213925,3,42.898,-78.807,Theft
210392,213928,3,42.882,-78.834,Breaking & Entering
210393,213929,3,42.89,-78.801,Theft
210416,213952,3,42.873,-78.819,Theft
210421,213957,3,42.871,-78.834,Assault
210422,213958,3,42.845,-78.823,Theft
210427,213963,3,42.845,-78.832,Theft of Vehicle
210428,213964,3,42.853,-78.83,Theft
210441,213977,3,42.895,-78.827,Theft of Vehicle
210446,213982,3,42.877,-78.803,Breaking & Entering
210452,213989,3,42.838,-78.818,Assault
210458,213995,3,42.848,-78.803,Theft
210462,213999,3,42.858,-78.826,Breaking & Entering
210467,214004,3,42.853,-78.82,Theft
210491,214028,3,42.867,-78.808,Theft
210498,214036,3,42.885,-78.839,Assault
210501,214039,3,42.893,-78.839,Assault
210506,214044,3,42.891,-78.832,Breaking & Entering
210514,214052,3,42.889,-78.807,Theft
210520,214058,3,42.879,-78.849,Breaking & Entering
210526,214064,3,42.894,-78.828,Assault
210528,214066,3,42.891,-78.836,Breaking & Entering
210531,214069,3,42.896,-78.816,Theft
210538,214076,3,42.848,-78.824,Assault
210543,214081,3,42.852,-78.828,Theft of Vehicle
210546,214084,3,42.895,-78.827,Theft
210550,214089,3,42.875,-78.825,Assault
210551,214090,3,42.858,-78.824,Theft
210557,214096,3,42.844,-78.824,Theft
210565,214105,3,42.833,-78.806,Breaking & Entering
210572,214112,3,42.848,-78.812,Assault
210574,214114,3,42.892,-78.813,Theft
210592,214133,3,42.851,-78.801,Assault
210595,214136,3,42.849,-78.817,Theft
210601,214142,3,42.85,-78.824,Robbery
210604,214145,3,42.867,-78.822,Theft
210605,214146,3,42.848,-78.812,Assault
210609,214150,3,42.891,-78.833,Theft
210615,214156,3,42.879,-78.835,Theft
210624,214165,3,42.896,-78.823,Theft
210625,214166,3,42.888,-78.802,Assault
210627,214168,3,42.896,-78.825,Theft
210631,214172,3,42.848,-78.821,Theft
210633,214174,3,42.848,-78.832,Theft
210652,214193,3,42.857,-78.835,Breaking & Entering
210672,214214,3,42.848,-78.824,Assault
210676,214218,3,42.848,-78.824,Assault
210677,214219,3,42.894,-78.82,Breaking & Entering
210678,214220,3,42.892,-78.832,Robbery
210682,214224,3,42.844,-78.823,Theft
210683,214225,3,42.879,-78.834,Breaking & Entering
210688,214230,3,42.896,-78.82,Theft
210692,214234,3,42.887,-78.836,Theft
210696,214238,3,42.885,-78.805,Robbery
210699,214241,3,42.848,-78.812,Theft
210703,214245,3,42.887,-78.839,Theft
210709,214251,3,42.893,-78.821,Assault
210712,214254,3,42.858,-78.832,Assault
210714,214256,3,42.858,-78.831,Robbery
210716,214258,3,42.845,-78.823,Theft
210720,214262,3,42.894,-78.832,Breaking & Entering
210721,214263,3,42.886,-78.817,Theft
210724,214266,3,42.854,-78.807,Theft
210725,214267,3,42.892,-78.827,Theft
210738,214280,3,42.886,-78.841,Breaking & Entering
210742,214284,3,42.878,-78.836,Assault
210744,214286,3,42.837,-78.823,Theft
210753,214295,3,42.872,-78.806,Assault
210766,214308,3,42.892,-78.807,Assault
210780,214323,3,42.847,-78.855,Theft
210786,214329,3,42.855,-78.809,Robbery
210788,214331,3,42.888,-78.838,Breaking & Entering
210795,214338,3,42.844,-78.827,Breaking & Entering
210802,214345,3,42.874,-78.808,Theft
210820,214363,3,42.848,-78.812,Breaking & Entering
210825,214368,3,42.877,-78.848,Breaking & Entering
210826,214369,3,42.883,-78.835,Theft
210832,214376,3,42.898,-78.807,Theft
210834,214378,3,42.895,-78.839,Theft
210852,214396,3,42.894,-78.809,Theft
210853,214397,3,42.837,-78.805,Theft
210855,214399,3,42.886,-78.827,Theft of Vehicle
210863,214407,3,42.862,-78.819,Theft
210872,214417,3,42.86,-78.815,Assault
210880,214425,3,42.861,-78.817,Breaking & Entering
210884,214429,3,42.875,-78.803,Theft
210887,214432,3,42.85,-78.815,Assault
210890,214435,3,42.896,-78.826,Theft
210897,214442,3,42.888,-78.838,Assault
210907,214452,3,42.848,-78.824,Robbery
210914,214459,3,42.835,-78.821,Theft
210915,214460,3,42.845,-78.832,Breaking & Entering
210919,214465,3,42.891,-78.839,Theft
210926,214472,3,42.887,-78.81,Theft
210931,214477,3,42.889,-78.813,Breaking & Entering
210938,214484,3,42.886,-78.805,Theft
210942,214489,3,42.894,-78.835,Robbery
210943,214490,3,42.896,-78.842,Assault
210967,214514,3,42.848,-78.812,Assault
210976,214523,3,42.848,-78.824,Assault
210981,214528,3,42.89,-78.803,Robbery
210988,214535,3,42.842,-78.808,Theft
210989,214536,3,42.847,-78.824,Theft
210998,214545,3,42.861,-78.817,Robbery
211002,214549,3,42.896,-78.815,Theft
211004,214551,3,42.898,-78.807,Theft
211008,214555,3,42.872,-78.811,Theft
211025,214572,3,42.843,-78.832,Theft
211027,214574,3,42.854,-78.808,Robbery
211029,214576,3,42.863,-78.802,Theft
211030,214577,3,42.858,-78.831,Theft
211031,214578,3,42.893,-78.82,Assault
211049,214596,3,42.834,-78.815,Theft
211055,214602,3,42.894,-78.826,Assault
211066,214613,3,42.896,-78.817,Robbery
211074,214621,3,42.871,-78.807,Assault
211075,214622,3,42.886,-78.814,Theft of Vehicle
211081,214628,3,42.848,-78.812,Theft
211082,214629,3,42.898,-78.831,Assault
211083,214630,3,42.848,-78.824,Robbery
211093,214640,3,42.841,-78.824,Theft
211094,214641,3,42.85,-78.823,Assault
211099,214647,3,42.853,-78.821,Assault
211110,214658,3,42.896,-78.826,Assault
211115,214663,3,42.851,-78.803,Theft of Vehicle
211117,214665,3,42.887,-78.803,Assault
211134,214683,3,42.894,-78.822,Breaking & Entering
211138,214687,3,42.894,-78.833,Assault
211140,214689,3,42.858,-78.831,Theft of Vehicle
211148,214697,3,42.895,-78.826,Theft
211149,214698,3,42.898,-78.818,Theft
211152,214701,3,42.89,-78.803,Breaking & Entering
211156,214705,3,42.892,-78.84,Robbery
211160,214709,3,42.873,-78.806,Assault
211167,214716,3,42.896,-78.838,Breaking & Entering
211183,214733,3,42.856,-78.832,Theft
211185,214735,3,42.835,-78.823,Breaking & Entering
211186,214736,3,42.858,-78.816,Theft
211191,214741,3,42.874,-78.807,Assault
211202,214753,3,42.888,-78.808,Theft of Vehicle
211205,214756,3,42.887,-78.837,Sexual Assault
211206,214757,3,42.874,-78.804,Breaking & Entering
211232,214783,3,42.874,-78.81,Theft of Vehicle
211241,214792,3,42.889,-78.81,Theft of Vehicle
211246,214797,3,42.897,-78.84,Theft
211257,214808,3,42.851,-78.823,Assault
211261,214812,3,42.893,-78.839,Breaking & Entering
211277,214828,3,42.867,-78.849,Breaking & Entering
211279,214830,3,42.86,-78.816,Assault
211281,214832,3,42.897,-78.821,Theft of Vehicle
211282,214833,3,42.863,-78.802,Theft of Vehicle
211287,214838,3,42.898,-78.84,Breaking & Entering
211288,214839,3,42.891,-78.808,Theft
211293,214844,3,42.896,-78.825,Breaking & Entering
211304,214856,3,42.893,-78.839,Robbery
211320,214872,3,42.888,-78.815,Theft
211321,214873,3,42.873,-78.829,Theft
211332,214884,3,42.896,-78.817,Assault
211338,214890,3,42.883,-78.836,Assault
211342,214894,3,42.857,-78.831,Assault
211345,214897,3,42.885,-78.839,Assault
211354,214906,3,42.891,-78.814,Robbery
211361,214913,3,42.89,-78.832,Breaking & Entering
211362,214915,3,42.889,-78.804,Assault
211370,214923,3,42.855,-78.832,Theft
211371,214924,3,42.892,-78.844,Theft
211377,214930,3,42.833,-78.822,Theft
211385,214938,3,42.849,-78.863,Assault
211388,214941,3,42.893,-78.839,Theft
211389,214942,3,42.85,-78.801,Theft of Vehicle
211417,214972,3,42.887,-78.802,Theft
211419,214974,3,42.869,-78.805,Theft of Vehicle
211425,214980,3,42.888,-78.815,Theft
211447,215003,3,42.854,-78.808,Theft
211466,215022,3,42.896,-78.826,Assault
211474,215030,3,42.871,-78.815,Breaking & Entering
211475,215031,3,42.848,-78.824,Theft
211477,215033,3,42.879,-78.835,Theft
211478,215034,3,42.843,-78.828,Theft
211479,215035,3,42.858,-78.818,Breaking & Entering
211480,215036,3,42.88,-78.849,Assault
211490,215046,3,42.854,-78.825,Sexual Assault
211495,215051,3,42.854,-78.802,Theft of Vehicle
211496,215052,3,42.872,-78.812,Theft of Vehicle
211511,215067,3,42.861,-78.81,Theft
211513,215069,3,42.894,-78.835,Assault
211536,215092,3,42.859,-78.834,Theft
211549,215105,3,42.839,-78.815,Theft
211552,215108,3,42.896,-78.82,Theft of Vehicle
211555,215111,3,42.884,-78.839,Breaking & Entering
211563,215119,3,42.881,-78.805,Breaking & Entering
211564,215120,3,42.874,-78.806,Theft
211566,215122,3,42.892,-78.835,Theft
211572,215128,3,42.885,-78.814,Assault
211581,215137,3,42.885,-78.807,Breaking & Entering
211582,215138,3,42.845,-78.824,Theft
211589,215145,3,42.897,-78.814,Theft
211595,215151,3,42.889,-78.839,Breaking & Entering
211611,215167,3,42.892,-78.836,Theft
211612,215168,3,42.893,-78.84,Robbery
211620,215176,3,42.842,-78.82,Breaking & Entering
211622,215178,3,42.869,-78.85,Theft
211635,215191,3,42.842,-78.822,Theft
211644,215201,3,42.863,-78.814,Theft
211652,215209,3,42.896,-78.823,Assault
211655,215212,3,42.851,-78.825,Assault
211656,215213,3,42.891,-78.831,Breaking & Entering
211663,215220,3,42.852,-78.825,Assault
211681,215238,3,42.895,-78.825,Theft
211692,215249,3,42.833,-78.824,Assault
211693,215250,3,42.899,-78.815,Theft
211695,215252,3,42.848,-78.824,Sexual Offense
211697,215254,3,42.895,-78.819,Assault
211701,215258,3,42.833,-78.818,Theft
211702,215259,3,42.848,-78.824,Theft of Vehicle
211713,215270,3,42.873,-78.801,Theft of Vehicle
211734,215291,3,42.866,-78.822,Theft of Vehicle
211739,215296,3,42.898,-78.831,Assault
211749,215307,3,42.896,-78.836,Sexual Offense
211758,215316,3,42.856,-78.828,Assault
211759,215317,3,42.891,-78.807,Assault
211796,215355,3,42.858,-78.831,Robbery
211802,215361,3,42.888,-78.8,Theft
211814,215373,3,42.889,-78.808,Assault
211822,215381,3,42.893,-78.82,Breaking & Entering
211824,215383,3,42.872,-78.811,Theft
211827,215386,3,42.887,-78.809,Theft of Vehicle
211833,215392,3,42.887,-78.805,Assault
211840,215399,3,42.858,-78.815,Theft
211846,215405,3,42.899,-78.83,Theft
211847,215406,3,42.892,-78.836,Breaking & Entering
211849,215408,3,42.854,-78.83,Assault
211853,215412,3,42.84,-78.808,Breaking & Entering
211858,215418,3,42.896,-78.831,Robbery
211863,215423,3,42.895,-78.837,Theft
211867,215427,3,42.886,-78.802,Assault
211875,215436,3,42.89,-78.835,Breaking & Entering
211883,215444,3,42.878,-78.814,Breaking & Entering
211885,215446,3,42.868,-78.803,Breaking & Entering
211895,215457,3,42.884,-78.835,Breaking & Entering
211898,215460,3,42.869,-78.848,Assault
211899,215461,3,42.863,-78.821,Breaking & Entering
211908,215471,3,42.861,-78.808,Assault
211916,215480,3,42.853,-78.803,Breaking & Entering
211923,215487,3,42.894,-78.821,Assault
211938,215502,3,42.892,-78.838,Robbery
211946,215510,3,42.849,-78.812,Assault
211947,215511,3,42.853,-78.83,Breaking & Entering
211960,215524,3,42.898,-78.801,Breaking & Entering
211964,215528,3,42.888,-78.839,Theft
211965,215529,3,42.857,-78.826,Theft
211967,215531,3,42.858,-78.831,Theft
211974,215538,3,42.854,-78.827,Breaking & Entering
211977,215541,3,42.894,-78.821,Theft of Vehicle
211980,215544,3,42.863,-78.821,Assault
211981,215545,3,42.872,-78.82,Assault
211984,215549,3,42.897,-78.837,Robbery
211987,215552,3,42.898,-78.807,Theft
211989,215554,3,42.841,-78.824,Theft
211991,215556,3,42.896,-78.832,Theft
211996,215561,3,42.885,-78.804,Theft
211997,215562,3,42.888,-78.815,Robbery
212003,215568,3,42.885,-78.807,Theft
212005,215570,3,42.875,-78.828,Breaking & Entering
212008,215573,3,42.892,-78.809,Assault
212011,215576,3,42.826,-78.834,Theft
212022,215587,3,42.887,-78.802,Theft
212031,215597,3,42.868,-78.846,Breaking & Entering
212038,215604,3,42.898,-78.815,Breaking & Entering
212039,215605,3,42.856,-78.81,Breaking & Entering
212042,215608,3,42.857,-78.808,Theft
212043,215609,3,42.873,-78.841,Theft
212055,215621,3,42.842,-78.822,Theft
212057,215623,3,42.863,-78.814,Theft
212061,215627,3,42.879,-78.846,Breaking & Entering
212062,215628,3,42.898,-78.839,Theft
212063,215629,3,42.874,-78.803,Assault
212065,215631,3,42.854,-78.812,Assault
212087,215653,3,42.888,-78.836,Assault
212089,215655,3,42.893,-78.842,Breaking & Entering
212091,215657,3,42.856,-78.827,Breaking & Entering
212095,215661,3,42.894,-78.809,Breaking & Entering
212096,215662,3,42.856,-78.832,Theft
212098,215664,3,42.896,-78.836,Breaking & Entering
212109,215675,3,42.885,-78.841,Assault
212123,215690,3,42.85,-78.83,Theft
212127,215694,3,42.892,-78.838,Theft
212130,215697,3,42.846,-78.824,Theft
212131,215698,3,42.857,-78.828,Assault
212135,215702,3,42.888,-78.802,Breaking & Entering
212143,215710,3,42.883,-78.832,Theft
212147,215714,3,42.843,-78.823,Theft
212149,215716,3,42.867,-78.824,Theft
212155,215722,3,42.892,-78.833,Assault
212159,215726,3,42.833,-78.824,Assault
212160,215727,3,42.856,-78.809,Theft
212162,215729,3,42.895,-78.807,Theft
212167,215735,3,42.888,-78.84,Theft of Vehicle
212171,215739,3,42.898,-78.84,Theft
212189,215757,3,42.864,-78.814,Theft
212199,215767,3,42.86,-78.825,Breaking & Entering
212204,215773,3,42.865,-78.824,Theft
212208,215777,3,42.89,-78.836,Theft
212209,215778,3,42.848,-78.824,Sexual Assault
212214,215783,3,42.839,-78.815,Assault
212216,215785,3,42.863,-78.82,Breaking & Entering
212217,215786,3,42.853,-78.822,Theft of Vehicle
212218,215787,3,42.897,-78.831,Robbery
212221,215790,3,42.892,-78.832,Breaking & Entering
212225,215794,3,42.893,-78.831,Theft of Vehicle
212231,215800,3,42.888,-78.809,Assault
212244,215813,3,42.886,-78.839,Theft
212250,215819,3,42.854,-78.825,Theft
212255,215824,3,42.847,-78.812,Theft
212259,215828,3,42.842,-78.808,Theft of Vehicle
212263,215832,3,42.87,-78.838,Theft
212268,215837,3,42.895,-78.827,Theft
212269,215838,3,42.838,-78.821,Breaking & Entering
212278,215847,3,42.873,-78.804,Breaking & Entering
212291,215860,3,42.879,-78.84,Theft
212294,215863,3,42.897,-78.806,Breaking & Entering
212299,215868,3,42.886,-78.838,Theft
212313,215882,3,42.837,-78.823,Assault
212319,215889,3,42.851,-78.828,Homicide
212327,215897,3,42.856,-78.833,Theft
212329,215899,3,42.86,-78.81,Breaking & Entering
212332,215902,3,42.885,-78.839,Assault
212334,215904,3,42.858,-78.832,Theft of Vehicle
212337,215907,3,42.897,-78.805,Breaking & Entering
212347,215917,3,42.89,-78.807,Theft of Vehicle
212354,215924,3,42.87,-78.808,Assault
212360,215930,3,42.873,-78.801,Breaking & Entering
212361,215931,3,42.875,-78.804,Theft
212378,215948,3,42.848,-78.813,Theft
212382,215952,3,42.87,-78.833,Assault
212385,215955,3,42.899,-78.831,Assault
212399,215969,3,42.884,-78.826,Breaking & Entering
212402,215972,3,42.838,-78.808,Theft
212411,215981,3,42.883,-78.835,Breaking & Entering
212424,215994,3,42.897,-78.804,Assault
212427,215997,3,42.859,-78.814,Assault
212428,215998,3,42.885,-78.814,Theft
212429,215999,3,42.899,-78.832,Assault
212432,216002,3,42.899,-78.835,Breaking & Entering
212436,216006,3,42.858,-78.832,Assault
212439,216009,3,42.872,-78.83,Theft
212451,216021,3,42.883,-78.831,Breaking & Entering
212454,216024,3,42.893,-78.82,Assault
212456,216026,3,42.853,-78.823,Theft
212458,216028,3,42.856,-78.825,Theft
212466,216036,3,42.893,-78.834,Breaking & Entering
212470,216040,3,42.851,-78.832,Theft
212471,216041,3,42.852,-78.827,Breaking & Entering
212473,216043,3,42.866,-78.857,Robbery
212484,216055,3,42.841,-78.818,Breaking & Entering
212487,216058,3,42.858,-78.831,Theft
212490,216062,3,42.897,-78.815,Breaking & Entering
212493,216065,3,42.869,-78.832,Theft
212494,216066,3,42.859,-78.829,Theft
212497,216069,3,42.849,-78.863,Breaking & Entering
212503,216075,3,42.832,-78.811,Other Sexual Offense
212509,216081,3,42.85,-78.803,Breaking & Entering
212512,216084,3,42.899,-78.818,Theft of Vehicle
212515,216087,3,42.896,-78.817,Sexual Assault
212518,216090,3,42.84,-78.806,Theft of Vehicle
212519,216091,3,42.862,-78.819,Theft
212520,216092,3,42.851,-78.825,Theft
212524,216096,3,42.87,-78.801,Breaking & Entering
212534,216106,3,42.85,-78.815,Theft
212537,216109,3,42.898,-78.807,Theft of Vehicle
212538,216110,3,42.899,-78.818,Assault
212553,216125,3,42.843,-78.824,Theft
212565,216137,3,42.876,-78.85,Theft
212569,216141,3,42.853,-78.805,Theft
212574,216146,3,42.87,-78.834,Theft
212578,216150,3,42.845,-78.811,Assault
212581,216153,3,42.873,-78.808,Assault
212589,216161,3,42.863,-78.821,Breaking & Entering
212590,216162,3,42.892,-78.838,Theft
212595,216167,3,42.853,-78.82,Assault
212603,216175,3,42.899,-78.81,Theft
212613,216185,3,42.892,-78.813,Theft
212618,216190,3,42.87,-78.804,Theft
212621,216193,3,42.888,-78.809,Breaking & Entering
212636,216208,3,42.897,-78.833,Breaking & Entering
212644,216216,3,42.849,-78.829,Robbery
212646,216218,3,42.89,-78.806,Assault
212647,216219,3,42.863,-78.825,Robbery
212659,216231,3,42.849,-78.824,Theft
212671,216243,3,42.898,-78.835,Assault
212677,216249,3,42.852,-78.806,Assault
212688,216260,3,42.898,-78.824,Robbery
212689,216261,3,42.837,-78.81,Assault
212691,216263,3,42.832,-78.811,Breaking & Entering
212705,216277,3,42.853,-78.824,Sexual Assault
212707,216279,3,42.833,-78.822,Theft
212711,216283,3,42.841,-78.817,Theft
212712,216284,3,42.847,-78.824,Robbery
212715,216287,3,42.891,-78.801,Theft
212719,216291,3,42.867,-78.823,Breaking & Entering
212721,216293,3,42.89,-78.802,Robbery
212734,216306,3,42.858,-78.831,Theft
212738,216310,3,42.874,-78.851,Assault
212740,216312,3,42.894,-78.836,Theft
212741,216313,3,42.896,-78.808,Theft
212743,216315,3,42.885,-78.847,Robbery
212750,216322,3,42.886,-78.807,Breaking & Entering
212753,216325,3,42.837,-78.825,Assault
212754,216326,3,42.844,-78.826,Assault
212769,216341,3,42.893,-78.824,Assault
212778,216350,3,42.896,-78.806,Breaking & Entering
212779,216351,3,42.858,-78.813,Theft
212782,216354,3,42.862,-78.818,Theft
212783,216355,3,42.889,-78.801,Theft
212789,216361,3,42.893,-78.82,Breaking & Entering
212791,216363,3,42.849,-78.863,Theft
212794,216366,3,42.875,-78.831,Theft
212796,216368,3,42.857,-78.811,Theft
212797,216369,3,42.836,-78.806,Theft
212799,216371,3,42.877,-78.851,Theft
212800,216372,3,42.894,-78.823,Breaking & Entering
212813,216385,3,42.862,-78.811,Theft
212831,216404,3,42.896,-78.815,Theft
212845,216418,3,42.837,-78.812,Assault
212852,216425,3,42.874,-78.804,Assault
212861,216435,3,42.886,-78.815,Theft
212867,216441,3,42.867,-78.832,Theft of Vehicle
212872,216446,3,42.888,-78.808,Assault
212885,216460,3,42.896,-78.817,Breaking & Entering
212887,216462,3,42.841,-78.812,Theft
212891,216466,3,42.899,-78.817,Assault
212900,216475,3,42.896,-78.829,Breaking & Entering
212905,216480,3,42.895,-78.822,Theft
212906,216481,3,42.841,-78.824,Theft
212916,216491,3,42.881,-78.841,Robbery
212918,216493,3,42.897,-78.84,Theft
212925,216500,3,42.833,-78.803,Theft of Vehicle
212927,216502,3,42.895,-78.835,Assault
212931,216506,3,42.842,-78.829,Theft
212933,216508,3,42.896,-78.819,Theft
212941,216516,3,42.889,-78.813,Robbery
212942,216517,3,42.897,-78.807,Breaking & Entering
212947,216522,3,42.89,-78.8,Theft of Vehicle
212951,216526,3,42.851,-78.828,Theft of Vehicle
212954,216529,3,42.852,-78.819,Theft
212959,216534,3,42.87,-78.832,Assault
212960,216535,3,42.889,-78.808,Theft
212961,216536,3,42.858,-78.831,Robbery
212965,216540,3,42.873,-78.825,Assault
212966,216541,3,42.841,-78.825,Theft
212969,216544,3,42.893,-78.814,Breaking & Entering
212973,216548,3,42.877,-78.846,Assault
212977,216553,3,42.879,-78.836,Homicide
212979,216555,3,42.896,-78.819,Breaking & Entering
212993,216569,3,42.877,-78.841,Theft
212998,216574,3,42.896,-78.806,Theft
213008,216584,3,42.849,-78.813,Theft
213011,216587,3,42.894,-78.835,Theft
213012,216588,3,42.868,-78.848,Assault
213013,216589,3,42.879,-78.844,Breaking & Entering
213015,216591,3,42.858,-78.814,Theft
213018,216594,3,42.894,-78.82,Theft
213019,216595,3,42.899,-78.839,Breaking & Entering
213023,216599,3,42.887,-78.816,Sexual Assault
213033,216609,3,42.847,-78.829,Theft
213034,216610,3,42.862,-78.8,Breaking & Entering
213035,216611,3,42.841,-78.824,Theft
213043,216619,3,42.895,-78.83,Theft
213052,216628,3,42.889,-78.812,Theft
213057,216633,3,42.845,-78.824,Assault
213059,216635,3,42.837,-78.824,Theft
213069,216645,3,42.892,-78.807,Theft
213073,216649,3,42.868,-78.807,Assault
213077,216653,3,42.86,-78.816,Assault
213079,216655,3,42.896,-78.806,Theft
213101,216677,3,42.885,-78.814,Theft of Vehicle
213102,216678,3,42.85,-78.826,Theft
213103,216679,3,42.893,-78.824,Assault
213108,216685,3,42.857,-78.83,Theft
213118,216695,3,42.899,-78.823,Theft
213120,216697,3,42.896,-78.824,Theft
213124,216701,3,42.862,-78.81,Theft of Vehicle
213143,216721,3,42.857,-78.829,Theft
213145,216723,3,42.869,-78.807,Breaking & Entering
213157,216735,3,42.87,-78.807,Theft
213161,216739,3,42.876,-78.85,Theft
213164,216742,3,42.868,-78.809,Assault
213165,216743,3,42.855,-78.809,Theft
213178,216756,3,42.857,-78.829,Theft
213198,216776,3,42.886,-78.803,Theft
213199,216777,3,42.855,-78.809,Theft
213203,216781,3,42.841,-78.82,Assault
213204,216782,3,42.889,-78.804,Assault
213207,216785,3,42.889,-78.808,Theft
213208,216786,3,42.848,-78.812,Assault
213217,216795,3,42.89,-78.804,Assault
213230,216808,3,42.898,-78.819,Assault
213236,216814,3,42.875,-78.807,Theft
213243,216821,3,42.891,-78.814,Robbery
213244,216822,3,42.85,-78.803,Theft
213245,216823,3,42.894,-78.834,Breaking & Entering
213248,216826,3,42.895,-78.829,Assault
213272,216850,3,42.864,-78.817,Theft
213276,216854,3,42.894,-78.821,Homicide
213289,216867,3,42.835,-78.808,Assault
213296,216874,3,42.858,-78.803,Theft
213297,216875,3,42.89,-78.8,Breaking & Entering
213298,216876,3,42.89,-78.801,Theft
213301,216879,3,42.877,-78.842,Theft of Vehicle
213302,216880,3,42.851,-78.804,Theft
213308,216886,3,42.891,-78.807,Theft
213311,216889,3,42.869,-78.846,Assault
213315,216893,3,42.846,-78.82,Breaking & Entering
213316,216894,3,42.896,-78.838,Theft
213318,216896,3,42.889,-78.838,Assault
213321,216899,3,42.855,-78.827,Theft of Vehicle
213322,216900,3,42.852,-78.809,Theft
213329,216907,3,42.872,-78.812,Theft
213332,216910,3,42.89,-78.836,Robbery
213336,216915,3,42.833,-78.822,Assault
213347,216926,3,42.894,-78.843,Assault
213350,216929,3,42.838,-78.825,Assault
213357,216936,3,42.857,-78.832,Breaking & Entering
213358,216937,3,42.888,-78.812,Assault
213360,216939,3,42.865,-78.826,Theft of Vehicle
213361,216940,3,42.857,-78.829,Theft
213363,216942,3,42.899,-78.817,Theft of Vehicle
213373,216952,3,42.872,-78.842,Theft
213377,216956,3,42.854,-78.806,Theft
213379,216958,3,42.896,-78.832,Assault
213380,216959,3,42.886,-78.808,Theft
213386,216965,3,42.894,-78.838,Assault
213390,216969,3,42.857,-78.812,Theft
213396,216975,3,42.897,-78.823,Breaking & Entering
213397,216976,3,42.891,-78.808,Breaking & Entering
213425,217004,3,42.848,-78.812,Assault
213427,217006,3,42.858,-78.831,Assault
213428,217007,3,42.886,-78.805,Assault
213431,217010,3,42.898,-78.815,Theft
213433,217012,3,42.851,-78.801,Robbery
213435,217014,3,42.899,-78.82,Breaking & Entering
213440,217019,3,42.894,-78.808,Theft
213454,217033,3,42.897,-78.804,Assault
213457,217036,3,42.885,-78.839,Theft of Vehicle
213460,217039,3,42.888,-78.836,Theft of Vehicle
213468,217047,3,42.888,-78.814,Assault
213473,217052,3,42.887,-78.84,Assault
213480,217059,3,42.872,-78.82,Theft
213483,217063,3,42.858,-78.832,Assault
213486,217066,3,42.881,-78.836,Breaking & Entering
213490,217070,3,42.854,-78.808,Assault
213503,217084,3,42.854,-78.808,Theft
213505,217086,3,42.893,-78.837,Theft
213506,217087,3,42.896,-78.83,Assault
213507,217088,3,42.877,-78.827,Assault
213511,217092,3,42.891,-78.829,Robbery
213521,217102,3,42.874,-78.803,Theft of Vehicle
213522,217103,3,42.896,-78.82,Theft
213529,217110,3,42.859,-78.804,Theft
213539,217120,3,42.885,-78.838,Breaking & Entering
213543,217124,3,42.896,-78.815,Theft
213555,217136,3,42.845,-78.813,Breaking & Entering
213557,217138,3,42.897,-78.823,Theft of Vehicle
213560,217141,3,42.859,-78.815,Theft
213567,217148,3,42.88,-78.841,Theft
213584,217165,3,42.878,-78.801,Theft
213585,217166,3,42.878,-78.846,Breaking & Entering
213588,217169,3,42.896,-78.832,Theft
213600,217181,3,42.855,-78.826,Robbery
213603,217184,3,42.877,-78.847,Breaking & Entering
213609,217190,3,42.851,-78.805,Theft
213612,217193,3,42.885,-78.817,Breaking & Entering
213620,217202,3,42.858,-78.831,Theft
213622,217204,3,42.892,-78.807,Other Sexual Offense
213626,217208,3,42.886,-78.843,Theft of Vehicle
213632,217215,3,42.878,-78.834,Breaking & Entering
213638,217221,3,42.878,-78.833,Theft
213647,217231,3,42.859,-78.816,Theft of Vehicle
213651,217235,3,42.886,-78.807,Breaking & Entering
213653,217237,3,42.85,-78.804,Assault
213654,217238,3,42.854,-78.832,Assault
213662,217246,3,42.895,-78.839,Theft
213664,217248,3,42.896,-78.841,Assault
213673,217257,3,42.896,-78.832,Theft
213682,217266,3,42.872,-78.851,Theft
213683,217267,3,42.89,-78.811,Breaking & Entering
213686,217270,3,42.882,-78.84,Theft
213687,217271,3,42.894,-78.827,Breaking & Entering
213694,217278,3,42.857,-78.812,Theft
213695,217279,3,42.896,-78.82,Breaking & Entering
213699,217283,3,42.893,-78.834,Theft of Vehicle
213701,217285,3,42.899,-78.818,Assault
213706,217290,3,42.869,-78.832,Assault
213711,217296,3,42.89,-78.805,Assault
213717,217302,3,42.847,-78.814,Theft of Vehicle
213722,217307,3,42.838,-78.806,Assault
213725,217310,3,42.89,-78.81,Theft of Vehicle
213726,217311,3,42.897,-78.831,Theft
213727,217312,3,42.889,-78.816,Theft
213731,217316,3,42.872,-78.844,Theft
213732,217317,3,42.857,-78.812,Theft
213734,217319,3,42.869,-78.81,Theft
213743,217328,3,42.897,-78.819,Breaking & Entering
213745,217331,3,42.873,-78.804,Assault
213746,217332,3,42.885,-78.823,Theft
213749,217335,3,42.857,-78.829,Sexual Assault
213752,217338,3,42.852,-78.805,Theft
213753,217339,3,42.855,-78.81,Theft of Vehicle
213754,217340,3,42.892,-78.832,Breaking & Entering
213766,217352,3,42.877,-78.835,Theft
213770,217356,3,42.894,-78.807,Theft
213772,217358,3,42.878,-78.834,Theft of Vehicle
213774,217360,3,42.889,-78.808,Theft
213780,217366,3,42.869,-78.83,Breaking & Entering
213781,217367,3,42.833,-78.824,Theft
213782,217368,3,42.877,-78.849,Theft
213785,217371,3,42.892,-78.831,Assault
213795,217381,3,42.889,-78.811,Breaking & Entering
213804,217390,3,42.893,-78.837,Robbery
213818,217404,3,42.858,-78.831,Theft
213823,217409,3,42.868,-78.85,Breaking & Entering
213826,217412,3,42.841,-78.824,Theft
213835,217421,3,42.857,-78.812,Theft
213837,217423,3,42.851,-78.826,Assault
213841,217427,3,42.875,-78.851,Theft
213849,217435,3,42.896,-78.823,Theft
213854,217440,3,42.855,-78.809,Assault
213858,217446,3,42.859,-78.812,Assault
213863,217451,3,42.898,-78.831,Theft
213867,217455,3,42.871,-78.834,Breaking & Entering
213870,217458,3,42.898,-78.831,Breaking & Entering
213876,217464,3,42.895,-78.827,Breaking & Entering
213887,217475,3,42.887,-78.84,Theft
213896,217484,3,42.863,-78.813,Breaking & Entering
213900,217488,3,42.832,-78.811,Theft
213901,217489,3,42.847,-78.801,Theft
213902,217490,3,42.899,-78.816,Sexual Assault
213908,217496,3,42.895,-78.822,Other Sexual Offense
213934,217523,3,42.894,-78.83,Theft
213936,217525,3,42.838,-78.822,Theft
213937,217526,3,42.853,-78.824,Robbery
213938,217527,3,42.887,-78.805,Theft
213956,217546,3,42.854,-78.808,Theft
213959,217550,3,42.867,-78.849,Breaking & Entering
213961,217552,3,42.874,-78.806,Assault
213962,217553,3,42.837,-78.811,Theft of Vehicle
213964,217555,3,42.847,-78.824,Theft
213968,217559,3,42.893,-78.838,Theft
213980,217572,3,42.848,-78.824,Assault
213982,217574,3,42.858,-78.809,Theft
213984,217577,3,42.868,-78.807,Assault
213985,217578,3,42.889,-78.808,Robbery
213986,217579,3,42.835,-78.824,Breaking & Entering
213996,217589,3,42.898,-78.819,Breaking & Entering
213999,217592,3,42.873,-78.819,Theft
214000,217593,3,42.894,-78.821,Theft
214008,217602,3,42.896,-78.823,Assault
214014,217609,3,42.891,-78.836,Theft
214016,217611,3,42.858,-78.826,Breaking & Entering
214023,217618,3,42.846,-78.829,Theft
214025,217620,3,42.896,-78.817,Robbery
214031,217626,3,42.899,-78.817,Assault
214044,217639,3,42.854,-78.815,Theft
214046,217641,3,42.85,-78.811,Theft
214048,217643,3,42.888,-78.813,Theft
214049,217644,3,42.894,-78.834,Breaking & Entering
214053,217648,3,42.885,-78.84,Theft
214062,217657,3,42.897,-78.814,Robbery
214067,217662,3,42.857,-78.812,Theft
214068,217663,3,42.895,-78.815,Theft
214074,217669,3,42.862,-78.815,Breaking & Entering
214080,217675,3,42.897,-78.823,Theft
214081,217676,3,42.872,-78.844,Theft
214086,217681,3,42.878,-78.802,Robbery
214090,217685,3,42.866,-78.805,Breaking & Entering
214093,217689,3,42.899,-78.82,Breaking & Entering
214104,217700,3,42.893,-78.823,Theft of Vehicle
214108,217704,3,42.887,-78.806,Theft of Vehicle
214117,217713,3,42.855,-78.815,Assault
214121,217717,3,42.894,-78.809,Theft
214122,217718,3,42.868,-78.808,Breaking & Entering
214128,217724,3,42.898,-78.816,Theft
214133,217729,3,42.896,-78.826,Breaking & Entering
214134,217730,3,42.896,-78.82,Theft of Vehicle
214135,217731,3,42.851,-78.822,Theft
214143,217740,3,42.885,-78.839,Breaking & Entering
214145,217742,3,42.899,-78.817,Theft
214155,217752,3,42.849,-78.811,Theft
214156,217753,3,42.842,-78.821,Theft
214160,217757,3,42.885,-78.839,Theft
214168,217765,3,42.838,-78.812,Assault
214170,217767,3,42.89,-78.833,Assault
214172,217769,3,42.889,-78.838,Breaking & Entering
214178,217775,3,42.897,-78.817,Assault
214186,217783,3,42.885,-78.812,Breaking & Entering
214187,217784,3,42.874,-78.827,Assault
214194,217791,3,42.895,-78.821,Assault
214196,217793,3,42.859,-78.818,Breaking & Entering
214200,217797,3,42.872,-78.82,Theft
214201,217798,3,42.889,-78.836,Breaking & Entering
214203,217800,3,42.885,-78.811,Assault
214204,217801,3,42.873,-78.821,Breaking & Entering
214214,217811,3,42.838,-78.808,Theft
214218,217815,3,42.841,-78.809,Theft
214222,217819,3,42.854,-78.808,Breaking & Entering
214226,217823,3,42.896,-78.802,Assault
214229,217826,3,42.875,-78.826,Breaking & Entering
214233,217830,3,42.857,-78.829,Theft
214240,217837,3,42.864,-78.819,Homicide
214251,217848,3,42.898,-78.807,Theft
214254,217851,3,42.847,-78.81,Theft
214255,217852,3,42.867,-78.823,Theft
214256,217853,3,42.871,-78.832,Assault
214260,217857,3,42.887,-78.808,Theft of Vehicle
214269,217866,3,42.892,-78.838,Assault
214270,217867,3,42.835,-78.81,Theft
214275,217873,3,42.89,-78.811,Theft
214280,217878,3,42.891,-78.834,Breaking & Entering
214285,217883,3,42.897,-78.817,Robbery
214288,217886,3,42.85,-78.815,Theft
214291,217889,3,42.896,-78.82,Theft
214292,217890,3,42.892,-78.83,Theft
214296,217894,3,42.891,-78.831,Theft
214299,217897,3,42.847,-78.828,Theft
214301,217899,3,42.856,-78.82,Theft
214302,217900,3,42.861,-78.817,Theft
214306,217904,3,42.895,-78.832,Breaking & Entering
214308,217906,3,42.885,-78.807,Sexual Assault
214316,217914,3,42.862,-78.817,Theft
214317,217915,3,42.866,-78.829,Theft
214328,217926,3,42.873,-78.818,Theft
214331,217929,3,42.894,-78.804,Breaking & Entering
214333,217931,3,42.897,-78.816,Homicide
214344,217942,3,42.897,-78.804,Assault
214345,217943,3,42.878,-78.801,Robbery
214347,217945,3,42.867,-78.846,Assault
214350,217948,3,42.894,-78.835,Theft of Vehicle
214356,217955,3,42.856,-78.828,Theft
214358,217957,3,42.897,-78.837,Theft
214371,217970,3,42.895,-78.818,Theft
214375,217974,3,42.878,-78.836,Theft
214376,217975,3,42.858,-78.831,Theft
214378,217977,3,42.866,-78.824,Breaking & Entering
214387,217986,3,42.852,-78.823,Breaking & Entering
214389,217988,3,42.894,-78.837,Theft
214394,217994,3,42.851,-78.82,Theft
214396,217996,3,42.898,-78.838,Breaking & Entering
214414,218014,3,42.879,-78.84,Theft
214424,218024,3,42.894,-78.819,Theft
214426,218026,3,42.897,-78.819,Assault
214429,218029,3,42.847,-78.813,Theft of Vehicle
214432,218033,3,42.859,-78.81,Assault
214433,218034,3,42.892,-78.835,Breaking & Entering
214437,218038,3,42.88,-78.835,Robbery
214452,218053,3,42.854,-78.833,Assault
214457,218058,3,42.86,-78.817,Theft of Vehicle
214461,218062,3,42.838,-78.812,Theft
214462,218063,3,42.855,-78.827,Assault
214466,218067,3,42.892,-78.824,Assault
214468,218069,3,42.897,-78.816,Breaking & Entering
214475,218076,3,42.899,-78.816,Robbery
214476,218077,3,42.873,-78.804,Breaking & Entering
214488,218090,3,42.844,-78.825,Breaking & Entering
214489,218091,3,42.893,-78.837,Theft
214496,218098,3,42.879,-78.841,Theft of Vehicle
214499,218101,3,42.871,-78.812,Theft of Vehicle
214500,218102,3,42.894,-78.804,Robbery
214512,218114,3,42.863,-78.809,Theft of Vehicle
214514,218116,3,42.895,-78.806,Assault
214526,218128,3,42.858,-78.83,Theft
214541,218143,3,42.897,-78.814,Assault
214546,218148,3,42.854,-78.806,Theft
214552,218154,3,42.845,-78.823,Assault
214555,218157,3,42.885,-78.803,Theft
214557,218159,3,42.85,-78.803,Theft
214560,218162,3,42.858,-78.831,Theft
214565,218167,3,42.894,-78.832,Theft
214570,218172,3,42.844,-78.825,Assault
214573,218175,3,42.899,-78.837,Breaking & Entering
214574,218176,3,42.853,-78.832,Assault
214575,218177,3,42.899,-78.818,Breaking & Entering
214576,218178,3,42.87,-78.846,Assault
214577,218179,3,42.874,-78.804,Theft of Vehicle
214579,218181,3,42.845,-78.824,Theft of Vehicle
214586,218188,3,42.855,-78.819,Assault
214594,218196,3,42.883,-78.836,Theft of Vehicle
214601,218203,3,42.898,-78.84,Breaking & Entering
214610,218212,3,42.898,-78.807,Theft
214621,218223,3,42.836,-78.812,Theft
214628,218230,3,42.871,-78.838,Breaking & Entering
214629,218231,3,42.857,-78.805,Breaking & Entering
214634,218236,3,42.886,-78.805,Theft
214635,218237,3,42.855,-78.832,Assault
214637,218239,3,42.894,-78.836,Theft of Vehicle
214646,218248,3,42.896,-78.821,Theft of Vehicle
214652,218254,3,42.895,-78.817,Theft
214653,218255,3,42.842,-78.82,Breaking & Entering
214666,218269,3,42.876,-78.83,Assault
214671,218274,3,42.892,-78.836,Breaking & Entering
214684,218287,3,42.893,-78.829,Assault
214686,218289,3,42.897,-78.817,Robbery
214703,218307,3,42.872,-78.811,Theft
214707,218311,3,42.851,-78.803,Theft
214708,218312,3,42.85,-78.816,Theft
214709,218313,3,42.891,-78.803,Theft of Vehicle
214714,218318,3,42.897,-78.823,Breaking & Entering
214716,218320,3,42.842,-78.824,Assault
214720,218324,3,42.85,-78.831,Theft
214723,218327,3,42.852,-78.82,Assault
214727,218331,3,42.886,-78.805,Breaking & Entering
214730,218334,3,42.898,-78.82,Breaking & Entering
214734,218338,3,42.894,-78.83,Assault
214735,218339,3,42.863,-78.851,Theft
214738,218342,3,42.872,-78.822,Theft
214744,218348,3,42.851,-78.802,Assault
214746,218350,3,42.841,-78.824,Theft
214751,218355,3,42.894,-78.827,Theft
214754,218358,3,42.858,-78.825,Assault
214761,218366,3,42.849,-78.83,Assault
214763,218368,3,42.868,-78.811,Breaking & Entering
214765,218370,3,42.897,-78.805,Theft
214769,218374,3,42.893,-78.829,Theft
214773,218378,3,42.889,-78.81,Breaking & Entering
214776,218381,3,42.859,-78.834,Theft of Vehicle
214794,218399,3,42.884,-78.843,Breaking & Entering
214795,218400,3,42.889,-78.802,Breaking & Entering
214796,218401,3,42.868,-78.848,Breaking & Entering
214798,218403,3,42.858,-78.813,Assault
214799,218404,3,42.849,-78.803,Breaking & Entering
214804,218409,3,42.879,-78.814,Theft
214806,218411,3,42.898,-78.802,Theft
214807,218412,3,42.888,-78.846,Breaking & Entering
214808,218413,3,42.878,-78.836,Theft of Vehicle
214811,218416,3,42.881,-78.834,Breaking & Entering
214814,218419,3,42.843,-78.816,Breaking & Entering
214816,218421,3,42.89,-78.814,Theft
214820,218426,3,42.896,-78.825,Theft
214823,218429,3,42.843,-78.825,Assault
214826,218432,3,42.838,-78.812,Theft
214840,218446,3,42.894,-78.835,Robbery
214842,218448,3,42.866,-78.858,Assault
214844,218450,3,42.898,-78.822,Theft of Vehicle
214852,218458,3,42.87,-78.844,Theft
214858,218464,3,42.867,-78.822,Breaking & Entering
214873,218479,3,42.894,-78.834,Homicide
214874,218480,3,42.886,-78.843,Theft of Vehicle
214882,218488,3,42.857,-78.824,Theft
214885,218491,3,42.896,-78.818,Robbery
214886,218492,3,42.85,-78.825,Theft of Vehicle
214896,218502,3,42.832,-78.823,Theft
214901,218507,3,42.872,-78.803,Theft
214902,218508,3,42.898,-78.807,Theft
214907,218513,3,42.851,-78.806,Assault
214908,218514,3,42.871,-78.835,Assault
214915,218521,3,42.838,-78.824,Robbery
214920,218526,3,42.891,-78.831,Breaking & Entering
214922,218528,3,42.858,-78.825,Theft
214924,218530,3,42.833,-78.824,Robbery
214927,218533,3,42.873,-78.809,Assault
214929,218536,3,42.898,-78.807,Theft
214932,218539,3,42.855,-78.81,Assault
214938,218545,3,42.889,-78.808,Theft
214943,218550,3,42.833,-78.824,Robbery
214945,218552,3,42.892,-78.829,Robbery
214949,218556,3,42.852,-78.806,Theft of Vehicle
214957,218564,3,42.869,-78.811,Breaking & Entering
214959,218566,3,42.882,-78.833,Breaking & Entering
214963,218570,3,42.841,-78.809,Theft
214970,218577,3,42.873,-78.801,Breaking & Entering
214976,218583,3,42.899,-78.817,Sexual Assault
215009,218618,3,42.895,-78.809,Theft
215011,218620,3,42.87,-78.808,Theft
215014,218623,3,42.872,-78.812,Theft
215015,218624,3,42.857,-78.826,Assault
215020,218629,3,42.873,-78.85,Theft
215029,218638,3,42.842,-78.816,Breaking & Entering
215033,218642,3,42.855,-78.828,Assault
215047,218657,3,42.848,-78.824,Theft
215063,218673,3,42.896,-78.836,Breaking & Entering
215068,218678,3,42.898,-78.841,Assault
215080,218690,3,42.896,-78.838,Breaking & Entering
215088,218698,3,42.858,-78.831,Theft
215089,218699,3,42.895,-78.82,Breaking & Entering
215090,218700,3,42.899,-78.816,Theft
215092,218702,3,42.895,-78.803,Breaking & Entering
215094,218704,3,42.842,-78.83,Theft of Vehicle
215098,218708,3,42.834,-78.82,Theft
215102,218712,3,42.886,-78.819,Theft
215110,218720,3,42.833,-78.824,Theft of Vehicle
215111,218721,3,42.839,-78.81,Theft
215117,218727,3,42.843,-78.825,Theft
215121,218731,3,42.855,-78.83,Breaking & Entering
215127,218738,3,42.893,-78.809,Theft
215131,218742,3,42.89,-78.804,Breaking & Entering
215135,218746,3,42.882,-78.836,Assault
215138,218749,3,42.853,-78.82,Assault
215142,218753,3,42.87,-78.806,Assault
215146,218757,3,42.866,-78.821,Theft
215149,218760,3,42.842,-78.827,Assault
215150,218761,3,42.895,-78.827,Assault
215152,218763,3,42.894,-78.822,Assault
215153,218764,3,42.892,-78.84,Theft
215155,218766,3,42.879,-78.835,Theft
215166,218777,3,42.89,-78.804,Breaking & Entering
215171,218782,3,42.898,-78.807,Theft
215174,218785,3,42.889,-78.841,Breaking & Entering
215180,218791,3,42.892,-78.844,Robbery
215184,218795,3,42.857,-78.829,Robbery
215194,218805,3,42.888,-78.841,Assault
215203,218814,3,42.887,-78.804,Theft
215205,218816,3,42.834,-78.807,Theft
215210,218821,3,42.899,-78.82,Sexual Assault
215213,218824,3,42.893,-78.831,Assault
215215,218826,3,42.893,-78.837,Theft
215223,218834,3,42.898,-78.807,Theft
215230,218841,3,42.855,-78.81,Theft
215235,218846,3,42.844,-78.832,Theft
215236,218847,3,42.891,-78.814,Breaking & Entering
215258,218869,3,42.887,-78.815,Breaking & Entering
215262,218873,3,42.852,-78.819,Theft of Vehicle
215263,218874,3,42.876,-78.85,Robbery
215265,218876,3,42.858,-78.831,Theft
215266,218877,3,42.895,-78.83,Theft
215272,218883,3,42.896,-78.806,Theft
215283,218894,3,42.835,-78.824,Breaking & Entering
215284,218895,3,42.859,-78.826,Theft
215295,218906,3,42.839,-78.824,Robbery
215307,218918,3,42.866,-78.829,Breaking & Entering
215320,218931,3,42.849,-78.813,Theft of Vehicle
215323,218934,3,42.855,-78.806,Assault
215326,218937,3,42.856,-78.829,Breaking & Entering
215334,218945,3,42.834,-78.817,Theft
215335,218946,3,42.848,-78.812,Theft
215336,218947,3,42.89,-78.811,Assault
215344,218955,3,42.897,-78.835,Assault
215346,218957,3,42.833,-78.824,Theft
215350,218961,3,42.852,-78.826,Theft
215352,218963,3,42.893,-78.839,Breaking & Entering
215361,218972,3,42.861,-78.82,Assault
215365,218976,3,42.899,-78.838,Homicide
215367,218978,3,42.853,-78.804,Theft
215369,218980,3,42.846,-78.829,Breaking & Entering
215371,218982,3,42.847,-78.824,Assault
215372,218983,3,42.893,-78.839,Assault
215373,218984,3,42.892,-78.806,Assault
215378,218989,3,42.877,-78.826,Theft
215379,218990,3,42.895,-78.803,Breaking & Entering
215384,218995,3,42.867,-78.849,Breaking & Entering
215388,218999,3,42.871,-78.802,Assault
215390,219001,3,42.854,-78.808,Breaking & Entering
215394,219005,3,42.896,-78.814,Assault
215400,219011,3,42.883,-78.84,Breaking & Entering
215409,219020,3,42.891,-78.834,Assault
215412,219023,3,42.895,-78.807,Breaking & Entering
215419,219030,3,42.854,-78.813,Theft
215431,219042,3,42.843,-78.821,Theft
215440,219051,3,42.855,-78.826,Assault
215444,219056,3,42.854,-78.835,Theft
215472,219084,3,42.871,-78.831,Breaking & Entering
215478,219090,3,42.894,-78.809,Theft
215488,219100,3,42.857,-78.808,Theft of Vehicle
215492,219104,3,42.895,-78.835,Theft
215499,219111,3,42.894,-78.823,Theft
215503,219115,3,42.86,-78.825,Robbery
215506,219118,3,42.847,-78.811,Theft
215508,219120,3,42.844,-78.831,Assault
215510,219122,3,42.894,-78.827,Theft
215517,219129,3,42.88,-78.842,Breaking & Entering
215519,219131,3,42.892,-78.834,Assault
215520,219132,3,42.893,-78.839,Theft
215521,219133,3,42.848,-78.824,Theft
215523,219135,3,42.897,-78.804,Theft
215535,219147,3,42.895,-78.806,Assault
215536,219148,3,42.833,-78.802,Theft
215540,219153,3,42.856,-78.823,Theft
215553,219167,3,42.896,-78.817,Theft
215554,219168,3,42.896,-78.835,Assault
215560,219174,3,42.893,-78.839,Sexual Assault
215568,219182,3,42.87,-78.81,Breaking & Entering
215574,219188,3,42.878,-78.84,Robbery
215578,219192,3,42.894,-78.834,Assault
215579,219193,3,42.858,-78.815,Theft
215580,219194,3,42.884,-78.839,Robbery
215586,219200,3,42.885,-78.839,Theft
215594,219208,3,42.896,-78.816,Breaking & Entering
215595,219209,3,42.855,-78.811,Assault
215596,219210,3,42.898,-78.818,Theft of Vehicle
215600,219214,3,42.872,-78.804,Theft
215603,219217,3,42.839,-78.857,Robbery
215610,219224,3,42.897,-78.82,Breaking & Entering
215613,219227,3,42.85,-78.823,Assault
215618,219232,3,42.868,-78.808,Theft of Vehicle
215624,219238,3,42.838,-78.826,Theft
215626,219240,3,42.897,-78.803,Theft of Vehicle
215627,219241,3,42.852,-78.828,Theft of Vehicle
215632,219246,3,42.863,-78.819,Theft of Vehicle
215639,219253,3,42.886,-78.803,Assault
215640,219254,3,42.861,-78.819,Breaking & Entering
215643,219257,3,42.896,-78.819,Assault
215650,219264,3,42.846,-78.821,Robbery
215667,219281,3,42.846,-78.825,Theft
215672,219286,3,42.836,-78.825,Breaking & Entering
215675,219289,3,42.869,-78.847,Theft of Vehicle
215684,219298,3,42.888,-78.812,Breaking & Entering
215692,219306,3,42.893,-78.83,Breaking & Entering
215699,219313,3,42.877,-78.841,Breaking & Entering
215711,219325,3,42.884,-78.833,Theft
215721,219335,3,42.846,-78.823,Breaking & Entering
215727,219341,3,42.854,-78.828,Theft
215731,219345,3,42.844,-78.815,Theft
215744,219358,3,42.855,-78.827,Theft
215746,219360,3,42.895,-78.822,Breaking & Entering
215749,219363,3,42.877,-78.827,Theft
215751,219365,3,42.859,-78.816,Theft
215752,219366,3,42.877,-78.81,Theft
215758,219372,3,42.849,-78.823,Theft
215765,219379,3,42.876,-78.815,Theft
215773,219387,3,42.851,-78.827,Assault
215775,219389,3,42.878,-78.801,Theft
215782,219396,3,42.845,-78.824,Theft
215786,219400,3,42.842,-78.83,Sexual Assault
215787,219401,3,42.869,-78.809,Theft
215800,219414,3,42.894,-78.838,Assault
215817,219431,3,42.875,-78.831,Theft
215821,219435,3,42.851,-78.831,Theft
215823,219437,3,42.876,-78.83,Breaking & Entering
215824,219438,3,42.883,-78.808,Theft
215833,219447,3,42.85,-78.811,Theft
215835,219449,3,42.867,-78.805,Theft
215837,219451,3,42.856,-78.811,Assault
215838,219452,3,42.858,-78.833,Theft
215841,219455,3,42.889,-78.811,Theft of Vehicle
215849,219464,3,42.897,-78.824,Breaking & Entering
215851,219466,3,42.897,-78.826,Breaking & Entering
215861,219476,3,42.854,-78.833,Theft
215868,219483,3,42.848,-78.823,Theft
215869,219484,3,42.89,-78.814,Theft
215872,219487,3,42.888,-78.838,Breaking & Entering
215873,219488,3,42.878,-78.836,Assault
215876,219491,3,42.892,-78.826,Breaking & Entering
215877,219492,3,42.897,-78.822,Theft
215879,219494,3,42.88,-78.844,Assault
215885,219500,3,42.891,-78.834,Theft
215886,219501,3,42.872,-78.812,Theft
215896,219513,3,42.859,-78.824,Theft
215898,219515,3,42.87,-78.834,Assault
215911,219530,3,42.899,-78.817,Breaking & Entering
215917,219536,3,42.898,-78.815,Breaking & Entering
215927,219547,3,42.895,-78.825,Breaking & Entering
215931,219551,3,42.845,-78.828,Theft
215938,219558,3,42.861,-78.818,Theft
215939,219559,3,42.897,-78.816,Assault
215945,219565,3,42.867,-78.85,Breaking & Entering
215952,219572,3,42.857,-78.813,Breaking & Entering
215957,219578,3,42.898,-78.807,Theft
215958,219579,3,42.876,-78.827,Assault
215962,219583,3,42.877,-78.828,Theft of Vehicle
215965,219586,3,42.875,-78.802,Theft
215968,219589,3,42.888,-78.8,Breaking & Entering
215977,219598,3,42.893,-78.808,Theft
215984,219605,3,42.885,-78.839,Theft of Vehicle
215992,219613,3,42.89,-78.814,Theft of Vehicle
215993,219614,3,42.843,-78.804,Theft
215995,219616,3,42.836,-78.807,Theft
216001,219622,3,42.869,-78.809,Breaking & Entering
216005,219626,3,42.885,-78.804,Theft
216009,219630,3,42.856,-78.828,Assault
216013,219634,3,42.894,-78.835,Assault
216018,219639,3,42.848,-78.832,Theft
216019,219640,3,42.895,-78.832,Assault
216022,219643,3,42.892,-78.823,Theft of Vehicle
216023,219644,3,42.845,-78.813,Breaking & Entering
216035,219656,3,42.855,-78.81,Robbery
216036,219657,3,42.848,-78.824,Breaking & Entering
216045,219666,3,42.898,-78.807,Theft
216046,219667,3,42.853,-78.832,Assault
216047,219668,3,42.845,-78.801,Breaking & Entering
216052,219673,3,42.855,-78.81,Assault
216061,219683,3,42.889,-78.81,Theft
216071,219693,3,42.892,-78.808,Breaking & Entering
216077,219699,3,42.856,-78.813,Theft
216084,219707,3,42.896,-78.832,Other Sexual Offense
216087,219710,3,42.893,-78.825,Assault
216099,219722,3,42.884,-78.839,Theft of Vehicle
216113,219736,3,42.893,-78.806,Assault
216117,219740,3,42.853,-78.813,Assault
216118,219741,3,42.837,-78.805,Theft
216119,219742,3,42.848,-78.824,Theft
216123,219746,3,42.884,-78.845,Theft
216126,219749,3,42.891,-78.833,Theft
216137,219760,3,42.873,-78.809,Theft
216142,219765,3,42.883,-78.839,Theft
216147,219770,3,42.881,-78.801,Theft
216151,219774,3,42.849,-78.824,Robbery
216161,219784,3,42.833,-78.824,Theft
216163,219786,3,42.898,-78.831,Breaking & Entering
216164,219787,3,42.867,-78.808,Assault
216169,219792,3,42.855,-78.811,Breaking & Entering
216173,219796,3,42.891,-78.83,Assault
216177,219800,3,42.839,-78.804,Assault
216178,219801,3,42.893,-78.832,Assault
216184,219807,3,42.898,-78.807,Theft
216200,219823,3,42.895,-78.825,Theft
216205,219828,3,42.857,-78.831,Theft
216208,219831,3,42.885,-78.84,Theft of Vehicle
216211,219834,3,42.895,-78.83,Theft
216223,219847,3,42.855,-78.809,Assault
216227,219851,3,42.866,-78.825,Theft
216229,219853,3,42.868,-78.85,Theft
216233,219857,3,42.834,-78.816,Assault
216236,219860,3,42.861,-78.821,Assault
216246,219870,3,42.894,-78.838,Assault
216253,219877,3,42.856,-78.811,Theft
216255,219879,3,42.87,-78.849,Assault
216262,219887,3,42.887,-78.807,Assault
216271,219896,3,42.896,-78.821,Assault
216274,219899,3,42.856,-78.828,Assault
216291,219916,3,42.88,-78.839,Breaking & Entering
216294,219919,3,42.898,-78.815,Robbery
216297,219922,3,42.896,-78.8,Breaking & Entering
216317,219942,3,42.85,-78.832,Breaking & Entering
216318,219943,3,42.851,-78.809,Breaking & Entering
216320,219945,3,42.875,-78.85,Robbery
216321,219946,3,42.887,-78.84,Breaking & Entering
216333,219959,3,42.897,-78.82,Breaking & Entering
216337,219963,3,42.885,-78.814,Breaking & Entering
216343,219969,3,42.856,-78.821,Theft
216350,219977,3,42.845,-78.824,Theft
216363,219990,3,42.881,-78.835,Breaking & Entering
216371,219999,3,42.894,-78.82,Assault
216379,220007,3,42.868,-78.849,Theft
216384,220012,3,42.847,-78.824,Theft
216389,220017,3,42.834,-78.813,Theft
216398,220026,3,42.843,-78.82,Theft of Vehicle
216404,220032,3,42.837,-78.809,Breaking & Entering
216418,220047,3,42.885,-78.814,Theft of Vehicle
216431,220060,3,42.845,-78.809,Assault
216432,220061,3,42.844,-78.822,Assault
216433,220062,3,42.896,-78.818,Robbery
216436,220065,3,42.879,-78.849,Assault
216445,220074,3,42.898,-78.838,Theft
216446,220075,3,42.854,-78.828,Breaking & Entering
216449,220078,3,42.862,-78.814,Breaking & Entering
216452,220081,3,42.888,-78.814,Theft
216454,220083,3,42.871,-78.805,Breaking & Entering
216462,220091,3,42.853,-78.811,Theft
216463,220092,3,42.839,-78.831,Theft
216474,220103,3,42.881,-78.835,Breaking & Entering
216475,220104,3,42.859,-78.826,Assault
216482,220111,3,42.837,-78.815,Theft
216486,220115,3,42.839,-78.808,Theft
216489,220118,3,42.847,-78.822,Theft of Vehicle
216491,220120,3,42.861,-78.806,Sexual Assault
216494,220123,3,42.897,-78.814,Robbery
216506,220135,3,42.891,-78.8,Assault
216509,220138,3,42.893,-78.843,Robbery
216516,220145,3,42.859,-78.815,Breaking & Entering
216519,220148,3,42.892,-78.806,Assault
216520,220149,3,42.851,-78.824,Theft
216527,220156,3,42.88,-78.84,Assault
216543,220173,3,42.875,-78.807,Theft of Vehicle
216554,220185,3,42.846,-78.802,Assault
216555,220186,3,42.877,-78.851,Assault
216560,220192,3,42.852,-78.826,Theft
216564,220196,3,42.897,-78.814,Robbery
216573,220205,3,42.854,-78.807,Theft
216574,220206,3,42.854,-78.808,Theft
216585,220217,3,42.874,-78.803,Theft of Vehicle
216587,220219,3,42.878,-78.801,Theft
216588,220220,3,42.857,-78.812,Theft
216602,220234,3,42.833,-78.822,Theft
216604,220236,3,42.891,-78.832,Assault
216615,220247,3,42.857,-78.814,Assault
216619,220251,3,42.896,-78.825,Breaking & Entering
216629,220261,3,42.849,-78.803,Assault
216634,220266,3,42.893,-78.839,Breaking & Entering
216645,220277,3,42.887,-78.837,Assault
216653,220285,3,42.859,-78.813,Breaking & Entering
216658,220290,3,42.846,-78.801,Breaking & Entering
216662,220294,3,42.896,-78.836,Theft
216682,220314,3,42.857,-78.813,Theft
216684,220316,3,42.895,-78.826,Breaking & Entering
216697,220329,3,42.836,-78.831,Theft
216703,220335,3,42.893,-78.827,Assault
216705,220337,3,42.841,-78.825,Assault
216706,220338,3,42.848,-78.832,Theft
216715,220347,3,42.891,-78.806,Other Sexual Offense
216720,220352,3,42.894,-78.807,Assault
216721,220353,3,42.893,-78.834,Assault
216729,220361,3,42.894,-78.836,Breaking & Entering
216734,220366,3,42.89,-78.802,Theft
216736,220368,3,42.837,-78.824,Theft
216753,220386,3,42.884,-78.839,Theft
216756,220389,3,42.896,-78.832,Assault
216773,220406,3,42.879,-78.841,Theft
216787,220420,3,42.843,-78.819,Assault
216790,220423,3,42.839,-78.816,Theft
216808,220441,3,42.861,-78.814,Theft
216809,220442,3,42.897,-78.819,Theft
216811,220444,3,42.849,-78.814,Assault
216820,220453,3,42.898,-78.838,Breaking & Entering
216822,220455,3,42.859,-78.813,Breaking & Entering
216823,220456,3,42.873,-78.801,Breaking & Entering
216830,220463,3,42.885,-78.825,Breaking & Entering
216832,220465,3,42.841,-78.825,Breaking & Entering
216847,220480,3,42.848,-78.812,Assault
216852,220485,3,42.872,-78.808,Breaking & Entering
216857,220490,3,42.858,-78.812,Theft
216861,220494,3,42.855,-78.825,Assault
216872,220505,3,42.881,-78.841,Assault
216876,220509,3,42.86,-78.815,Breaking & Entering
216888,220521,3,42.896,-78.816,Theft of Vehicle
216890,220523,3,42.886,-78.839,Sexual Assault
216891,220524,3,42.896,-78.824,Theft of Vehicle
216897,220530,3,42.867,-78.85,Theft of Vehicle
216903,220536,3,42.847,-78.817,Assault
216908,220541,3,42.896,-78.816,Breaking & Entering
216914,220547,3,42.893,-78.821,Theft
216921,220554,3,42.889,-78.808,Theft
216929,220562,3,42.856,-78.809,Theft
216947,220581,3,42.869,-78.808,Theft
216957,220591,3,42.899,-78.832,Theft
216958,220592,3,42.845,-78.824,Theft
216959,220593,3,42.834,-78.816,Assault
216965,220599,3,42.89,-78.838,Theft
216982,220617,3,42.893,-78.839,Robbery
216983,220618,3,42.882,-78.801,Theft
216984,220619,3,42.837,-78.826,Theft
216985,220620,3,42.895,-78.804,Theft
216987,220622,3,42.891,-78.814,Assault
216992,220627,3,42.838,-78.825,Assault
216993,220628,3,42.896,-78.82,Breaking & Entering
216994,220629,3,42.838,-78.808,Theft of Vehicle
216997,220632,3,42.893,-78.837,Theft
217000,220635,3,42.847,-78.833,Theft
217002,220637,3,42.864,-78.816,Breaking & Entering
217014,220650,3,42.87,-78.85,Breaking & Entering
217019,220655,3,42.859,-78.815,Theft
217023,220659,3,42.856,-78.813,Theft
217029,220665,3,42.892,-78.84,Theft
217053,220689,3,42.839,-78.857,Assault
217057,220693,3,42.855,-78.825,Breaking & Entering
217063,220699,3,42.895,-78.827,Assault
217065,220701,3,42.866,-78.823,Assault
217070,220706,3,42.872,-78.82,Theft
217076,220712,3,42.89,-78.836,Breaking & Entering
217079,220715,3,42.896,-78.833,Theft
217084,220720,3,42.89,-78.814,Sexual Assault
217085,220721,3,42.885,-78.845,Breaking & Entering
217086,220722,3,42.858,-78.819,Assault
217090,220726,3,42.883,-78.849,Theft
217091,220727,3,42.898,-78.831,Breaking & Entering
217097,220733,3,42.897,-78.814,Assault
217099,220736,3,42.859,-78.822,Theft
217104,220741,3,42.858,-78.807,Breaking & Entering
217113,220750,3,42.849,-78.802,Assault
217115,220752,3,42.872,-78.843,Theft
217117,220754,3,42.858,-78.831,Theft
217126,220763,3,42.851,-78.83,Assault
217133,220770,3,42.852,-78.806,Theft
217135,220772,3,42.856,-78.809,Assault
217141,220778,3,42.849,-78.83,Theft
217146,220783,3,42.888,-78.809,Assault
217155,220792,3,42.837,-78.824,Theft
217158,220795,3,42.896,-78.824,Theft
217159,220796,3,42.891,-78.826,Theft
217175,220812,3,42.882,-78.834,Theft
217193,220830,3,42.898,-78.83,Assault
217194,220831,3,42.881,-78.801,Theft
217203,220840,3,42.86,-78.822,Other Sexual Offense
217209,220846,3,42.889,-78.806,Theft
217220,220857,3,42.875,-78.809,Assault
217222,220859,3,42.894,-78.843,Breaking & Entering
217225,220862,3,42.894,-78.824,Homicide
217237,220874,3,42.898,-78.807,Theft
217238,220875,3,42.897,-78.838,Theft
217241,220878,3,42.847,-78.825,Theft
217242,220879,3,42.854,-78.81,Theft
217244,220881,3,42.857,-78.812,Theft
217248,220885,3,42.856,-78.824,Theft
217249,220886,3,42.896,-78.834,Breaking & Entering
217252,220889,3,42.86,-78.825,Theft
217255,220892,3,42.873,-78.806,Assault
217266,220903,3,42.837,-78.823,Assault
217270,220907,3,42.87,-78.811,Theft of Vehicle
217282,220919,3,42.892,-78.806,Breaking & Entering
217285,220922,3,42.882,-78.834,Theft
217308,220945,3,42.886,-78.838,Theft of Vehicle
217312,220949,3,42.892,-78.802,Breaking & Entering
217315,220952,3,42.894,-78.833,Theft
217320,220957,3,42.851,-78.803,Theft
217322,220959,3,42.868,-78.848,Assault
217324,220961,3,42.896,-78.836,Breaking & Entering
217327,220964,3,42.838,-78.807,Theft of Vehicle
217336,220974,3,42.89,-78.811,Assault
217337,220975,3,42.887,-78.8,Theft
217342,220980,3,42.842,-78.824,Theft
217348,220986,3,42.841,-78.816,Theft of Vehicle
217349,220987,3,42.885,-78.844,Assault
217359,220997,3,42.858,-78.813,Theft
217360,220998,3,42.893,-78.824,Assault
217361,220999,3,42.895,-78.824,Theft
217362,221000,3,42.849,-78.811,Theft
217366,221004,3,42.858,-78.825,Theft
217374,221013,3,42.833,-78.82,Theft
217380,221019,3,42.888,-78.8,Robbery
217382,221021,3,42.897,-78.821,Breaking & Entering
217386,221025,3,42.87,-78.834,Assault
217393,221032,3,42.842,-78.822,Assault
217400,221039,3,42.885,-78.842,Assault
217411,221050,3,42.895,-78.835,Assault
217412,221051,3,42.879,-78.832,Breaking & Entering
217413,221052,3,42.892,-78.807,Assault
217417,221056,3,42.858,-78.813,Assault
217418,221057,3,42.89,-78.815,Theft of Vehicle
217419,221058,3,42.891,-78.812,Assault
217422,221061,3,42.848,-78.812,Theft
217423,221062,3,42.876,-78.846,Breaking & Entering
217430,221069,3,42.896,-78.836,Robbery
217431,221070,3,42.871,-78.81,Breaking & Entering
217435,221074,3,42.845,-78.828,Theft
217439,221078,3,42.865,-78.823,Theft
217440,221079,3,42.863,-78.82,Assault
217441,221080,3,42.832,-78.801,Assault
217450,221089,3,42.891,-78.83,Other Sexual Offense
217451,221090,3,42.897,-78.819,Breaking & Entering
217465,221105,3,42.882,-78.84,Breaking & Entering
217471,221111,3,42.897,-78.82,Breaking & Entering
217479,221119,3,42.872,-78.806,Theft
217506,221147,3,42.89,-78.835,Theft
217509,221150,3,42.859,-78.825,Theft
217518,221159,3,42.898,-78.823,Breaking & Entering
217521,221162,3,42.87,-78.851,Assault
217524,221165,3,42.896,-78.831,Assault
217525,221166,3,42.895,-78.825,Breaking & Entering
217540,221183,3,42.848,-78.824,Breaking & Entering
217545,221188,3,42.875,-78.825,Theft
217549,221192,3,42.897,-78.825,Assault
217556,221199,3,42.889,-78.843,Theft
217560,221203,3,42.841,-78.824,Theft
217563,221206,3,42.891,-78.836,Assault
217575,221218,3,42.891,-78.843,Theft
217578,221221,3,42.857,-78.814,Theft
217582,221225,3,42.891,-78.803,Assault
217604,221248,3,42.858,-78.813,Theft
217607,221251,3,42.845,-78.831,Theft
217612,221256,3,42.89,-78.833,Theft
217613,221257,3,42.892,-78.834,Breaking & Entering
217614,221258,3,42.875,-78.85,Theft
217624,221268,3,42.858,-78.811,Theft
217651,221296,3,42.888,-78.808,Theft
217652,221297,3,42.862,-78.811,Theft
217653,221298,3,42.898,-78.807,Theft
217660,221305,3,42.858,-78.818,Breaking & Entering
217670,221315,3,42.876,-78.852,Theft
217673,221318,3,42.892,-78.834,Assault
217688,221333,3,42.848,-78.827,Assault
217698,221343,3,42.884,-78.841,Assault
217700,221345,3,42.899,-78.81,Theft
217701,221346,3,42.854,-78.819,Theft of Vehicle
217707,221352,3,42.896,-78.824,Breaking & Entering
217713,221358,3,42.846,-78.82,Theft
217717,221362,3,42.885,-78.847,Robbery
217718,221363,3,42.854,-78.807,Theft
217719,221364,3,42.833,-78.824,Theft
217722,221367,3,42.875,-78.806,Breaking & Entering
217728,221373,3,42.88,-78.842,Theft
217732,221377,3,42.894,-78.826,Assault
217737,221382,3,42.866,-78.829,Theft
217739,221384,3,42.854,-78.82,Theft
217747,221392,3,42.872,-78.812,Breaking & Entering
217750,221395,3,42.866,-78.849,Theft
217755,221400,3,42.898,-78.82,Theft
217759,221404,3,42.857,-78.811,Theft
217792,221437,3,42.855,-78.828,Robbery
217793,221438,3,42.887,-78.812,Breaking & Entering
217796,221441,3,42.882,-78.841,Assault
217803,221448,3,42.897,-78.84,Assault
217814,221459,3,42.898,-78.807,Theft
217822,221468,3,42.89,-78.802,Assault
217826,221472,3,42.896,-78.825,Assault
217831,221477,3,42.877,-78.814,Theft
217832,221478,3,42.858,-78.811,Assault
217841,221487,3,42.886,-78.806,Theft
217843,221489,3,42.837,-78.804,Theft
217849,221495,3,42.855,-78.816,Assault
217853,221499,3,42.892,-78.838,Breaking & Entering
217857,221503,3,42.889,-78.836,Other Sexual Offense
217861,221507,3,42.844,-78.824,Theft
217862,221508,3,42.897,-78.83,Other Sexual Offense
217864,221510,3,42.896,-78.824,Theft
217871,221518,3,42.857,-78.826,Theft
217875,221522,3,42.869,-78.805,Theft
217886,221533,3,42.875,-78.826,Theft of Vehicle
217896,221544,3,42.835,-78.823,Assault
217898,221546,3,42.891,-78.831,Theft
217901,221549,3,42.872,-78.806,Assault
217907,221556,3,42.886,-78.802,Theft
217914,221563,3,42.856,-78.81,Theft of Vehicle
217916,221565,3,42.899,-78.819,Assault
217918,221567,3,42.878,-78.847,Robbery
217930,221579,3,42.881,-78.802,Assault
217940,221589,3,42.841,-78.824,Theft
217943,221592,3,42.848,-78.823,Assault
217948,221597,3,42.868,-78.81,Theft
217950,221599,3,42.885,-78.803,Assault
217956,221605,3,42.848,-78.812,Theft
217958,221607,3,42.856,-78.823,Breaking & Entering
217959,221608,3,42.853,-78.815,Theft
217963,221612,3,42.865,-78.825,Other Sexual Offense
217964,221613,3,42.862,-78.812,Assault
217965,221614,3,42.894,-78.835,Robbery
217966,221615,3,42.841,-78.816,Theft
217967,221616,3,42.86,-78.812,Sexual Assault
217973,221622,3,42.87,-78.805,Theft
217974,221623,3,42.89,-78.801,Breaking & Entering
217984,221633,3,42.89,-78.831,Assault
217988,221637,3,42.854,-78.816,Theft
217991,221640,3,42.873,-78.809,Breaking & Entering
217995,221644,3,42.898,-78.8,Theft
217997,221646,3,42.851,-78.806,Theft
218001,221650,3,42.897,-78.826,Robbery
218008,221657,3,42.856,-78.818,Theft
218018,221667,3,42.876,-78.826,Theft
218019,221668,3,42.848,-78.824,Theft
218027,221676,3,42.858,-78.813,Theft
218028,221677,3,42.872,-78.806,Theft
218034,221683,3,42.896,-78.834,Theft
218039,221688,3,42.87,-78.808,Assault
218047,221696,3,42.89,-78.832,Theft
218048,221697,3,42.848,-78.819,Theft
218049,221698,3,42.891,-78.837,Breaking & Entering
218052,221701,3,42.871,-78.84,Theft
218078,221727,3,42.841,-78.825,Theft of Vehicle
218083,221732,3,42.872,-78.831,Assault
218085,221734,3,42.84,-78.813,Breaking & Entering
218090,221739,3,42.858,-78.813,Theft
218093,221742,3,42.893,-78.839,Breaking & Entering
218095,221744,3,42.897,-78.833,Theft
218099,221748,3,42.897,-78.809,Assault
218102,221751,3,42.876,-78.824,Theft
218105,221754,3,42.889,-78.807,Breaking & Entering
218111,221760,3,42.895,-78.809,Breaking & Entering
218123,221772,3,42.873,-78.811,Theft
218125,221774,3,42.892,-78.813,Theft
218135,221786,3,42.885,-78.805,Breaking & Entering
218137,221788,3,42.869,-78.831,Breaking & Entering
218143,221794,3,42.897,-78.82,Breaking & Entering
218155,221806,3,42.888,-78.8,Assault
218162,221813,3,42.887,-78.816,Assault
218166,221817,3,42.87,-78.834,Breaking & Entering
218168,221819,3,42.856,-78.837,Breaking & Entering
218169,221820,3,42.886,-78.803,Theft
218171,221822,3,42.896,-78.839,Breaking & Entering
218176,221827,3,42.867,-78.846,Theft
218187,221839,3,42.845,-78.824,Other Sexual Offense
218194,221846,3,42.853,-78.809,Theft
218197,221849,3,42.85,-78.801,Assault
218214,221866,3,42.868,-78.849,Sexual Assault
218217,221869,3,42.892,-78.844,Assault
218219,221871,3,42.893,-78.837,Theft
218222,221874,3,42.879,-78.833,Theft
218227,221879,3,42.857,-78.812,Theft
218228,221880,3,42.837,-78.82,Assault
218235,221887,3,42.892,-78.832,Robbery
218238,221890,3,42.857,-78.812,Theft
218258,221910,3,42.837,-78.83,Theft
218263,221915,3,42.893,-78.805,Theft
218266,221918,3,42.833,-78.824,Theft
218268,221920,3,42.873,-78.806,Theft
218273,221925,3,42.898,-78.807,Theft
218274,221926,3,42.894,-78.808,Assault
218277,221929,3,42.888,-78.837,Assault
218286,221938,3,42.897,-78.805,Breaking & Entering
218287,221939,3,42.854,-78.82,Other Sexual Offense
218295,221947,3,42.841,-78.824,Theft
218305,221957,3,42.873,-78.801,Breaking & Entering
218310,221962,3,42.855,-78.826,Theft
218316,221968,3,42.878,-78.849,Robbery
218326,221978,3,42.855,-78.81,Theft
218343,221995,3,42.857,-78.829,Robbery
218353,222005,3,42.881,-78.843,Assault
218356,222008,3,42.856,-78.834,Theft of Vehicle
218361,222013,3,42.848,-78.822,Theft
218362,222014,3,42.84,-78.82,Theft
218366,222018,3,42.895,-78.829,Assault
218384,222036,3,42.896,-78.838,Assault
218387,222039,3,42.87,-78.807,Assault
218402,222054,3,42.858,-78.81,Theft
218407,222059,3,42.897,-78.814,Theft
218411,222063,3,42.898,-78.815,Theft
218414,222066,3,42.857,-78.808,Breaking & Entering
218415,222067,3,42.891,-78.832,Breaking & Entering
218416,222068,3,42.86,-78.82,Breaking & Entering
218421,222073,3,42.898,-78.806,Theft
218425,222077,3,42.853,-78.815,Theft of Vehicle
218436,222088,3,42.871,-78.834,Theft
218451,222103,3,42.893,-78.839,Theft
218453,222105,3,42.873,-78.806,Theft
218461,222113,3,42.881,-78.832,Assault
218462,222114,3,42.868,-78.848,Theft of Vehicle
218484,222137,3,42.898,-78.822,Breaking & Entering
218486,222139,3,42.836,-78.828,Theft
218494,222147,3,42.897,-78.819,Robbery
218502,222155,3,42.857,-78.825,Theft
218506,222159,3,42.891,-78.843,Breaking & Entering
218510,222163,3,42.856,-78.81,Assault
218520,222173,3,42.853,-78.81,Theft
218534,222187,3,42.852,-78.823,Assault
218537,222190,3,42.877,-78.845,Breaking & Entering
218548,222201,3,42.872,-78.853,Theft
218553,222206,3,42.898,-78.807,Theft
218554,222207,3,42.896,-78.825,Assault
218561,222214,3,42.837,-78.817,Breaking & Entering
218566,222219,3,42.844,-78.808,Breaking & Entering
218586,222239,3,42.886,-78.842,Robbery
218588,222241,3,42.891,-78.808,Breaking & Entering
218590,222243,3,42.889,-78.808,Theft
218592,222245,3,42.857,-78.808,Assault
218593,222246,3,42.899,-78.816,Theft
218600,222253,3,42.859,-78.815,Theft
218615,222268,3,42.871,-78.834,Assault
218616,222269,3,42.891,-78.84,Breaking & Entering
218617,222270,3,42.855,-78.829,Breaking & Entering
218619,222272,3,42.855,-78.834,Theft
218642,222295,3,42.893,-78.831,Breaking & Entering
218650,222303,3,42.848,-78.812,Assault
218656,222309,3,42.894,-78.827,Assault
218657,222310,3,42.844,-78.825,Assault
218666,222320,3,42.896,-78.816,Assault
218671,222325,3,42.896,-78.821,Robbery
218687,222341,3,42.842,-78.827,Theft
218720,222375,3,42.866,-78.848,Theft
218721,222376,3,42.851,-78.828,Theft
218725,222380,3,42.865,-78.824,Theft of Vehicle
218731,222386,3,42.852,-78.809,Theft
218738,222393,3,42.893,-78.839,Breaking & Entering
218762,222417,3,42.863,-78.819,Breaking & Entering
218769,222424,3,42.891,-78.832,Assault
218774,222429,3,42.874,-78.817,Theft
218778,222433,3,42.862,-78.813,Theft of Vehicle
218793,222449,3,42.873,-78.805,Breaking & Entering
218797,222453,3,42.836,-78.807,Breaking & Entering
218803,222459,3,42.87,-78.846,Breaking & Entering
218815,222471,3,42.89,-78.84,Theft
218824,222480,3,42.897,-78.84,Theft
218829,222485,3,42.842,-78.805,Breaking & Entering
218837,222493,3,42.899,-78.832,Theft
218838,222494,3,42.873,-78.818,Theft
218845,222501,3,42.895,-78.809,Assault
218846,222502,3,42.859,-78.809,Theft
218851,222507,3,42.898,-78.807,Theft
218852,222508,3,42.851,-78.806,Theft
218855,222511,3,42.898,-78.836,Theft of Vehicle
218856,222512,3,42.881,-78.836,Breaking & Entering
218858,222514,3,42.858,-78.815,Breaking & Entering
218859,222515,3,42.89,-78.801,Robbery
218862,222518,3,42.877,-78.816,Breaking & Entering
218866,222522,3,42.894,-78.823,Breaking & Entering
218868,222524,3,42.894,-78.835,Theft
218870,222526,3,42.862,-78.816,Assault
218873,222529,3,42.849,-78.823,Theft
218894,222551,3,42.871,-78.839,Theft
218903,222560,3,42.894,-78.821,Theft
218905,222562,3,42.857,-78.829,Theft
218913,222570,3,42.885,-78.815,Breaking & Entering
218917,222574,3,42.857,-78.812,Theft
218918,222575,3,42.89,-78.84,Assault
218919,222576,3,42.893,-78.83,Breaking & Entering
218928,222585,3,42.893,-78.843,Theft
218930,222587,3,42.888,-78.841,Theft
218933,222590,3,42.875,-78.806,Theft
218939,222596,3,42.894,-78.825,Homicide
218943,222600,3,42.855,-78.811,Assault
218952,222609,3,42.891,-78.814,Assault
218953,222610,3,42.853,-78.819,Breaking & Entering
218956,222613,3,42.847,-78.825,Breaking & Entering
218969,222627,3,42.867,-78.805,Theft
218972,222630,3,42.887,-78.801,Sexual Assault
218973,222631,3,42.851,-78.806,Assault
218989,222647,3,42.895,-78.833,Theft of Vehicle
218990,222648,3,42.873,-78.806,Theft
218997,222655,3,42.857,-78.812,Theft
218999,222657,3,42.899,-78.819,Assault
219003,222661,3,42.868,-78.808,Theft of Vehicle
219026,222684,3,42.844,-78.83,Theft
219027,222685,3,42.849,-78.813,Theft
219034,222692,3,42.848,-78.812,Assault
219038,222696,3,42.841,-78.82,Assault
219040,222699,3,42.871,-78.852,Breaking & Entering
219042,222701,3,42.889,-78.808,Theft of Vehicle
219043,222702,3,42.875,-78.832,Theft
219054,222713,3,42.852,-78.805,Theft
219066,222726,3,42.856,-78.817,Assault
219077,222737,3,42.885,-78.839,Breaking & Entering
219080,222740,3,42.858,-78.814,Theft
219093,222753,3,42.891,-78.84,Breaking & Entering
219098,222758,3,42.892,-78.81,Assault
219105,222765,3,42.835,-78.824,Theft
219107,222768,3,42.871,-78.807,Theft of Vehicle
219124,222785,3,42.853,-78.831,Robbery
219131,222792,3,42.844,-78.822,Theft of Vehicle
219138,222799,3,42.859,-78.833,Theft
219140,222801,3,42.871,-78.831,Robbery
219141,222802,3,42.878,-78.802,Breaking & Entering
219142,222803,3,42.847,-78.818,Assault
219145,222806,3,42.858,-78.832,Theft of Vehicle
219147,222808,3,42.893,-78.821,Assault
219152,222813,3,42.842,-78.821,Theft
219154,222815,3,42.853,-78.82,Assault
219167,222828,3,42.881,-78.849,Breaking & Entering
219169,222830,3,42.845,-78.826,Assault
219179,222840,3,42.858,-78.821,Breaking & Entering
219185,222846,3,42.855,-78.806,Breaking & Entering
219187,222848,3,42.855,-78.833,Robbery
219189,222850,3,42.858,-78.831,Theft
219190,222851,3,42.889,-78.843,Breaking & Entering
219195,222856,3,42.873,-78.827,Breaking & Entering
219205,222866,3,42.884,-78.847,Theft
219218,222879,3,42.898,-78.807,Theft
219229,222890,3,42.857,-78.812,Theft
219259,222920,3,42.888,-78.839,Theft
219260,222921,3,42.873,-78.818,Breaking & Entering
219266,222927,3,42.833,-78.822,Theft
219267,222928,3,42.847,-78.827,Theft
219269,222931,3,42.834,-78.818,Theft
219272,222934,3,42.857,-78.806,Assault
219273,222935,3,42.897,-78.83,Theft of Vehicle
219279,222941,3,42.893,-78.837,Theft
219292,222954,3,42.875,-78.804,Theft of Vehicle
219301,222963,3,42.865,-78.826,Theft
219305,222967,3,42.886,-78.841,Robbery
219306,222968,3,42.89,-78.811,Breaking & Entering
219308,222970,3,42.851,-78.806,Theft
219320,222983,3,42.899,-78.84,Assault
219326,222989,3,42.853,-78.806,Theft
219332,222995,3,42.894,-78.803,Theft of Vehicle
219335,222998,3,42.85,-78.816,Theft
219343,223006,3,42.852,-78.823,Theft of Vehicle
219368,223031,3,42.868,-78.849,Assault
219372,223035,3,42.843,-78.824,Theft
219376,223039,3,42.893,-78.837,Theft
219384,223047,3,42.848,-78.815,Breaking & Entering
219385,223048,3,42.856,-78.825,Theft
219388,223051,3,42.894,-78.837,Sexual Assault
219393,223056,3,42.871,-78.835,Assault
219396,223059,3,42.887,-78.805,Theft of Vehicle
219400,223063,3,42.85,-78.831,Assault
219402,223065,3,42.875,-78.843,Breaking & Entering
219413,223076,3,42.844,-78.823,Theft
219423,223086,3,42.851,-78.81,Assault
219437,223101,3,42.886,-78.82,Theft
219438,223102,3,42.869,-78.832,Theft
219441,223106,3,42.897,-78.814,Theft
219443,223108,3,42.845,-78.823,Breaking & Entering
219454,223119,3,42.842,-78.812,Theft
219465,223130,3,42.896,-78.822,Assault
219467,223132,3,42.838,-78.827,Assault
219468,223133,3,42.872,-78.807,Assault
219469,223134,3,42.858,-78.831,Theft
219476,223141,3,42.898,-78.82,Assault
219480,223145,3,42.833,-78.824,Robbery
219482,223147,3,42.852,-78.805,Theft
219484,223149,3,42.855,-78.824,Assault
219502,223167,3,42.88,-78.814,Theft
219504,223169,3,42.891,-78.843,Theft of Vehicle
219505,223170,3,42.895,-78.805,Breaking & Entering
219506,223171,3,42.875,-78.825,Theft
219512,223177,3,42.851,-78.821,Assault
219519,223184,3,42.858,-78.807,Breaking & Entering
219522,223187,3,42.898,-78.807,Theft
219532,223199,3,42.888,-78.8,Assault
219533,223200,3,42.855,-78.837,Theft
219546,223213,3,42.877,-78.847,Theft of Vehicle
219561,223228,3,42.897,-78.835,Theft
219584,223251,3,42.841,-78.824,Theft
219588,223255,3,42.842,-78.831,Theft of Vehicle
219589,223256,3,42.885,-78.81,Assault
219591,223258,3,42.858,-78.813,Assault
219592,223259,3,42.872,-78.805,Breaking & Entering
219598,223265,3,42.874,-78.817,Theft
219609,223276,3,42.841,-78.808,Breaking & Entering
219618,223285,3,42.892,-78.81,Theft of Vehicle
219619,223286,3,42.897,-78.811,Theft
219625,223293,3,42.885,-78.805,Breaking & Entering
219629,223297,3,42.896,-78.833,Breaking & Entering
219631,223299,3,42.877,-78.844,Robbery
219635,223303,3,42.898,-78.817,Theft
219646,223315,3,42.897,-78.807,Theft
219651,223320,3,42.892,-78.831,Assault
219652,223321,3,42.857,-78.828,Theft
219653,223322,3,42.868,-78.809,Breaking & Entering
219659,223328,3,42.855,-78.81,Theft
219678,223347,3,42.898,-78.839,Theft
219684,223354,3,42.894,-78.837,Theft
219693,223363,3,42.886,-78.843,Assault
219695,223365,3,42.855,-78.818,Assault
219697,223367,3,42.848,-78.832,Theft
219699,223369,3,42.863,-78.82,Theft
219714,223385,3,42.898,-78.816,Breaking & Entering
219715,223386,3,42.856,-78.813,Assault
219725,223396,3,42.847,-78.816,Theft
219734,223405,3,42.889,-78.811,Theft of Vehicle
219741,223412,3,42.86,-78.825,Theft of Vehicle
219742,223413,3,42.85,-78.813,Theft
219747,223418,3,42.851,-78.824,Theft
219757,223428,3,42.889,-78.814,Robbery
219760,223431,3,42.839,-78.81,Theft
219776,223447,3,42.838,-78.816,Theft
219791,223462,3,42.891,-78.83,Theft
219796,223467,3,42.898,-78.807,Theft
219798,223469,3,42.897,-78.837,Theft
219799,223470,3,42.854,-78.828,Breaking & Entering
219808,223479,3,42.886,-78.802,Theft
219814,223485,3,42.896,-78.816,Assault
219816,223487,3,42.873,-78.801,Theft
219819,223491,3,42.897,-78.817,Assault
219829,223501,3,42.856,-78.808,Assault
219832,223504,3,42.86,-78.818,Breaking & Entering
219835,223507,3,42.886,-78.84,Theft
219839,223511,3,42.882,-78.834,Theft
219849,223521,3,42.873,-78.852,Theft
219851,223523,3,42.894,-78.825,Breaking & Entering
219853,223525,3,42.896,-78.82,Breaking & Entering
219855,223527,3,42.855,-78.81,Theft
219859,223531,3,42.862,-78.809,Other Sexual Offense
219863,223535,3,42.88,-78.814,Theft
219871,223543,3,42.851,-78.801,Theft
219881,223553,3,42.846,-78.817,Theft
219882,223554,3,42.842,-78.82,Assault
219891,223563,3,42.893,-78.842,Assault
219896,223568,3,42.871,-78.811,Assault
219910,223582,3,42.894,-78.835,Theft
219912,223584,3,42.85,-78.804,Assault
219916,223588,3,42.876,-78.846,Breaking & Entering
219921,223593,3,42.878,-78.837,Breaking & Entering
219926,223598,3,42.843,-78.811,Breaking & Entering
219928,223600,3,42.895,-78.817,Assault
219929,223601,3,42.86,-78.811,Assault
219931,223603,3,42.887,-78.845,Breaking & Entering
219945,223618,3,42.869,-78.835,Breaking & Entering
219954,223627,3,42.859,-78.817,Theft
219960,223633,3,42.848,-78.824,Assault
219962,223635,3,42.897,-78.816,Robbery
219967,223640,3,42.897,-78.826,Robbery
219968,223641,3,42.854,-78.81,Assault
219970,223643,3,42.89,-78.805,Robbery
219974,223647,3,42.849,-78.824,Theft
219975,223648,3,42.872,-78.806,Assault
219976,223649,3,42.892,-78.826,Breaking & Entering
219981,223654,3,42.849,-78.827,Theft
219985,223658,3,42.835,-78.824,Assault
219988,223661,3,42.894,-78.842,Assault
219997,223670,3,42.859,-78.812,Breaking & Entering
220000,223673,3,42.894,-78.834,Breaking & Entering
220009,223682,3,42.892,-78.809,Assault
220016,223689,3,42.884,-78.834,Theft
220022,223695,3,42.884,-78.834,Robbery
220025,223698,3,42.845,-78.824,Theft
220034,223707,3,42.89,-78.841,Assault
220036,223709,3,42.881,-78.843,Theft of Vehicle
220046,223720,3,42.866,-78.851,Breaking & Entering
220047,223721,3,42.865,-78.807,Theft
220052,223726,3,42.857,-78.803,Assault
220053,223727,3,42.894,-78.839,Assault
220063,223737,3,42.89,-78.803,Theft
220067,223741,3,42.893,-78.841,Theft
220086,223760,3,42.881,-78.801,Theft
220105,223780,3,42.866,-78.849,Breaking & Entering
220109,223784,3,42.894,-78.842,Assault
220111,223786,3,42.86,-78.817,Breaking & Entering
220117,223792,3,42.858,-78.833,Theft
220120,223795,3,42.873,-78.841,Assault
220135,223810,3,42.843,-78.823,Other Sexual Offense
220143,223818,3,42.86,-78.805,Theft of Vehicle
220150,223825,3,42.89,-78.845,Assault
220151,223826,3,42.871,-78.837,Theft
220159,223834,3,42.885,-78.84,Theft of Vehicle
220163,223838,3,42.898,-78.84,Other Sexual Offense
220164,223839,3,42.887,-78.837,Breaking & Entering
220172,223847,3,42.858,-78.831,Theft
220177,223852,3,42.89,-78.8,Assault
220179,223854,3,42.897,-78.823,Assault
220180,223855,3,42.87,-78.851,Assault
220187,223862,3,42.89,-78.832,Homicide
220188,223863,3,42.885,-78.804,Assault
220192,223867,3,42.848,-78.832,Breaking & Entering
220194,223869,3,42.893,-78.837,Assault
220203,223878,3,42.853,-78.804,Theft
220208,223883,3,42.858,-78.803,Theft
220221,223897,3,42.887,-78.802,Breaking & Entering
220224,223900,3,42.851,-78.802,Theft
220225,223901,3,42.872,-78.802,Theft
220233,223909,3,42.88,-78.802,Theft
220241,223917,3,42.871,-78.816,Assault
220251,223927,3,42.894,-78.826,Assault
220268,223944,3,42.889,-78.807,Theft
220274,223950,3,42.889,-78.816,Theft
220278,223954,3,42.866,-78.848,Theft
220280,223956,3,42.853,-78.823,Breaking & Entering
220284,223960,3,42.853,-78.827,Theft of Vehicle
220286,223962,3,42.877,-78.841,Breaking & Entering
220293,223969,3,42.899,-78.84,Assault
220296,223972,3,42.852,-78.806,Breaking & Entering
220297,223973,3,42.872,-78.824,Breaking & Entering
220301,223977,3,42.858,-78.831,Theft
220304,223980,3,42.894,-78.819,Breaking & Entering
220308,223984,3,42.857,-78.808,Theft of Vehicle
220313,223989,3,42.886,-78.839,Theft of Vehicle
220319,223995,3,42.854,-78.825,Breaking & Entering
220322,223998,3,42.858,-78.815,Theft of Vehicle
220323,223999,3,42.893,-78.833,Theft
220328,224004,3,42.857,-78.806,Robbery
220330,224006,3,42.833,-78.823,Breaking & Entering
220331,224007,3,42.853,-78.804,Theft
220332,224008,3,42.854,-78.819,Theft of Vehicle
220335,224011,3,42.855,-78.81,Theft
220347,224023,3,42.888,-78.815,Theft
220351,224027,3,42.873,-78.841,Breaking & Entering
220355,224031,3,42.872,-78.804,Breaking & Entering
220361,224037,3,42.894,-78.843,Theft
220363,224039,3,42.885,-78.814,Assault
220368,224044,3,42.845,-78.821,Breaking & Entering
220371,224047,3,42.872,-78.802,Theft
220376,224052,3,42.894,-78.809,Theft
220381,224057,3,42.873,-78.812,Theft
220386,224062,3,42.866,-78.849,Breaking & Entering
220394,224070,3,42.878,-78.811,Breaking & Entering
220397,224073,3,42.896,-78.824,Robbery
220416,224092,3,42.839,-78.819,Assault
220417,224093,3,42.894,-78.822,Breaking & Entering
220421,224097,3,42.868,-78.848,Assault
220424,224100,3,42.897,-78.817,Breaking & Entering
220425,224101,3,42.881,-78.827,Assault
220437,224113,3,42.886,-78.805,Theft
220463,224139,3,42.893,-78.833,Assault
220472,224148,3,42.857,-78.833,Theft
220477,224153,3,42.841,-78.826,Breaking & Entering
220485,224161,3,42.855,-78.814,Theft
220486,224162,3,42.893,-78.808,Theft of Vehicle
220492,224168,3,42.884,-78.833,Theft
220498,224174,3,42.866,-78.858,Theft
220514,224191,3,42.891,-78.833,Assault
220520,224197,3,42.87,-78.836,Breaking & Entering
220530,224207,3,42.897,-78.838,Theft
220542,224219,3,42.878,-78.801,Breaking & Entering
220550,224227,3,42.854,-78.805,Assault
220551,224228,3,42.89,-78.815,Breaking & Entering
220552,224229,3,42.886,-78.807,Theft
220569,224246,3,42.871,-78.834,Robbery
220573,224250,3,42.855,-78.811,Theft
220577,224254,3,42.893,-78.839,Theft
220592,224269,3,42.863,-78.811,Theft of Vehicle
220594,224271,3,42.851,-78.806,Other Sexual Offense
220596,224273,3,42.893,-78.836,Robbery
220598,224275,3,42.86,-78.825,Theft
220602,224279,3,42.854,-78.828,Assault
220611,224288,3,42.884,-78.822,Breaking & Entering
220613,224290,3,42.896,-78.801,Theft
220618,224296,3,42.842,-78.827,Assault
220622,224300,3,42.895,-78.825,Breaking & Entering
220623,224301,3,42.879,-78.839,Theft
220631,224309,3,42.867,-78.837,Breaking & Entering
220633,224311,3,42.894,-78.81,Breaking & Entering
220645,224323,3,42.853,-78.815,Breaking & Entering
220650,224328,3,42.853,-78.83,Assault
220656,224334,3,42.875,-78.804,Breaking & Entering
220663,224342,3,42.843,-78.824,Assault
220665,224344,3,42.842,-78.81,Breaking & Entering
220692,224371,3,42.888,-78.839,Robbery
220700,224379,3,42.856,-78.813,Assault
220709,224388,3,42.889,-78.812,Theft
220717,224396,3,42.867,-78.851,Assault
220725,224404,3,42.897,-78.814,Breaking & Entering
220733,224412,3,42.847,-78.822,Theft
220741,224420,3,42.872,-78.812,Assault
220745,224424,3,42.892,-78.838,Theft
220750,224429,3,42.898,-78.807,Theft
220756,224435,3,42.869,-78.85,Theft of Vehicle
220766,224445,3,42.888,-78.805,Theft of Vehicle
220767,224446,3,42.86,-78.826,Robbery
220772,224451,3,42.866,-78.847,Breaking & Entering
220773,224452,3,42.861,-78.823,Assault
220776,224455,3,42.871,-78.834,Theft
220781,224460,3,42.873,-78.806,Theft
220787,224467,3,42.856,-78.809,Assault
220795,224475,3,42.86,-78.816,Breaking & Entering
220804,224484,3,42.863,-78.819,Theft
220812,224492,3,42.854,-78.808,Theft
220817,224497,3,42.889,-78.843,Assault
220820,224500,3,42.868,-78.802,Theft
220825,224505,3,42.885,-78.805,Assault
220842,224522,3,42.887,-78.838,Theft of Vehicle
220845,224525,3,42.854,-78.825,Assault
220850,224530,3,42.891,-78.8,Theft
220852,224532,3,42.897,-78.821,Breaking & Entering
220853,224533,3,42.838,-78.808,Theft
220854,224534,3,42.853,-78.817,Theft
220857,224537,3,42.893,-78.837,Theft
220859,224539,3,42.856,-78.811,Theft
220865,224545,3,42.845,-78.824,Assault
220875,224555,3,42.854,-78.808,Assault
220895,224575,3,42.854,-78.827,Robbery
220896,224576,3,42.858,-78.832,Robbery
220906,224586,3,42.851,-78.829,Breaking & Entering
220907,224587,3,42.843,-78.824,Breaking & Entering
220913,224593,3,42.889,-78.808,Assault
220915,224596,3,42.85,-78.811,Theft
220926,224607,3,42.893,-78.809,Breaking & Entering
220930,224611,3,42.844,-78.809,Breaking & Entering
220931,224612,3,42.896,-78.819,Homicide
220932,224613,3,42.837,-78.811,Breaking & Entering
220933,224614,3,42.879,-78.842,Assault
220935,224616,3,42.845,-78.824,Theft
220936,224617,3,42.867,-78.809,Theft
220940,224621,3,42.898,-78.807,Theft
220946,224627,3,42.868,-78.807,Breaking & Entering
220948,224629,3,42.838,-78.808,Theft
220984,224666,3,42.878,-78.801,Theft
220987,224669,3,42.856,-78.832,Theft of Vehicle
220995,224677,3,42.861,-78.807,Theft
220996,224678,3,42.872,-78.819,Assault
220997,224679,3,42.877,-78.805,Theft
221002,224684,3,42.876,-78.828,Sexual Assault
221003,224685,3,42.84,-78.817,Theft of Vehicle
221005,224687,3,42.855,-78.81,Theft
221011,224693,3,42.84,-78.808,Theft
221026,224708,3,42.899,-78.819,Robbery
221033,224715,3,42.867,-78.809,Theft
221036,224718,3,42.889,-78.837,Assault
221048,224730,3,42.837,-78.821,Breaking & Entering
221056,224738,3,42.858,-78.83,Theft
221073,224755,3,42.853,-78.824,Assault
221074,224756,3,42.832,-78.808,Breaking & Entering
221079,224762,3,42.899,-78.833,Breaking & Entering
221097,224780,3,42.896,-78.82,Theft
221098,224781,3,42.848,-78.824,Sexual Assault
221101,224784,3,42.895,-78.823,Assault
221104,224787,3,42.89,-78.813,Theft
221107,224790,3,42.877,-78.828,Theft
221112,224795,3,42.872,-78.839,Assault
221113,224796,3,42.89,-78.8,Assault
221114,224797,3,42.848,-78.813,Theft
221125,224808,3,42.871,-78.835,Assault
221137,224820,3,42.888,-78.836,Theft of Vehicle
221142,224826,3,42.892,-78.824,Assault
221145,224829,3,42.842,-78.83,Theft of Vehicle
221148,224832,3,42.887,-78.84,Breaking & Entering
221152,224836,3,42.898,-78.841,Theft of Vehicle
221154,224838,3,42.837,-78.827,Theft
221172,224857,3,42.851,-78.807,Theft
221173,224858,3,42.891,-78.825,Breaking & Entering
221189,224874,3,42.896,-78.822,Robbery
221195,224880,3,42.897,-78.804,Theft
221201,224886,3,42.897,-78.82,Theft of Vehicle
221207,224892,3,42.867,-78.825,Theft
221215,224900,3,42.85,-78.823,Breaking & Entering
221233,224919,3,42.899,-78.824,Robbery
221239,224925,3,42.878,-78.849,Theft
221247,224933,3,42.856,-78.828,Theft of Vehicle
221250,224936,3,42.852,-78.804,Theft
221257,224943,3,42.893,-78.839,Theft of Vehicle
221263,224949,3,42.893,-78.801,Breaking & Entering
221294,224980,3,42.851,-78.832,Breaking & Entering
221295,224981,3,42.896,-78.84,Breaking & Entering
221298,224984,3,42.859,-78.81,Breaking & Entering
221299,224985,3,42.898,-78.836,Assault
221300,224987,3,42.837,-78.826,Assault
221304,224991,3,42.891,-78.843,Assault
221307,224994,3,42.891,-78.841,Theft of Vehicle
221312,225000,3,42.868,-78.811,Breaking & Entering
221321,225009,3,42.853,-78.832,Breaking & Entering
221326,225014,3,42.839,-78.822,Breaking & Entering
221331,225019,3,42.891,-78.833,Theft
221337,225025,3,42.854,-78.828,Theft
221349,225038,3,42.837,-78.817,Theft
221360,225049,3,42.867,-78.823,Breaking & Entering
221361,225050,3,42.897,-78.838,Breaking & Entering
221364,225053,3,42.887,-78.815,Assault
221366,225055,3,42.875,-78.831,Theft
221376,225065,3,42.896,-78.827,Breaking & Entering
221381,225070,3,42.896,-78.836,Assault
221383,225072,3,42.853,-78.826,Breaking & Entering
221391,225080,3,42.848,-78.824,Theft of Vehicle
221393,225082,3,42.841,-78.824,Assault
221397,225086,3,42.884,-78.839,Assault
221411,225100,3,42.89,-78.808,Breaking & Entering
221423,225112,3,42.858,-78.813,Theft
221428,225117,3,42.896,-78.835,Theft
221430,225119,3,42.892,-78.838,Theft
221439,225128,3,42.858,-78.813,Theft
221443,225133,3,42.852,-78.808,Assault
221449,225139,3,42.842,-78.824,Theft
221456,225146,3,42.87,-78.809,Breaking & Entering
221474,225164,3,42.856,-78.832,Theft
221484,225174,3,42.898,-78.807,Theft
221485,225175,3,42.862,-78.813,Assault
221494,225184,3,42.855,-78.818,Theft
221496,225186,3,42.893,-78.838,Theft of Vehicle
221503,225193,3,42.897,-78.814,Theft
221508,225198,3,42.893,-78.823,Assault
221510,225200,3,42.887,-78.842,Assault
221525,225215,3,42.887,-78.806,Theft
221531,225221,3,42.881,-78.841,Breaking & Entering
221533,225223,3,42.894,-78.835,Theft
221540,225230,3,42.892,-78.803,Theft
221544,225234,3,42.89,-78.804,Breaking & Entering
221546,225236,3,42.868,-78.801,Assault
221553,225243,3,42.893,-78.833,Assault
221558,225248,3,42.895,-78.838,Theft
221562,225252,3,42.889,-78.808,Theft
221567,225257,3,42.838,-78.808,Theft
221571,225262,3,42.891,-78.806,Assault
221572,225263,3,42.874,-78.805,Assault
221573,225264,3,42.862,-78.819,Assault
221577,225268,3,42.89,-78.838,Theft
221587,225278,3,42.899,-78.838,Sexual Assault
221602,225294,3,42.853,-78.812,Theft of Vehicle
221605,225297,3,42.899,-78.818,Breaking & Entering
221612,225304,3,42.849,-78.801,Assault
221619,225311,3,42.852,-78.802,Theft
221621,225313,3,42.881,-78.834,Theft of Vehicle
221630,225322,3,42.87,-78.849,Breaking & Entering
221631,225323,3,42.848,-78.824,Other Sexual Offense
221639,225331,3,42.858,-78.831,Theft
221640,225332,3,42.84,-78.807,Theft
221647,225339,3,42.894,-78.833,Theft
221654,225346,3,42.856,-78.825,Assault
221659,225351,3,42.881,-78.841,Robbery
221666,225358,3,42.897,-78.835,Theft
221668,225360,3,42.87,-78.836,Breaking & Entering
221669,225361,3,42.867,-78.824,Theft
221677,225369,3,42.845,-78.811,Theft of Vehicle
221683,225375,3,42.858,-78.813,Theft
221685,225377,3,42.854,-78.804,Breaking & Entering
221686,225378,3,42.893,-78.823,Breaking & Entering
221687,225379,3,42.855,-78.83,Breaking & Entering
221688,225380,3,42.871,-78.836,Theft
221693,225385,3,42.872,-78.806,Assault
221694,225386,3,42.848,-78.824,Breaking & Entering
221704,225396,3,42.894,-78.831,Theft of Vehicle
221706,225398,3,42.872,-78.808,Assault
221708,225400,3,42.838,-78.822,Theft
221727,225419,3,42.876,-78.852,Theft
221737,225429,3,42.858,-78.831,Theft
221747,225439,3,42.897,-78.839,Breaking & Entering
221748,225440,3,42.854,-78.836,Theft
221756,225449,3,42.856,-78.809,Breaking & Entering
221771,225464,3,42.886,-78.838,Breaking & Entering
221772,225465,3,42.89,-78.802,Breaking & Entering
221776,225469,3,42.881,-78.836,Theft
221797,225490,3,42.847,-78.824,Theft
221802,225495,3,42.882,-78.835,Sexual Assault
221811,225504,3,42.893,-78.803,Assault
221812,225505,3,42.899,-78.817,Breaking & Entering
221821,225514,3,42.843,-78.818,Theft
221823,225516,3,42.837,-78.824,Breaking & Entering
221827,225520,3,42.875,-78.806,Breaking & Entering
221833,225526,3,42.892,-78.84,Theft of Vehicle
221834,225527,3,42.848,-78.812,Theft
221840,225533,3,42.857,-78.811,Theft
221843,225536,3,42.89,-78.811,Assault
221845,225538,3,42.858,-78.831,Theft
221847,225540,3,42.846,-78.812,Theft
221848,225541,3,42.853,-78.823,Breaking & Entering
221850,225543,3,42.888,-78.813,Breaking & Entering
221863,225556,3,42.833,-78.824,Robbery
221864,225557,3,42.846,-78.83,Breaking & Entering
221871,225564,3,42.854,-78.807,Assault
221889,225582,3,42.843,-78.808,Theft
221894,225587,3,42.896,-78.8,Breaking & Entering
221903,225596,3,42.886,-78.805,Theft
221908,225601,3,42.885,-78.802,Breaking & Entering
221911,225604,3,42.879,-78.849,Theft of Vehicle
221920,225613,3,42.837,-78.824,Theft
221926,225619,3,42.889,-78.807,Theft
221936,225630,3,42.894,-78.823,Assault
221941,225635,3,42.898,-78.831,Assault
221946,225640,3,42.874,-78.817,Assault
221955,225649,3,42.86,-78.814,Assault
221957,225651,3,42.886,-78.802,Theft
221958,225652,3,42.888,-78.842,Breaking & Entering
221959,225653,3,42.892,-78.84,Breaking & Entering
221961,225655,3,42.852,-78.823,Assault
221972,225666,3,42.852,-78.819,Theft
221974,225668,3,42.837,-78.826,Theft of Vehicle
221985,225680,3,42.878,-78.848,Breaking & Entering
221988,225683,3,42.89,-78.838,Theft
221992,225688,3,42.895,-78.807,Theft of Vehicle
221993,225689,3,42.869,-78.848,Robbery
222000,225696,3,42.871,-78.815,Breaking & Entering
222006,225702,3,42.877,-78.833,Assault
222007,225703,3,42.888,-78.8,Theft
222008,225704,3,42.891,-78.831,Robbery
222010,225706,3,42.897,-78.804,Theft
222022,225718,3,42.894,-78.836,Robbery
222036,225732,3,42.895,-78.838,Assault
222037,225733,3,42.872,-78.838,Breaking & Entering
222039,225735,3,42.876,-78.853,Theft
222042,225738,3,42.871,-78.807,Theft
222043,225739,3,42.886,-78.838,Theft
222044,225740,3,42.845,-78.822,Theft
222051,225747,3,42.85,-78.831,Theft
222055,225751,3,42.86,-78.81,Breaking & Entering
222056,225752,3,42.85,-78.803,Assault
222058,225754,3,42.873,-78.844,Theft
222062,225758,3,42.893,-78.841,Assault
222064,225760,3,42.879,-78.847,Theft
222067,225763,3,42.856,-78.832,Theft
222071,225767,3,42.85,-78.827,Assault
222086,225782,3,42.846,-78.823,Theft
222091,225787,3,42.896,-78.824,Theft
222092,225788,3,42.896,-78.817,Theft of Vehicle
222102,225798,3,42.867,-78.823,Theft
222104,225800,3,42.834,-78.843,Assault
222116,225812,3,42.888,-78.803,Assault
222117,225813,3,42.893,-78.821,Assault
222121,225817,3,42.879,-78.834,Breaking & Entering
222138,225835,3,42.885,-78.808,Theft
222151,225848,3,42.844,-78.828,Assault
222153,225850,3,42.897,-78.814,Robbery
222160,225857,3,42.89,-78.814,Assault
222162,225859,3,42.891,-78.814,Breaking & Entering
222171,225868,3,42.898,-78.839,Theft
222173,225870,3,42.884,-78.839,Theft of Vehicle
222174,225872,3,42.838,-78.806,Theft
222185,225883,3,42.896,-78.826,Breaking & Entering
222192,225890,3,42.893,-78.829,Assault
222195,225893,3,42.845,-78.827,Theft
222208,225906,3,42.85,-78.815,Assault
222213,225911,3,42.868,-78.81,Breaking & Entering
222218,225916,3,42.897,-78.819,Breaking & Entering
222220,225918,3,42.863,-78.819,Theft
222221,225919,3,42.894,-78.837,Theft
222223,225921,3,42.896,-78.815,Assault
222231,225929,3,42.877,-78.843,Breaking & Entering
222234,225932,3,42.842,-78.82,Breaking & Entering
222235,225933,3,42.87,-78.807,Assault
222243,225941,3,42.895,-78.835,Assault
222253,225951,3,42.836,-78.824,Other Sexual Offense
222258,225956,3,42.898,-78.831,Other Sexual Offense
222274,225972,3,42.891,-78.808,Assault
222278,225976,3,42.847,-78.815,Theft
222281,225979,3,42.876,-78.843,Assault
222291,225990,3,42.896,-78.82,Theft
222296,225995,3,42.844,-78.827,Theft
222300,225999,3,42.887,-78.808,Assault
222301,226000,3,42.868,-78.855,Breaking & Entering
222303,226002,3,42.852,-78.814,Breaking & Entering
222312,226011,3,42.851,-78.824,Theft
222317,226016,3,42.85,-78.824,Breaking & Entering
222325,226024,3,42.882,-78.841,Breaking & Entering
222328,226027,3,42.885,-78.802,Theft
222329,226028,3,42.853,-78.824,Theft
222336,226035,3,42.886,-78.847,Breaking & Entering
222338,226037,3,42.895,-78.837,Theft
222341,226040,3,42.861,-78.82,Theft
222345,226044,3,42.861,-78.817,Theft
222349,226048,3,42.888,-78.803,Theft of Vehicle
222354,226053,3,42.837,-78.827,Assault
222362,226061,3,42.848,-78.824,Theft
222372,226071,3,42.853,-78.81,Assault
222373,226072,3,42.89,-78.81,Assault
222374,226073,3,42.897,-78.836,Other Sexual Offense
222379,226078,3,42.882,-78.829,Theft
222380,226079,3,42.842,-78.827,Assault
222394,226094,3,42.855,-78.81,Theft
222403,226103,3,42.897,-78.82,Assault
222408,226108,3,42.895,-78.825,Assault
222409,226109,3,42.886,-78.82,Theft
222410,226110,3,42.896,-78.82,Assault
222435,226135,3,42.883,-78.835,Theft
222439,226139,3,42.847,-78.814,Theft
222440,226140,3,42.852,-78.801,Theft
222442,226142,3,42.899,-78.819,Robbery
222445,226145,3,42.852,-78.826,Theft
222450,226151,3,42.896,-78.839,Theft
222451,226152,3,42.891,-78.831,Robbery
222452,226153,3,42.85,-78.803,Theft of Vehicle
222455,226156,3,42.871,-78.852,Breaking & Entering
222459,226160,3,42.84,-78.801,Theft
222460,226161,3,42.863,-78.813,Breaking & Entering
222473,226174,3,42.899,-78.84,Assault
222478,226179,3,42.889,-78.808,Breaking & Entering
222483,226184,3,42.86,-78.815,Theft of Vehicle
222489,226190,3,42.869,-78.807,Theft
222491,226192,3,42.898,-78.816,Assault
222497,226199,3,42.885,-78.807,Theft
222501,226203,3,42.855,-78.812,Other Sexual Offense
222502,226204,3,42.865,-78.825,Assault
222503,226205,3,42.847,-78.833,Theft of Vehicle
222504,226206,3,42.867,-78.847,Theft
222517,226219,3,42.85,-78.815,Theft
222520,226222,3,42.872,-78.812,Breaking & Entering
222525,226227,3,42.87,-78.832,Assault
222530,226232,3,42.857,-78.811,Breaking & Entering
222536,226238,3,42.872,-78.851,Theft of Vehicle
222543,226245,3,42.879,-78.833,Theft
222545,226248,3,42.889,-78.801,Theft
222548,226251,3,42.898,-78.819,Theft
222551,226254,3,42.873,-78.801,Theft
222556,226259,3,42.848,-78.824,Breaking & Entering
222567,226270,3,42.898,-78.819,Theft of Vehicle
222573,226278,3,42.895,-78.803,Breaking & Entering
222579,226284,3,42.854,-78.807,Theft
222580,226285,3,42.858,-78.81,Theft
222584,226289,3,42.88,-78.842,Breaking & Entering
222585,226290,3,42.846,-78.826,Breaking & Entering
222586,226291,3,42.885,-78.805,Breaking & Entering
222587,226292,3,42.886,-78.81,Assault
222590,226295,3,42.872,-78.807,Theft of Vehicle
222592,226297,3,42.871,-78.851,Breaking & Entering
222599,226304,3,42.896,-78.825,Assault
222607,226312,3,42.892,-78.834,Breaking & Entering
222615,226320,3,42.896,-78.821,Robbery
222616,226321,3,42.842,-78.809,Assault
222618,226323,3,42.893,-78.839,Assault
222622,226327,3,42.857,-78.829,Theft
222624,226329,3,42.884,-78.839,Theft of Vehicle
222626,226332,3,42.896,-78.815,Theft
222632,226338,3,42.884,-78.831,Breaking & Entering
222645,226351,3,42.895,-78.817,Breaking & Entering
222648,226354,3,42.873,-78.804,Assault
222650,226356,3,42.897,-78.84,Theft
222652,226358,3,42.879,-78.842,Breaking & Entering
222657,226363,3,42.89,-78.815,Theft of Vehicle
222661,226368,3,42.872,-78.821,Breaking & Entering
222665,226372,3,42.837,-78.82,Breaking & Entering
222667,226374,3,42.893,-78.807,Theft
222669,226376,3,42.891,-78.816,Theft
222672,226379,3,42.898,-78.807,Theft
222687,226395,3,42.855,-78.818,Theft of Vehicle
222694,226403,3,42.893,-78.82,Breaking & Entering
222697,226406,3,42.85,-78.83,Theft
222718,226427,3,42.893,-78.84,Theft
222729,226438,3,42.839,-78.824,Theft
222734,226443,3,42.893,-78.838,Other Sexual Offense
222735,226444,3,42.872,-78.806,Assault
222742,226452,3,42.845,-78.824,Theft
222748,226458,3,42.867,-78.809,Breaking & Entering
222753,226463,3,42.854,-78.807,Theft
222758,226468,3,42.89,-78.812,Theft of Vehicle
222759,226469,3,42.873,-78.81,Theft
222765,226476,3,42.841,-78.816,Theft
222766,226477,3,42.897,-78.823,Breaking & Entering
222792,226503,3,42.894,-78.822,Theft
222794,226505,3,42.891,-78.831,Theft
222799,226510,3,42.891,-78.83,Theft
222803,226514,3,42.894,-78.824,Assault
222805,226516,3,42.848,-78.832,Breaking & Entering
222813,226524,3,42.893,-78.815,Theft
222816,226527,3,42.887,-78.802,Breaking & Entering
222822,226533,3,42.838,-78.808,Theft
222825,226536,3,42.886,-78.842,Breaking & Entering
222828,226539,3,42.852,-78.817,Assault
222839,226550,3,42.839,-78.824,Theft
222842,226553,3,42.893,-78.807,Breaking & Entering
222853,226564,3,42.899,-78.834,Robbery
222866,226577,3,42.898,-78.807,Theft
222870,226581,3,42.85,-78.83,Breaking & Entering
222877,226588,3,42.897,-78.84,Breaking & Entering
222881,226593,3,42.872,-78.816,Assault
222883,226595,3,42.872,-78.806,Assault
222885,226597,3,42.881,-78.842,Theft
222888,226600,3,42.896,-78.82,Sexual Assault
222891,226603,3,42.875,-78.805,Assault
222894,226606,3,42.893,-78.838,Theft
222902,226614,3,42.893,-78.837,Theft
222907,226619,3,42.894,-78.841,Theft
222908,226620,3,42.832,-78.805,Theft of Vehicle
222909,226621,3,42.872,-78.821,Theft
222912,226624,3,42.887,-78.803,Assault
222916,226628,3,42.885,-78.839,Theft of Vehicle
222932,226644,3,42.851,-78.83,Breaking & Entering
222938,226650,3,42.886,-78.82,Theft
222951,226663,3,42.897,-78.802,Theft
222952,226664,3,42.89,-78.805,Theft
222958,226670,3,42.854,-78.825,Assault
222962,226674,3,42.874,-78.804,Theft of Vehicle
222964,226676,3,42.867,-78.846,Assault
222965,226677,3,42.869,-78.804,Theft
222966,226678,3,42.872,-78.824,Theft
222969,226681,3,42.895,-78.839,Theft
222976,226688,3,42.895,-78.809,Assault
222978,226690,3,42.87,-78.834,Assault
222983,226696,3,42.878,-78.836,Theft
222988,226701,3,42.858,-78.834,Breaking & Entering
222993,226706,3,42.873,-78.829,Theft
222998,226711,3,42.851,-78.801,Theft
223003,226716,3,42.892,-78.83,Breaking & Entering
223004,226717,3,42.871,-78.807,Theft
223005,226718,3,42.895,-78.827,Theft
223010,226723,3,42.856,-78.836,Theft
223012,226725,3,42.872,-78.812,Assault
223024,226737,3,42.841,-78.824,Theft
223036,226749,3,42.89,-78.838,Theft
223043,226756,3,42.891,-78.836,Breaking & Entering
223045,226758,3,42.899,-78.816,Theft
223058,226771,3,42.899,-78.818,Robbery
223060,226773,3,42.893,-78.832,Breaking & Entering
223061,226774,3,42.851,-78.821,Theft
223062,226775,3,42.847,-78.813,Assault
223064,226777,3,42.853,-78.824,Assault
223068,226781,3,42.851,-78.803,Theft of Vehicle
223085,226798,3,42.896,-78.804,Robbery
223088,226801,3,42.85,-78.825,Breaking & Entering
223096,226810,3,42.896,-78.82,Theft of Vehicle
223098,226812,3,42.873,-78.85,Assault
223099,226813,3,42.894,-78.806,Breaking & Entering
223105,226819,3,42.883,-78.845,Breaking & Entering
223107,226821,3,42.899,-78.815,Theft of Vehicle
223109,226823,3,42.844,-78.823,Breaking & Entering
223114,226828,3,42.87,-78.832,Theft
223140,226855,3,42.85,-78.823,Theft
223145,226860,3,42.854,-78.801,Theft
223147,226862,3,42.852,-78.808,Theft
223160,226875,3,42.851,-78.806,Breaking & Entering
223171,226886,3,42.891,-78.832,Other Sexual Offense
223175,226890,3,42.858,-78.831,Theft
223183,226899,3,42.857,-78.834,Theft of Vehicle
223187,226903,3,42.877,-78.845,Assault
223192,226908,3,42.894,-78.843,Theft
223216,226932,3,42.834,-78.807,Theft
223219,226935,3,42.888,-78.806,Assault
223228,226944,3,42.893,-78.838,Theft of Vehicle
223237,226953,3,42.89,-78.837,Breaking & Entering
223242,226958,3,42.893,-78.804,Theft of Vehicle
223243,226959,3,42.897,-78.814,Robbery
223244,226960,3,42.858,-78.811,Assault
223245,226961,3,42.893,-78.827,Breaking & Entering
223246,226962,3,42.871,-78.804,Other Sexual Offense
223263,226979,3,42.896,-78.823,Theft
223268,226984,3,42.89,-78.843,Robbery
223277,226993,3,42.87,-78.806,Assault
223278,226994,3,42.859,-78.82,Breaking & Entering
223280,226996,3,42.847,-78.803,Breaking & Entering
223284,227001,3,42.848,-78.824,Theft
223286,227003,3,42.84,-78.804,Theft of Vehicle
223288,227005,3,42.872,-78.844,Theft
223301,227018,3,42.858,-78.813,Assault
223304,227021,3,42.847,-78.815,Theft
223306,227023,3,42.858,-78.831,Theft
223313,227030,3,42.851,-78.802,Breaking & Entering
223330,227048,3,42.885,-78.826,Theft
223335,227053,3,42.895,-78.829,Robbery
223344,227063,3,42.886,-78.839,Homicide
223347,227066,3,42.857,-78.833,Theft
223362,227081,3,42.879,-78.835,Theft of Vehicle
223363,227082,3,42.893,-78.805,Theft
223370,227089,3,42.894,-78.83,Assault
223378,227097,3,42.887,-78.841,Breaking & Entering
223382,227102,3,42.857,-78.812,Theft
223388,227108,3,42.896,-78.838,Assault
223393,227113,3,42.896,-78.824,Theft
223417,227137,3,42.858,-78.831,Theft
223421,227141,3,42.867,-78.857,Theft
223422,227142,3,42.857,-78.829,Theft
223423,227143,3,42.852,-78.832,Assault
223441,227161,3,42.879,-78.842,Theft
223442,227162,3,42.853,-78.807,Theft
223444,227164,3,42.855,-78.83,Theft
223449,227169,3,42.863,-78.814,Theft
223450,227170,3,42.857,-78.81,Theft
223451,227171,3,42.891,-78.825,Robbery
223454,227174,3,42.898,-78.819,Assault
223462,227182,3,42.897,-78.816,Theft of Vehicle
223464,227184,3,42.87,-78.815,Assault
223471,227191,3,42.856,-78.815,Breaking & Entering
223477,227197,3,42.872,-78.843,Theft
223479,227199,3,42.857,-78.807,Theft
223491,227211,3,42.838,-78.814,Theft
223493,227213,3,42.874,-78.802,Theft
223503,227223,3,42.881,-78.836,Breaking & Entering
223505,227225,3,42.872,-78.804,Robbery
223512,227232,3,42.895,-78.836,Breaking & Entering
223515,227235,3,42.891,-78.801,Robbery
223516,227236,3,42.842,-78.827,Breaking & Entering
223522,227242,3,42.886,-78.827,Theft
223523,227243,3,42.883,-78.835,Breaking & Entering
223525,227245,3,42.847,-78.83,Theft
223528,227248,3,42.844,-78.828,Theft
223532,227252,3,42.854,-78.807,Breaking & Entering
223536,227256,3,42.884,-78.829,Theft
223537,227257,3,42.869,-78.847,Assault
223552,227272,3,42.892,-78.826,Theft
223554,227274,3,42.878,-78.815,Sexual Assault
223591,227311,3,42.889,-78.805,Theft
223597,227317,3,42.847,-78.811,Theft
223606,227326,3,42.885,-78.802,Breaking & Entering
223615,227335,3,42.896,-78.804,Theft of Vehicle
223618,227338,3,42.856,-78.817,Theft
223622,227342,3,42.851,-78.801,Robbery
223649,227369,3,42.879,-78.842,Theft
223650,227370,3,42.879,-78.842,Other Sexual Offense
223651,227371,3,42.889,-78.837,Assault
223657,227377,3,42.879,-78.807,Theft
223669,227391,3,42.841,-78.828,Theft
223670,227392,3,42.855,-78.825,Theft
223672,227395,3,42.897,-78.815,Assault
223674,227397,3,42.869,-78.807,Theft
223677,227400,3,42.895,-78.822,Breaking & Entering
223681,227404,3,42.857,-78.824,Theft
223684,227407,3,42.891,-78.826,Theft
223686,227409,3,42.888,-78.801,Assault
223704,227427,3,42.848,-78.822,Assault
223710,227433,3,42.899,-78.82,Theft
223717,227440,3,42.87,-78.849,Breaking & Entering
223720,227443,3,42.898,-78.817,Theft
223726,227449,3,42.849,-78.811,Theft
223728,227451,3,42.869,-78.829,Assault
223739,227462,3,42.847,-78.803,Theft of Vehicle
223742,227465,3,42.897,-78.802,Breaking & Entering
223747,227470,3,42.885,-78.834,Theft
223755,227478,3,42.896,-78.823,Breaking & Entering
223756,227479,3,42.85,-78.826,Assault
223758,227481,3,42.851,-78.823,Robbery
223761,227484,3,42.896,-78.816,Theft
223768,227491,3,42.875,-78.806,Assault
223770,227493,3,42.839,-78.806,Assault
223780,227503,3,42.888,-78.8,Theft of Vehicle
223781,227504,3,42.886,-78.802,Theft
223789,227512,3,42.857,-78.824,Theft
223795,227518,3,42.837,-78.824,Assault
223796,227519,3,42.852,-78.803,Theft of Vehicle
223806,227529,3,42.837,-78.81,Theft
223811,227534,3,42.896,-78.813,Breaking & Entering
223812,227535,3,42.872,-78.808,Theft
223815,227538,3,42.857,-78.833,Assault
223818,227541,3,42.892,-78.824,Breaking & Entering
223823,227546,3,42.851,-78.83,Breaking & Entering
223827,227550,3,42.89,-78.816,Theft
223830,227553,3,42.852,-78.803,Theft
223835,227558,3,42.863,-78.811,Theft
223836,227559,3,42.879,-78.845,Theft
223842,227565,3,42.833,-78.822,Theft
223848,227571,3,42.873,-78.812,Assault
223849,227572,3,42.858,-78.809,Assault
223861,227584,3,42.855,-78.833,Homicide
223863,227586,3,42.841,-78.824,Theft
223877,227600,3,42.899,-78.823,Breaking & Entering
223879,227602,3,42.85,-78.803,Theft
223888,227611,3,42.86,-78.807,Theft
223890,227613,3,42.874,-78.852,Breaking & Entering
223891,227614,3,42.858,-78.831,Theft
223899,227623,3,42.857,-78.833,Assault
223914,227638,3,42.892,-78.811,Breaking & Entering
223916,227640,3,42.851,-78.83,Theft
223920,227646,3,42.862,-78.818,Assault
223928,227654,3,42.852,-78.809,Theft
223939,227665,3,42.873,-78.811,Theft
223945,227671,3,42.878,-78.847,Assault
223949,227675,3,42.898,-78.817,Breaking & Entering
223953,227679,3,42.896,-78.809,Theft
223964,227690,3,42.889,-78.837,Theft
223970,227696,3,42.891,-78.831,Theft
223972,227698,3,42.891,-78.832,Theft
223978,227704,3,42.882,-78.801,Theft
223979,227705,3,42.879,-78.844,Breaking & Entering
223981,227707,3,42.899,-78.817,Homicide
223984,227711,3,42.898,-78.839,Theft
223987,227714,3,42.898,-78.831,Assault
223992,227719,3,42.885,-78.804,Theft
224010,227737,3,42.89,-78.838,Theft
224013,227740,3,42.853,-78.802,Breaking & Entering
224014,227741,3,42.837,-78.828,Theft
224018,227745,3,42.884,-78.848,Theft of Vehicle
224022,227750,3,42.847,-78.816,Theft of Vehicle
224023,227751,3,42.894,-78.833,Theft
224030,227758,3,42.836,-78.807,Theft
224039,227767,3,42.873,-78.823,Theft
224045,227773,3,42.873,-78.841,Theft
224046,227774,3,42.892,-78.832,Assault
224056,227784,3,42.862,-78.813,Breaking & Entering
224057,227785,3,42.865,-78.824,Theft
224059,227787,3,42.881,-78.841,Theft
224071,227799,3,42.897,-78.824,Theft
224079,227807,3,42.835,-78.824,Assault
224084,227812,3,42.869,-78.811,Breaking & Entering
224094,227822,3,42.894,-78.835,Assault
224095,227823,3,42.848,-78.812,Theft
224096,227824,3,42.875,-78.803,Breaking & Entering
224102,227830,3,42.844,-78.829,Theft of Vehicle
224106,227834,3,42.853,-78.828,Theft
224111,227839,3,42.858,-78.81,Theft of Vehicle
224112,227840,3,42.88,-78.842,Assault
224118,227846,3,42.898,-78.802,Other Sexual Offense
224125,227853,3,42.869,-78.807,Theft of Vehicle
224129,227857,3,42.891,-78.8,Theft
224134,227862,3,42.848,-78.824,Assault
224139,227867,3,42.898,-78.836,Breaking & Entering
224150,227878,3,42.887,-78.84,Breaking & Entering
224154,227882,3,42.89,-78.834,Theft of Vehicle
224162,227890,3,42.89,-78.836,Robbery
224167,227895,3,42.886,-78.805,Assault
224171,227899,3,42.85,-78.811,Theft
224182,227910,3,42.885,-78.807,Theft
224183,227911,3,42.86,-78.813,Theft
224196,227924,3,42.898,-78.807,Theft
224204,227932,3,42.874,-78.811,Assault
224207,227935,3,42.877,-78.841,Theft
224210,227938,3,42.897,-78.823,Theft
224212,227940,3,42.837,-78.809,Theft of Vehicle
224214,227942,3,42.894,-78.826,Breaking & Entering
224217,227945,3,42.87,-78.832,Assault
224233,227962,3,42.871,-78.836,Assault
224238,227967,3,42.894,-78.805,Theft
224240,227969,3,42.893,-78.827,Breaking & Entering
224247,227976,3,42.891,-78.842,Theft of Vehicle
224251,227980,3,42.839,-78.824,Theft
224254,227983,3,42.869,-78.828,Theft
224257,227986,3,42.89,-78.838,Robbery
224259,227988,3,42.855,-78.819,Sexual Assault
224275,228004,3,42.855,-78.827,Breaking & Entering
224280,228009,3,42.856,-78.833,Theft of Vehicle
224281,228010,3,42.856,-78.811,Robbery
224305,228036,3,42.849,-78.833,Breaking & Entering
224308,228039,3,42.895,-78.842,Assault
224313,228044,3,42.891,-78.837,Robbery
224314,228045,3,42.885,-78.839,Theft of Vehicle
224326,228057,3,42.895,-78.83,Theft
224327,228058,3,42.894,-78.835,Theft
224336,228067,3,42.89,-78.815,Assault
224345,228076,3,42.841,-78.812,Breaking & Entering
224352,228083,3,42.858,-78.831,Theft
224355,228086,3,42.898,-78.819,Theft
224357,228088,3,42.842,-78.821,Breaking & Entering
224360,228091,3,42.887,-78.811,Theft
224361,228092,3,42.85,-78.821,Other Sexual Offense
224365,228096,3,42.841,-78.82,Assault
224372,228103,3,42.891,-78.83,Breaking & Entering
224376,228107,3,42.859,-78.835,Breaking & Entering
224377,228108,3,42.891,-78.83,Robbery
224394,228125,3,42.891,-78.812,Assault
224396,228127,3,42.89,-78.807,Theft
224398,228129,3,42.849,-78.863,Assault
224409,228140,3,42.849,-78.803,Theft
224415,228146,3,42.863,-78.815,Assault
224423,228154,3,42.855,-78.808,Theft
224424,228155,3,42.895,-78.805,Theft
224433,228164,3,42.854,-78.808,Theft
224434,228165,3,42.893,-78.837,Theft
224450,228181,3,42.872,-78.801,Theft
224453,228184,3,42.894,-78.821,Breaking & Entering
224455,228186,3,42.846,-78.824,Breaking & Entering
224473,228204,3,42.896,-78.84,Theft
224474,228205,3,42.899,-78.818,Breaking & Entering
224477,228208,3,42.832,-78.802,Theft
224478,228209,3,42.854,-78.808,Theft
224480,228211,3,42.854,-78.808,Assault
224484,228215,3,42.848,-78.812,Assault
224485,228216,3,42.893,-78.821,Assault
224494,228225,3,42.898,-78.807,Theft
224510,228241,3,42.869,-78.807,Assault
224526,228258,3,42.888,-78.814,Theft
224528,228260,3,42.892,-78.812,Theft
224536,228268,3,42.866,-78.802,Breaking & Entering
224539,228271,3,42.856,-78.81,Theft
224542,228274,3,42.895,-78.823,Theft
224545,228277,3,42.885,-78.815,Theft of Vehicle
224549,228282,3,42.894,-78.809,Sexual Assault
224556,228289,3,42.871,-78.805,Theft
224564,228297,3,42.879,-78.84,Assault
224568,228301,3,42.897,-78.818,Theft
224574,228307,3,42.871,-78.834,Theft
224589,228323,3,42.857,-78.812,Theft
224592,228326,3,42.837,-78.825,Theft
224597,228331,3,42.857,-78.833,Theft of Vehicle
224614,228348,3,42.889,-78.813,Theft
224615,228349,3,42.88,-78.839,Theft
224627,228361,3,42.893,-78.839,Theft
224628,228362,3,42.879,-78.845,Theft of Vehicle
224629,228363,3,42.891,-78.8,Theft
224640,228374,3,42.893,-78.826,Assault
224655,228389,3,42.873,-78.809,Assault
224658,228392,3,42.887,-78.815,Theft
224660,228394,3,42.892,-78.83,Theft of Vehicle
224668,228402,3,42.848,-78.824,Sexual Offense
224676,228410,3,42.854,-78.805,Breaking & Entering
224679,228413,3,42.854,-78.806,Robbery
224681,228415,3,42.857,-78.803,Sexual Assault
224686,228420,3,42.894,-78.835,Theft
224695,228429,3,42.891,-78.834,Breaking & Entering
224701,228435,3,42.872,-78.824,Theft
224709,228443,3,42.893,-78.806,Assault
224715,228449,3,42.889,-78.807,Breaking & Entering
224727,228461,3,42.88,-78.842,Theft
224732,228466,3,42.894,-78.836,Assault
224734,228468,3,42.858,-78.813,Breaking & Entering
224737,228471,3,42.889,-78.807,Theft
224746,228480,3,42.89,-78.812,Breaking & Entering
224747,228481,3,42.872,-78.804,Theft
224757,228491,3,42.869,-78.85,Breaking & Entering
224759,228493,3,42.893,-78.841,Theft
224761,228495,3,42.852,-78.803,Theft
224770,228504,3,42.844,-78.821,Theft
224777,228511,3,42.895,-78.809,Theft of Vehicle
224782,228516,3,42.844,-78.827,Theft
224789,228523,3,42.888,-78.84,Robbery
224792,228526,3,42.848,-78.801,Assault
224799,228533,3,42.893,-78.843,Breaking & Entering
224801,228535,3,42.882,-78.8,Assault
224807,228541,3,42.852,-78.829,Breaking & Entering
224814,228548,3,42.879,-78.844,Breaking & Entering
224816,228550,3,42.892,-78.838,Theft
224824,228558,3,42.897,-78.84,Theft of Vehicle
224829,228563,3,42.897,-78.814,Assault
224830,228564,3,42.833,-78.824,Theft
224833,228567,3,42.857,-78.802,Theft
224839,228574,3,42.843,-78.815,Theft
224840,228575,3,42.897,-78.832,Theft
224846,228581,3,42.899,-78.81,Theft
224847,228582,3,42.855,-78.809,Theft
224863,228598,3,42.867,-78.857,Assault
224865,228600,3,42.849,-78.829,Theft
224870,228605,3,42.898,-78.841,Theft
224878,228613,3,42.897,-78.834,Theft
224890,228625,3,42.885,-78.804,Theft
224897,228632,3,42.898,-78.807,Theft
224903,228638,3,42.888,-78.813,Breaking & Entering
224905,228640,3,42.895,-78.828,Theft of Vehicle
224908,228643,3,42.893,-78.841,Theft
224910,228645,3,42.856,-78.824,Theft
224912,228647,3,42.841,-78.824,Robbery
224913,228648,3,42.855,-78.831,Robbery
224927,228662,3,42.854,-78.825,Assault
224934,228669,3,42.872,-78.812,Theft
224935,228670,3,42.854,-78.82,Breaking & Entering
224947,228682,3,42.853,-78.803,Theft
224950,228685,3,42.896,-78.817,Robbery
224958,228693,3,42.882,-78.849,Theft
224959,228694,3,42.878,-78.815,Robbery
224961,228696,3,42.841,-78.803,Assault
224962,228697,3,42.876,-78.804,Theft
224963,228698,3,42.844,-78.813,Theft
224977,228712,3,42.841,-78.824,Theft
224984,228719,3,42.877,-78.803,Other Sexual Offense
224985,228720,3,42.847,-78.855,Theft
224994,228730,3,42.845,-78.824,Robbery
224998,228734,3,42.886,-78.839,Breaking & Entering
224999,228735,3,42.889,-78.808,Robbery
225002,228738,3,42.839,-78.816,Breaking & Entering
225004,228740,3,42.866,-78.821,Theft of Vehicle
225006,228742,3,42.858,-78.831,Theft
225010,228746,3,42.893,-78.805,Breaking & Entering
225027,228763,3,42.884,-78.848,Assault
225028,228764,3,42.888,-78.839,Assault
225032,228768,3,42.855,-78.808,Theft
225038,228774,3,42.899,-78.815,Assault
225044,228780,3,42.897,-78.826,Assault
225054,228791,3,42.864,-78.851,Theft
225058,228795,3,42.853,-78.824,Assault
225062,228799,3,42.888,-78.808,Theft
225064,228801,3,42.861,-78.821,Theft
225067,228804,3,42.897,-78.819,Assault
225068,228805,3,42.839,-78.818,Theft
225069,228806,3,42.884,-78.843,Theft
225075,228812,3,42.837,-78.828,Theft
225080,228817,3,42.892,-78.814,Theft
225083,228820,3,42.895,-78.829,Assault
225095,228832,3,42.899,-78.83,Assault
225100,228837,3,42.847,-78.824,Assault
225104,228842,3,42.869,-78.829,Breaking & Entering
225108,228846,3,42.851,-78.804,Theft of Vehicle
225111,228849,3,42.89,-78.831,Breaking & Entering
225122,228860,3,42.872,-78.802,Breaking & Entering
225132,228870,3,42.868,-78.81,Breaking & Entering
225139,228878,3,42.851,-78.809,Theft
225140,228879,3,42.872,-78.815,Assault
225141,228880,3,42.87,-78.831,Theft
225142,228881,3,42.897,-78.835,Assault
225165,228904,3,42.869,-78.812,Theft
225167,228906,3,42.895,-78.809,Theft
225181,228920,3,42.851,-78.801,Assault
225187,228926,3,42.896,-78.816,Breaking & Entering
225189,228928,3,42.895,-78.835,Theft
225190,228929,3,42.854,-78.816,Theft
225194,228933,3,42.872,-78.821,Breaking & Entering
225195,228934,3,42.88,-78.802,Theft
225202,228941,3,42.897,-78.835,Theft
225205,228944,3,42.855,-78.809,Assault
225216,228956,3,42.897,-78.816,Breaking & Entering
225220,228961,3,42.897,-78.832,Assault
225222,228963,3,42.87,-78.85,Theft
225237,228978,3,42.851,-78.822,Theft of Vehicle
225238,228979,3,42.852,-78.825,Theft
225250,228991,3,42.887,-78.816,Assault
225266,229007,3,42.881,-78.841,Breaking & Entering
225275,229016,3,42.881,-78.841,Theft of Vehicle
225279,229020,3,42.866,-78.85,Breaking & Entering
225282,229023,3,42.846,-78.81,Assault
225285,229026,3,42.851,-78.824,Theft of Vehicle
225293,229034,3,42.842,-78.829,Robbery
225296,229038,3,42.895,-78.83,Theft
225299,229041,3,42.882,-78.841,Robbery
225302,229044,3,42.856,-78.809,Breaking & Entering
225305,229047,3,42.894,-78.825,Robbery
225311,229054,3,42.895,-78.836,Breaking & Entering
225312,229055,3,42.857,-78.812,Theft
225319,229062,3,42.886,-78.813,Theft
225320,229063,3,42.848,-78.801,Assault
225327,229071,3,42.894,-78.816,Breaking & Entering
225343,229087,3,42.837,-78.82,Theft
225345,229089,3,42.889,-78.845,Assault
225354,229098,3,42.887,-78.81,Assault
225355,229099,3,42.866,-78.847,Theft
225364,229108,3,42.885,-78.814,Theft
225372,229116,3,42.853,-78.804,Theft
225374,229118,3,42.889,-78.841,Breaking & Entering
225376,229120,3,42.892,-78.832,Assault
225387,229131,3,42.852,-78.822,Assault
225414,229158,3,42.848,-78.824,Theft
225416,229160,3,42.889,-78.84,Theft
225430,229174,3,42.844,-78.813,Theft
225432,229176,3,42.895,-78.83,Assault
225436,229180,3,42.881,-78.801,Theft
225439,229183,3,42.891,-78.808,Assault
225440,229184,3,42.857,-78.812,Theft
225449,229193,3,42.88,-78.834,Theft
225456,229200,3,42.899,-78.823,Assault
225458,229202,3,42.856,-78.824,Breaking & Entering
225459,229203,3,42.858,-78.822,Theft
225463,229207,3,42.892,-78.83,Breaking & Entering
225465,229209,3,42.879,-78.836,Assault
225466,229210,3,42.85,-78.811,Theft
225467,229211,3,42.86,-78.812,Breaking & Entering
225471,229215,3,42.897,-78.814,Assault
225481,229225,3,42.844,-78.815,Theft
225484,229228,3,42.89,-78.808,Assault
225486,229230,3,42.886,-78.839,Breaking & Entering
225490,229234,3,42.858,-78.83,Theft
225495,229239,3,42.856,-78.827,Theft of Vehicle
225502,229246,3,42.894,-78.836,Robbery
225515,229260,3,42.835,-78.825,Theft of Vehicle
225517,229262,3,42.892,-78.833,Breaking & Entering
225518,229263,3,42.895,-78.821,Breaking & Entering
225524,229270,3,42.883,-78.832,Theft
225525,229271,3,42.871,-78.815,Theft
225533,229279,3,42.887,-78.84,Assault
225535,229281,3,42.848,-78.832,Theft
225545,229291,3,42.868,-78.807,Theft
225546,229292,3,42.892,-78.803,Theft
225549,229295,3,42.833,-78.824,Theft
225551,229297,3,42.848,-78.824,Theft
225553,229299,3,42.856,-78.813,Theft
225556,229302,3,42.833,-78.821,Theft
225565,229311,3,42.894,-78.836,Robbery
225573,229320,3,42.863,-78.816,Theft
225582,229329,3,42.848,-78.812,Other Sexual Offense
225592,229339,3,42.838,-78.803,Theft
225597,229344,3,42.891,-78.829,Assault
225600,229348,3,42.891,-78.836,Assault
225601,229349,3,42.897,-78.819,Assault
225603,229351,3,42.885,-78.823,Theft
225618,229366,3,42.85,-78.815,Theft of Vehicle
225619,229367,3,42.857,-78.824,Theft
225629,229377,3,42.857,-78.806,Assault
225637,229385,3,42.868,-78.806,Assault
225638,229386,3,42.872,-78.811,Theft of Vehicle
225648,229396,3,42.839,-78.824,Assault
225657,229406,3,42.88,-78.841,Breaking & Entering
225658,229407,3,42.858,-78.812,Theft
225660,229409,3,42.886,-78.841,Assault
225661,229410,3,42.898,-78.817,Breaking & Entering
225668,229417,3,42.873,-78.818,Theft
225681,229430,3,42.883,-78.835,Theft
225711,229461,3,42.88,-78.846,Theft
225714,229464,3,42.893,-78.832,Theft of Vehicle
225717,229467,3,42.896,-78.839,Theft
225719,229469,3,42.895,-78.831,Theft
225720,229470,3,42.848,-78.827,Theft
225721,229471,3,42.887,-78.803,Theft of Vehicle
225728,229478,3,42.875,-78.825,Theft
225730,229480,3,42.891,-78.836,Theft
225731,229481,3,42.854,-78.808,Breaking & Entering
225740,229490,3,42.859,-78.81,Assault
225744,229494,3,42.893,-78.809,Theft
225763,229513,3,42.892,-78.803,Breaking & Entering
225765,229515,3,42.893,-78.839,Theft
225769,229519,3,42.849,-78.823,Theft
225776,229526,3,42.852,-78.808,Assault
225781,229531,3,42.865,-78.856,Breaking & Entering
225790,229541,3,42.843,-78.832,Theft
225794,229545,3,42.898,-78.801,Breaking & Entering
225800,229551,3,42.875,-78.803,Assault
225801,229552,3,42.858,-78.807,Theft of Vehicle
225808,229559,3,42.86,-78.822,Theft
225817,229568,3,42.895,-78.826,Theft
225840,229591,3,42.872,-78.81,Assault
225842,229593,3,42.872,-78.82,Theft
225845,229596,3,42.872,-78.842,Theft of Vehicle
225861,229613,3,42.896,-78.819,Robbery
225875,229629,3,42.846,-78.821,Breaking & Entering
225876,229630,3,42.894,-78.836,Theft
225886,229640,3,42.883,-78.836,Robbery
225895,229649,3,42.871,-78.808,Theft
225907,229661,3,42.856,-78.827,Theft
225908,229662,3,42.852,-78.804,Other Sexual Offense
225909,229663,3,42.87,-78.804,Robbery
225910,229664,3,42.856,-78.819,Theft
225913,229667,3,42.852,-78.818,Theft
225914,229668,3,42.898,-78.807,Theft
225925,229679,3,42.891,-78.833,Breaking & Entering
225927,229681,3,42.87,-78.846,Theft
225933,229687,3,42.858,-78.811,Breaking & Entering
225934,229688,3,42.89,-78.807,Theft of Vehicle
225935,229689,3,42.858,-78.815,Theft
225949,229703,3,42.848,-78.824,Theft
225954,229708,3,42.856,-78.828,Theft of Vehicle
225960,229714,3,42.853,-78.829,Breaking & Entering
225962,229716,3,42.892,-78.832,Theft of Vehicle
225980,229734,3,42.891,-78.843,Assault
225984,229738,3,42.88,-78.833,Breaking & Entering
225988,229742,3,42.892,-78.824,Assault
226013,229767,3,42.897,-78.817,Assault
226015,229769,3,42.891,-78.837,Theft
226019,229773,3,42.886,-78.802,Theft
226024,229778,3,42.89,-78.839,Breaking & Entering
226030,229784,3,42.896,-78.815,Theft
226032,229786,3,42.852,-78.818,Theft
226033,229787,3,42.897,-78.833,Assault
226037,229791,3,42.85,-78.803,Theft
226043,229798,3,42.896,-78.8,Theft of Vehicle
226045,229800,3,42.859,-78.804,Breaking & Entering
226056,229812,3,42.856,-78.82,Theft
226057,229813,3,42.833,-78.824,Assault
226060,229816,3,42.894,-78.835,Theft
226062,229818,3,42.896,-78.82,Assault
226063,229820,3,42.881,-78.841,Assault
226065,229822,3,42.856,-78.806,Theft
226070,229827,3,42.896,-78.836,Assault
226071,229828,3,42.833,-78.824,Assault
226083,229840,3,42.842,-78.827,Assault
226090,229847,3,42.859,-78.819,Theft
226091,229848,3,42.89,-78.839,Theft
226094,229851,3,42.873,-78.802,Theft
226098,229855,3,42.897,-78.819,Theft
226103,229860,3,42.857,-78.803,Breaking & Entering
226111,229868,3,42.896,-78.816,Robbery
226116,229873,3,42.887,-78.809,Theft
226119,229876,3,42.896,-78.814,Theft
226125,229882,3,42.857,-78.812,Theft
226132,229889,3,42.884,-78.839,Sexual Assault
226138,229895,3,42.892,-78.83,Breaking & Entering
226141,229899,3,42.87,-78.846,Breaking & Entering
226143,229901,3,42.898,-78.807,Robbery
226144,229902,3,42.872,-78.812,Theft of Vehicle
226148,229906,3,42.897,-78.814,Theft of Vehicle
226152,229910,3,42.871,-78.834,Breaking & Entering
226157,229916,3,42.856,-78.807,Assault
226158,229917,3,42.891,-78.843,Assault
226159,229918,3,42.87,-78.848,Theft
226161,229920,3,42.851,-78.812,Theft
226163,229922,3,42.87,-78.807,Breaking & Entering
226169,229928,3,42.85,-78.801,Breaking & Entering
226178,229937,3,42.862,-78.811,Assault
226180,229939,3,42.879,-78.807,Theft
226185,229944,3,42.854,-78.807,Theft
226195,229954,3,42.86,-78.813,Theft
226198,229957,3,42.895,-78.836,Assault
226201,229960,3,42.848,-78.824,Theft
226207,229966,3,42.873,-78.829,Robbery
226208,229967,3,42.858,-78.831,Theft
226232,229991,3,42.895,-78.832,Theft
226238,229997,3,42.891,-78.83,Assault
226239,229998,3,42.851,-78.821,Theft
226244,230003,3,42.896,-78.82,Theft
226246,230005,3,42.886,-78.808,Theft
226249,230008,3,42.855,-78.827,Theft
226250,230009,3,42.893,-78.832,Theft
226256,230015,3,42.87,-78.805,Assault
226276,230035,3,42.895,-78.824,Assault
226277,230036,3,42.885,-78.839,Assault
226279,230038,3,42.887,-78.839,Assault
226282,230041,3,42.886,-78.803,Theft
226283,230042,3,42.87,-78.834,Theft
226290,230050,3,42.878,-78.801,Theft
226291,230051,3,42.888,-78.802,Assault
226305,230065,3,42.843,-78.822,Breaking & Entering
226306,230066,3,42.85,-78.813,Breaking & Entering
226320,230082,3,42.854,-78.801,Theft
226321,230083,3,42.848,-78.832,Robbery
226328,230090,3,42.873,-78.811,Theft
226342,230105,3,42.893,-78.838,Assault
226345,230108,3,42.892,-78.835,Theft
226350,230113,3,42.895,-78.842,Assault
226363,230126,3,42.896,-78.823,Assault
226370,230133,3,42.836,-78.812,Theft
226375,230138,3,42.877,-78.848,Breaking & Entering
226380,230144,3,42.859,-78.858,Theft
226383,230147,3,42.858,-78.831,Theft
226385,230149,3,42.894,-78.82,Breaking & Entering
226388,230152,3,42.898,-78.835,Breaking & Entering
226391,230155,3,42.864,-78.825,Theft
226394,230158,3,42.849,-78.832,Breaking & Entering
226401,230165,3,42.87,-78.856,Breaking & Entering
226402,230166,3,42.891,-78.826,Breaking & Entering
226408,230173,3,42.886,-78.809,Theft
226422,230187,3,42.858,-78.831,Theft
226424,230189,3,42.863,-78.818,Theft
226428,230193,3,42.892,-78.828,Breaking & Entering
226430,230195,3,42.833,-78.824,Theft
226433,230198,3,42.899,-78.836,Breaking & Entering
226437,230203,3,42.849,-78.803,Theft of Vehicle
226438,230204,3,42.837,-78.824,Theft
226440,230206,3,42.891,-78.834,Assault
226447,230213,3,42.895,-78.827,Robbery
226453,230219,3,42.898,-78.815,Assault
226457,230223,3,42.896,-78.827,Assault
226460,230227,3,42.847,-78.855,Breaking & Entering
226463,230230,3,42.85,-78.812,Theft of Vehicle
226470,230237,3,42.835,-78.823,Breaking & Entering
226475,230242,3,42.893,-78.828,Theft of Vehicle
226479,230246,3,42.851,-78.806,Theft
226482,230249,3,42.878,-78.816,Assault
226483,230250,3,42.896,-78.824,Theft
226494,230261,3,42.889,-78.803,Assault
226502,230269,3,42.84,-78.847,Theft of Vehicle
226506,230273,3,42.895,-78.836,Breaking & Entering
226507,230274,3,42.896,-78.802,Assault
226512,230279,3,42.855,-78.83,Assault
226517,230284,3,42.892,-78.83,Theft
226524,230291,3,42.889,-78.815,Breaking & Entering
226529,230296,3,42.862,-78.818,Theft
226534,230301,3,42.895,-78.83,Robbery
226543,230310,3,42.855,-78.809,Assault
226547,230314,3,42.868,-78.809,Assault
226556,230324,3,42.899,-78.818,Theft
226565,230333,3,42.898,-78.836,Assault
226580,230348,3,42.894,-78.837,Robbery
226591,230359,3,42.887,-78.836,Theft
226594,230362,3,42.89,-78.806,Assault
226596,230364,3,42.842,-78.82,Breaking & Entering
226601,230369,3,42.844,-78.828,Assault
226604,230372,3,42.879,-78.81,Theft
226610,230378,3,42.897,-78.819,Theft
226615,230383,3,42.852,-78.824,Assault
226616,230384,3,42.873,-78.813,Breaking & Entering
226619,230387,3,42.894,-78.819,Breaking & Entering
226624,230393,3,42.842,-78.829,Theft
226625,230394,3,42.895,-78.805,Assault
226629,230399,3,42.898,-78.818,Assault
226630,230400,3,42.888,-78.814,Assault
226635,230405,3,42.887,-78.806,Theft
226645,230416,3,42.869,-78.846,Breaking & Entering
226656,230427,3,42.849,-78.83,Theft
226658,230429,3,42.851,-78.802,Theft
226663,230434,3,42.84,-78.802,Breaking & Entering
226665,230436,3,42.896,-78.817,Theft
226672,230443,3,42.874,-78.811,Theft
226674,230445,3,42.838,-78.803,Theft
226676,230447,3,42.874,-78.804,Theft
226680,230451,3,42.844,-78.83,Assault
226681,230452,3,42.881,-78.837,Theft
226692,230463,3,42.847,-78.833,Theft of Vehicle
226698,230469,3,42.892,-78.826,Theft
226706,230477,3,42.895,-78.822,Theft of Vehicle
226708,230479,3,42.855,-78.808,Assault
226711,230482,3,42.85,-78.815,Theft
226717,230488,3,42.843,-78.822,Theft
226728,230499,3,42.882,-78.835,Theft
226730,230501,3,42.849,-78.811,Other Sexual Offense
226738,230509,3,42.89,-78.804,Breaking & Entering
226742,230514,3,42.849,-78.819,Theft
226746,230518,3,42.872,-78.842,Theft of Vehicle
226757,230529,3,42.872,-78.8,Breaking & Entering
226764,230536,3,42.875,-78.804,Breaking & Entering
226773,230545,3,42.891,-78.803,Assault
226777,230549,3,42.853,-78.818,Breaking & Entering
226782,230554,3,42.856,-78.828,Theft of Vehicle
226785,230557,3,42.87,-78.807,Breaking & Entering
226787,230559,3,42.859,-78.809,Theft
226788,230560,3,42.871,-78.843,Breaking & Entering
226789,230561,3,42.865,-78.822,Breaking & Entering
226791,230563,3,42.893,-78.839,Breaking & Entering
226793,230565,3,42.899,-78.82,Breaking & Entering
226807,230580,3,42.893,-78.839,Assault
226814,230587,3,42.855,-78.817,Theft
226816,230589,3,42.873,-78.811,Breaking & Entering
226818,230591,3,42.89,-78.843,Theft
226823,230596,3,42.851,-78.809,Assault
226831,230605,3,42.842,-78.829,Assault
226836,230611,3,42.892,-78.802,Assault
226844,230619,3,42.888,-78.838,Breaking & Entering
226845,230620,3,42.89,-78.837,Theft
226855,230630,3,42.897,-78.839,Breaking & Entering
226865,230641,3,42.887,-78.81,Breaking & Entering
226875,230652,3,42.869,-78.801,Theft of Vehicle
226880,230657,3,42.871,-78.835,Breaking & Entering
226888,230665,3,42.894,-78.84,Breaking & Entering
226898,230675,3,42.858,-78.823,Breaking & Entering
226905,230682,3,42.876,-78.843,Breaking & Entering
226914,230694,3,42.892,-78.805,Theft
226919,230699,3,42.852,-78.802,Theft
226922,230702,3,42.89,-78.842,Assault
226929,230710,3,42.898,-78.807,Theft
226932,230713,3,42.858,-78.813,Breaking & Entering
226937,230718,3,42.856,-78.825,Assault
226938,230719,3,42.837,-78.824,Assault
226940,230721,3,42.871,-78.807,Breaking & Entering
226943,230724,3,42.854,-78.806,Sexual Assault
226947,230728,3,42.895,-78.838,Theft of Vehicle
226949,230730,3,42.854,-78.82,Assault
226954,230735,3,42.89,-78.805,Breaking & Entering
226958,230739,3,42.899,-78.84,Theft of Vehicle
226963,230744,3,42.832,-78.811,Theft
226968,230749,3,42.86,-78.817,Theft
226975,230756,3,42.898,-78.814,Breaking & Entering
226987,230768,3,42.886,-78.84,Assault
227022,230805,3,42.899,-78.814,Theft of Vehicle
227023,230806,3,42.874,-78.825,Theft
227035,230818,3,42.858,-78.831,Theft
227036,230819,3,42.87,-78.822,Theft
227052,230835,3,42.895,-78.815,Assault
227057,230840,3,42.87,-78.832,Assault
227058,230841,3,42.896,-78.816,Assault
227061,230844,3,42.897,-78.841,Breaking & Entering
227062,230845,3,42.886,-78.808,Breaking & Entering
227065,230848,3,42.85,-78.831,Theft
227070,230853,3,42.859,-78.81,Theft of Vehicle
227081,230864,3,42.874,-78.803,Assault
227082,230865,3,42.88,-78.835,Theft
227083,230867,3,42.887,-78.815,Assault
227087,230871,3,42.873,-78.843,Assault
227093,230877,3,42.865,-78.824,Assault
227098,230882,3,42.874,-78.824,Theft
227101,230885,3,42.852,-78.806,Other Sexual Offense
227103,230887,3,42.871,-78.804,Theft
227104,230888,3,42.896,-78.836,Theft
227105,230889,3,42.872,-78.806,Breaking & Entering
227111,230896,3,42.893,-78.839,Theft of Vehicle
227123,230908,3,42.884,-78.826,Theft
227124,230909,3,42.894,-78.82,Robbery
227126,230911,3,42.858,-78.83,Robbery
227127,230912,3,42.894,-78.821,Assault
227146,230931,3,42.893,-78.838,Robbery
227163,230948,3,42.896,-78.823,Breaking & Entering
227166,230951,3,42.856,-78.827,Robbery
227169,230954,3,42.888,-78.837,Assault
227170,230955,3,42.893,-78.831,Robbery
227175,230960,3,42.857,-78.808,Breaking & Entering
227176,230961,3,42.889,-78.808,Theft
227178,230963,3,42.857,-78.812,Theft
227179,230964,3,42.887,-78.84,Assault
227184,230969,3,42.847,-78.824,Assault
227189,230974,3,42.881,-78.85,Assault
227194,230979,3,42.888,-78.814,Assault
227221,231006,3,42.868,-78.804,Theft
227223,231008,3,42.881,-78.84,Assault
227230,231015,3,42.894,-78.819,Breaking & Entering
227232,231017,3,42.87,-78.807,Theft
227234,231019,3,42.867,-78.823,Assault
227235,231020,3,42.85,-78.804,Theft
227237,231022,3,42.895,-78.832,Robbery
227240,231025,3,42.88,-78.844,Theft of Vehicle
227241,231026,3,42.836,-78.824,Theft
227244,231029,3,42.893,-78.82,Breaking & Entering
227259,231044,3,42.844,-78.832,Breaking & Entering
227265,231051,3,42.897,-78.805,Theft
227268,231054,3,42.881,-78.802,Assault
227269,231055,3,42.891,-78.811,Theft
227276,231062,3,42.854,-78.805,Theft
227279,231065,3,42.856,-78.818,Theft of Vehicle
227294,231080,3,42.86,-78.816,Assault
227298,231084,3,42.894,-78.805,Theft
227308,231094,3,42.891,-78.81,Breaking & Entering
227316,231102,3,42.857,-78.829,Assault
227317,231103,3,42.855,-78.807,Theft
227325,231111,3,42.87,-78.802,Breaking & Entering
227327,231113,3,42.869,-78.835,Theft
227331,231117,3,42.891,-78.8,Theft
227333,231119,3,42.858,-78.804,Breaking & Entering
227334,231120,3,42.854,-78.819,Theft of Vehicle
227357,231143,3,42.848,-78.812,Assault
227361,231148,3,42.873,-78.806,Other Sexual Offense
227370,231157,3,42.872,-78.802,Assault
227380,231167,3,42.899,-78.838,Breaking & Entering
227391,231178,3,42.869,-78.827,Theft of Vehicle
227396,231183,3,42.899,-78.839,Theft
227407,231194,3,42.833,-78.823,Theft
227408,231195,3,42.86,-78.814,Breaking & Entering
227412,231199,3,42.839,-78.82,Theft
227422,231209,3,42.863,-78.821,Breaking & Entering
227424,231211,3,42.877,-78.848,Theft
227427,231214,3,42.853,-78.807,Robbery
227429,231216,3,42.872,-78.808,Assault
227435,231222,3,42.884,-78.836,Breaking & Entering
227440,231227,3,42.891,-78.837,Assault
227446,231233,3,42.85,-78.832,Other Sexual Offense
227453,231240,3,42.895,-78.825,Breaking & Entering
227455,231242,3,42.896,-78.817,Theft
227456,231243,3,42.89,-78.832,Breaking & Entering
227457,231244,3,42.898,-78.803,Assault
227460,231247,3,42.898,-78.8,Theft
227471,231259,3,42.892,-78.832,Robbery
227472,231260,3,42.87,-78.809,Theft
227474,231262,3,42.885,-78.84,Assault
227476,231264,3,42.849,-78.83,Theft
227477,231265,3,42.85,-78.815,Theft
227484,231272,3,42.86,-78.807,Theft
227503,231291,3,42.861,-78.818,Theft
227509,231297,3,42.855,-78.827,Theft of Vehicle
227510,231298,3,42.89,-78.838,Assault
227512,231300,3,42.898,-78.836,Robbery
227518,231306,3,42.89,-78.843,Assault
227525,231314,3,42.877,-78.823,Theft
227538,231327,3,42.872,-78.811,Assault
227551,231341,3,42.898,-78.836,Theft of Vehicle
227556,231346,3,42.842,-78.822,Breaking & Entering
227560,231350,3,42.899,-78.816,Assault
227561,231351,3,42.845,-78.816,Theft of Vehicle
227568,231358,3,42.842,-78.849,Theft
227569,231359,3,42.893,-78.839,Theft
227571,231361,3,42.841,-78.816,Theft
227578,231368,3,42.887,-78.845,Breaking & Entering
227581,231371,3,42.848,-78.813,Theft
227586,231377,3,42.89,-78.804,Assault
227590,231381,3,42.861,-78.815,Breaking & Entering
227595,231386,3,42.847,-78.832,Theft
227597,231388,3,42.873,-78.821,Assault
227607,231398,3,42.893,-78.834,Theft
227611,231402,3,42.868,-78.818,Breaking & Entering
227618,231409,3,42.89,-78.842,Theft
227621,231412,3,42.841,-78.824,Robbery
227639,231430,3,42.868,-78.816,Theft
227641,231432,3,42.893,-78.809,Theft of Vehicle
227642,231433,3,42.88,-78.841,Assault
227643,231434,3,42.882,-78.841,Theft
227649,231440,3,42.896,-78.82,Theft
227660,231451,3,42.895,-78.825,Assault
227666,231457,3,42.847,-78.81,Theft
227667,231458,3,42.876,-78.804,Assault
227669,231460,3,42.855,-78.808,Theft of Vehicle
227670,231461,3,42.898,-78.807,Theft
227672,231463,3,42.891,-78.831,Theft
227680,231471,3,42.846,-78.81,Theft
227684,231475,3,42.836,-78.827,Breaking & Entering
227685,231477,3,42.859,-78.817,Assault
227691,231483,3,42.899,-78.818,Assault
227693,231485,3,42.858,-78.812,Breaking & Entering
227694,231486,3,42.897,-78.819,Theft
227700,231492,3,42.894,-78.838,Assault
227705,231497,3,42.848,-78.827,Assault
227706,231498,3,42.891,-78.826,Assault
227719,231511,3,42.89,-78.815,Theft of Vehicle
227724,231516,3,42.853,-78.823,Theft of Vehicle
227725,231517,3,42.898,-78.807,Theft
227726,231518,3,42.89,-78.806,Theft
227738,231530,3,42.884,-78.839,Theft
227739,231531,3,42.837,-78.824,Theft
227743,231535,3,42.893,-78.841,Robbery
227746,231538,3,42.882,-78.8,Breaking & Entering
227752,231544,3,42.845,-78.825,Theft
227756,231548,3,42.848,-78.812,Assault
227758,231550,3,42.857,-78.812,Assault
227766,231558,3,42.856,-78.834,Assault
227769,231561,3,42.898,-78.807,Theft
227774,231566,3,42.882,-78.848,Breaking & Entering
227777,231569,3,42.853,-78.811,Theft
227793,231585,3,42.895,-78.828,Theft
227807,231599,3,42.867,-78.808,Theft of Vehicle
227812,231604,3,42.884,-78.822,Breaking & Entering
227816,231608,3,42.894,-78.808,Breaking & Entering
227817,231609,3,42.889,-78.808,Theft
227823,231615,3,42.87,-78.85,Theft of Vehicle
227828,231620,3,42.892,-78.808,Theft
227832,231624,3,42.897,-78.816,Breaking & Entering
227836,231629,3,42.872,-78.843,Breaking & Entering
227843,231636,3,42.843,-78.827,Robbery
227847,231640,3,42.88,-78.841,Breaking & Entering
227854,231647,3,42.872,-78.815,Theft
227855,231648,3,42.841,-78.809,Theft
227865,231658,3,42.883,-78.847,Theft
227867,231660,3,42.893,-78.84,Breaking & Entering
227868,231661,3,42.895,-78.82,Theft
227871,231664,3,42.872,-78.805,Assault
227875,231668,3,42.851,-78.804,Assault
227887,231680,3,42.874,-78.824,Breaking & Entering
227892,231685,3,42.883,-78.844,Assault
227903,231696,3,42.885,-78.845,Theft of Vehicle
227909,231702,3,42.894,-78.837,Theft
227914,231707,3,42.892,-78.83,Breaking & Entering
227917,231710,3,42.852,-78.82,Theft
227927,231721,3,42.892,-78.824,Breaking & Entering
227935,231729,3,42.858,-78.804,Theft
227950,231744,3,42.896,-78.821,Theft of Vehicle
227953,231748,3,42.893,-78.841,Theft
227976,231773,3,42.879,-78.832,Theft of Vehicle
227985,231782,3,42.856,-78.833,Breaking & Entering
227989,231786,3,42.859,-78.811,Theft of Vehicle
227993,231790,3,42.875,-78.83,Breaking & Entering
228004,231801,3,42.895,-78.825,Theft
228005,231802,3,42.896,-78.824,Theft of Vehicle
228007,231804,3,42.895,-78.833,Breaking & Entering
228008,231805,3,42.871,-78.833,Breaking & Entering
228012,231809,3,42.856,-78.81,Theft
228019,231816,3,42.856,-78.805,Assault
228021,231818,3,42.848,-78.822,Assault
228022,231819,3,42.886,-78.839,Assault
228024,231821,3,42.884,-78.829,Theft
228034,231831,3,42.893,-78.826,Theft
228044,231841,3,42.887,-78.801,Assault
228052,231850,3,42.893,-78.841,Assault
228058,231856,3,42.85,-78.804,Robbery
228066,231864,3,42.858,-78.81,Theft of Vehicle
228081,231879,3,42.887,-78.815,Breaking & Entering
228082,231880,3,42.848,-78.824,Breaking & Entering
228105,231903,3,42.848,-78.828,Theft
228115,231913,3,42.836,-78.805,Theft
228121,231919,3,42.841,-78.824,Theft
228125,231923,3,42.865,-78.802,Assault
228130,231928,3,42.882,-78.835,Breaking & Entering
228131,231929,3,42.87,-78.811,Assault
228135,231933,3,42.89,-78.802,Assault
228136,231934,3,42.863,-78.821,Breaking & Entering
228137,231935,3,42.882,-78.801,Theft
228140,231938,3,42.844,-78.824,Robbery
228143,231941,3,42.873,-78.809,Theft
228145,231943,3,42.885,-78.803,Theft
228149,231947,3,42.847,-78.814,Assault
228150,231948,3,42.854,-78.828,Assault
228161,231959,3,42.885,-78.848,Breaking & Entering
228163,231961,3,42.894,-78.83,Sexual Assault
228168,231967,3,42.848,-78.824,Other Sexual Offense
228173,231972,3,42.885,-78.838,Breaking & Entering
228181,231980,3,42.89,-78.802,Theft
228183,231982,3,42.873,-78.814,Breaking & Entering
228195,231994,3,42.852,-78.817,Assault
228198,231997,3,42.871,-78.815,Assault
228199,231998,3,42.848,-78.824,Theft
228207,232006,3,42.896,-78.817,Robbery
228208,232007,3,42.886,-78.843,Breaking & Entering
228211,232011,3,42.88,-78.841,Theft
228221,232021,3,42.898,-78.807,Theft
228224,232024,3,42.897,-78.821,Breaking & Entering
228234,232034,3,42.883,-78.844,Breaking & Entering
228239,232039,3,42.852,-78.806,Assault
228243,232043,3,42.84,-78.819,Theft
228244,232044,3,42.848,-78.824,Assault
228256,232056,3,42.886,-78.812,Theft
228257,232057,3,42.841,-78.824,Theft
228262,232062,3,42.899,-78.836,Assault
228266,232066,3,42.895,-78.829,Theft
228267,232067,3,42.858,-78.811,Theft
228272,232072,3,42.892,-78.834,Assault
228283,232083,3,42.899,-78.823,Theft
228288,232088,3,42.851,-78.823,Theft
228293,232093,3,42.873,-78.814,Assault
228300,232100,3,42.899,-78.818,Theft of Vehicle
228301,232101,3,42.894,-78.83,Theft of Vehicle
228303,232103,3,42.851,-78.806,Theft
228306,232106,3,42.893,-78.843,Breaking & Entering
228315,232115,3,42.886,-78.806,Theft
228321,232121,3,42.835,-78.824,Breaking & Entering
228324,232124,3,42.885,-78.811,Theft
228329,232129,3,42.837,-78.816,Theft
228333,232133,3,42.852,-78.816,Theft
228341,232141,3,42.872,-78.842,Breaking & Entering
228346,232147,3,42.894,-78.82,Breaking & Entering
228349,232150,3,42.891,-78.83,Theft of Vehicle
228352,232153,3,42.899,-78.82,Theft
228353,232154,3,42.856,-78.826,Theft
228354,232155,3,42.852,-78.805,Theft
228357,232158,3,42.872,-78.842,Assault
228368,232169,3,42.898,-78.836,Theft
228375,232176,3,42.875,-78.802,Theft
228385,232186,3,42.851,-78.803,Theft
228388,232191,3,42.873,-78.809,Breaking & Entering
228389,232192,3,42.868,-78.856,Breaking & Entering
228397,232201,3,42.858,-78.813,Assault
228405,232209,3,42.852,-78.824,Theft of Vehicle
228407,232211,3,42.871,-78.823,Breaking & Entering
228408,232212,3,42.895,-78.832,Breaking & Entering
228410,232214,3,42.856,-78.829,Theft
228425,232230,3,42.878,-78.815,Assault
228436,232241,3,42.894,-78.822,Theft
228438,232243,3,42.888,-78.815,Theft
228440,232245,3,42.866,-78.803,Assault
228447,232252,3,42.855,-78.827,Theft
228450,232255,3,42.854,-78.82,Assault
228465,232270,3,42.884,-78.841,Assault
228469,232274,3,42.89,-78.832,Theft
228471,232276,3,42.867,-78.846,Assault
228474,232279,3,42.885,-78.814,Breaking & Entering
228480,232285,3,42.893,-78.824,Robbery
228482,232287,3,42.853,-78.832,Breaking & Entering
228487,232292,3,42.847,-78.855,Theft
228488,232293,3,42.853,-78.828,Theft of Vehicle
228491,232296,3,42.892,-78.824,Assault
228498,232303,3,42.861,-78.82,Breaking & Entering
228503,232308,3,42.833,-78.824,Assault
228513,232318,3,42.87,-78.832,Breaking & Entering
228515,232321,3,42.854,-78.827,Breaking & Entering
228518,232324,3,42.894,-78.806,Breaking & Entering
228529,232335,3,42.88,-78.83,Theft
228532,232338,3,42.834,-78.821,Theft
228538,232344,3,42.87,-78.808,Theft
228541,232347,3,42.857,-78.832,Assault
228546,232352,3,42.892,-78.824,Theft
228557,232364,3,42.854,-78.834,Breaking & Entering
228559,232366,3,42.857,-78.812,Assault
228575,232382,3,42.869,-78.811,Breaking & Entering
228581,232388,3,42.837,-78.819,Breaking & Entering
228582,232389,3,42.856,-78.821,Theft
228588,232395,3,42.854,-78.808,Theft
228592,232399,3,42.854,-78.807,Theft
228600,232407,3,42.868,-78.848,Theft
228601,232408,3,42.859,-78.811,Assault
228603,232410,3,42.88,-78.839,Assault
228608,232416,3,42.895,-78.824,Assault
228617,232425,3,42.856,-78.808,Breaking & Entering
228620,232428,3,42.86,-78.825,Theft
228621,232429,3,42.896,-78.82,Theft
228622,232430,3,42.848,-78.822,Theft
228624,232432,3,42.842,-78.809,Breaking & Entering
228632,232440,3,42.855,-78.811,Breaking & Entering
228636,232444,3,42.842,-78.812,Theft
228638,232446,3,42.892,-78.834,Assault
228640,232448,3,42.852,-78.823,Theft
228650,232458,3,42.854,-78.82,Breaking & Entering
228651,232459,3,42.86,-78.805,Assault
228663,232471,3,42.848,-78.812,Theft of Vehicle
228690,232499,3,42.893,-78.833,Theft
228693,232502,3,42.899,-78.831,Breaking & Entering
228700,232509,3,42.877,-78.846,Theft
228708,232517,3,42.895,-78.818,Breaking & Entering
228710,232519,3,42.851,-78.825,Assault
228727,232536,3,42.882,-78.8,Assault
228737,232546,3,42.899,-78.83,Theft of Vehicle
228747,232556,3,42.836,-78.82,Theft
228749,232558,3,42.891,-78.814,Theft of Vehicle
228752,232561,3,42.857,-78.812,Theft
228759,232568,3,42.873,-78.817,Breaking & Entering
228762,232571,3,42.896,-78.818,Robbery
228782,232591,3,42.851,-78.818,Theft
228790,232599,3,42.894,-78.836,Robbery
228802,232611,3,42.897,-78.817,Robbery
228806,232615,3,42.887,-78.805,Theft
228808,232617,3,42.878,-78.829,Breaking & Entering
228809,232618,3,42.887,-78.809,Robbery
228815,232624,3,42.852,-78.804,Breaking & Entering
228817,232626,3,42.898,-78.807,Theft
228818,232627,3,42.889,-78.803,Theft
228820,232629,3,42.857,-78.812,Theft
228823,232632,3,42.852,-78.813,Assault
228825,232634,3,42.871,-78.823,Breaking & Entering
228829,232638,3,42.837,-78.809,Assault
228833,232642,3,42.879,-78.801,Breaking & Entering
228835,232644,3,42.87,-78.805,Theft
228859,232669,3,42.898,-78.823,Assault
228865,232676,3,42.893,-78.839,Assault
228866,232677,3,42.854,-78.828,Robbery
228870,232681,3,42.847,-78.824,Theft
228873,232684,3,42.865,-78.807,Theft
228874,232685,3,42.897,-78.84,Robbery
228875,232686,3,42.87,-78.807,Assault
228878,232689,3,42.873,-78.825,Robbery
228880,232691,3,42.885,-78.839,Theft
228881,232692,3,42.835,-78.824,Assault
228893,232704,3,42.844,-78.832,Breaking & Entering
228894,232705,3,42.894,-78.828,Breaking & Entering
228896,232707,3,42.869,-78.847,Breaking & Entering
228908,232719,3,42.866,-78.858,Assault
228909,232720,3,42.856,-78.833,Theft
228913,232724,3,42.834,-78.818,Theft
228915,232726,3,42.897,-78.814,Theft
228919,232730,3,42.895,-78.836,Assault
228927,232738,3,42.853,-78.826,Assault
228928,232739,3,42.893,-78.803,Breaking & Entering
228943,232754,3,42.867,-78.823,Theft
228944,232755,3,42.86,-78.801,Robbery
228949,232760,3,42.852,-78.825,Assault
228950,232761,3,42.886,-78.8,Theft
228952,232763,3,42.894,-78.843,Theft
228960,232772,3,42.894,-78.809,Breaking & Entering
228964,232776,3,42.872,-78.801,Breaking & Entering
228967,232779,3,42.898,-78.824,Theft
228973,232785,3,42.84,-78.817,Theft
228974,232786,3,42.893,-78.839,Robbery
228981,232793,3,42.845,-78.825,Breaking & Entering
228983,232795,3,42.894,-78.824,Breaking & Entering
228990,232802,3,42.856,-78.831,Theft
228991,232803,3,42.893,-78.803,Assault
228995,232807,3,42.868,-78.847,Breaking & Entering
229021,232833,3,42.89,-78.837,Breaking & Entering
229028,232840,3,42.88,-78.835,Theft
229029,232841,3,42.871,-78.834,Breaking & Entering
229030,232842,3,42.893,-78.839,Theft
229043,232856,3,42.892,-78.825,Assault
229050,232863,3,42.837,-78.828,Theft
229056,232869,3,42.859,-78.808,Theft
229060,232873,3,42.887,-78.836,Breaking & Entering
229068,232881,3,42.894,-78.834,Theft of Vehicle
229072,232885,3,42.871,-78.816,Theft
229076,232889,3,42.874,-78.852,Breaking & Entering
229078,232891,3,42.862,-78.821,Breaking & Entering
229099,232912,3,42.872,-78.81,Assault
229100,232913,3,42.891,-78.814,Robbery
229103,232916,3,42.834,-78.843,Theft of Vehicle
229105,232918,3,42.892,-78.841,Theft
229109,232922,3,42.873,-78.802,Breaking & Entering
229123,232936,3,42.895,-78.834,Theft
229125,232938,3,42.887,-78.815,Theft
229127,232940,3,42.856,-78.809,Breaking & Entering
229130,232943,3,42.877,-78.803,Robbery
229131,232944,3,42.893,-78.841,Breaking & Entering
229133,232946,3,42.842,-78.825,Assault
229141,232954,3,42.848,-78.812,Sexual Assault
229142,232955,3,42.878,-78.801,Theft
229147,232960,3,42.883,-78.846,Breaking & Entering
229164,232977,3,42.84,-78.802,Breaking & Entering
229168,232981,3,42.857,-78.812,Assault
229170,232983,3,42.852,-78.825,Assault
229171,232984,3,42.84,-78.825,Theft of Vehicle
229172,232985,3,42.852,-78.829,Theft
229176,232989,3,42.857,-78.829,Assault
229214,233027,3,42.851,-78.822,Theft
229225,233038,3,42.893,-78.837,Theft
229226,233039,3,42.867,-78.848,Breaking & Entering
229232,233045,3,42.872,-78.812,Theft
229234,233047,3,42.852,-78.829,Theft
229236,233049,3,42.857,-78.807,Assault
229244,233058,3,42.887,-78.809,Theft
229252,233066,3,42.866,-78.849,Assault
229254,233068,3,42.851,-78.827,Breaking & Entering
229258,233072,3,42.848,-78.814,Breaking & Entering
229259,233073,3,42.872,-78.804,Homicide
229263,233077,3,42.861,-78.817,Theft
229269,233083,3,42.88,-78.814,Assault
229275,233089,3,42.855,-78.809,Theft
229282,233096,3,42.893,-78.829,Breaking & Entering
229286,233101,3,42.885,-78.814,Robbery
229292,233107,3,42.877,-78.851,Assault
229294,233109,3,42.881,-78.841,Theft
229295,233110,3,42.892,-78.832,Theft
229298,233113,3,42.887,-78.812,Assault
229305,233120,3,42.884,-78.825,Theft
229320,233135,3,42.869,-78.806,Breaking & Entering
229323,233138,3,42.842,-78.809,Robbery
229325,233140,3,42.889,-78.834,Theft
229328,233143,3,42.848,-78.824,Assault
229334,233149,3,42.894,-78.824,Theft
229337,233152,3,42.896,-78.822,Assault
229338,233153,3,42.898,-78.807,Theft
229353,233168,3,42.843,-78.819,Theft
229357,233172,3,42.898,-78.818,Assault
229391,233207,3,42.898,-78.807,Theft
229412,233228,3,42.85,-78.801,Assault
229415,233231,3,42.878,-78.835,Theft
229423,233240,3,42.847,-78.803,Theft
229425,233242,3,42.851,-78.802,Breaking & Entering
229426,233243,3,42.897,-78.818,Theft
229427,233244,3,42.856,-78.812,Assault
229429,233246,3,42.872,-78.818,Theft
229434,233251,3,42.85,-78.831,Breaking & Entering
229436,233253,3,42.871,-78.811,Theft
229442,233259,3,42.886,-78.809,Breaking & Entering
229445,233262,3,42.886,-78.8,Theft
229446,233263,3,42.897,-78.825,Sexual Offense
229449,233267,3,42.876,-78.843,Breaking & Entering
229454,233272,3,42.872,-78.812,Theft
229463,233281,3,42.879,-78.836,Assault
229466,233284,3,42.876,-78.828,Theft
229468,233286,3,42.877,-78.817,Assault
229471,233289,3,42.87,-78.849,Theft
229472,233290,3,42.852,-78.826,Assault
229475,233293,3,42.89,-78.803,Robbery
229476,233294,3,42.895,-78.815,Theft of Vehicle
229478,233296,3,42.871,-78.851,Breaking & Entering
229482,233300,3,42.853,-78.805,Assault
229506,233324,3,42.853,-78.824,Theft
229510,233328,3,42.844,-78.825,Assault
229517,233335,3,42.897,-78.815,Theft
229523,233341,3,42.897,-78.817,Assault
229526,233344,3,42.844,-78.825,Theft
229536,233354,3,42.867,-78.822,Theft
229540,233358,3,42.838,-78.829,Theft
229543,233361,3,42.858,-78.813,Theft
229545,233363,3,42.889,-78.814,Theft
229549,233368,3,42.89,-78.813,Assault
229550,233369,3,42.854,-78.809,Theft
229551,233370,3,42.897,-78.804,Breaking & Entering
229561,233381,3,42.899,-78.814,Theft
229562,233382,3,42.835,-78.811,Theft
229563,233383,3,42.898,-78.807,Theft
229570,233390,3,42.872,-78.807,Assault
229574,233394,3,42.846,-78.819,Robbery
229575,233395,3,42.893,-78.821,Breaking & Entering
229580,233400,3,42.854,-78.807,Robbery
229585,233405,3,42.838,-78.808,Theft
229601,233422,3,42.843,-78.823,Assault
229603,233424,3,42.858,-78.831,Theft
229606,233427,3,42.898,-78.807,Theft of Vehicle
229609,233430,3,42.873,-78.825,Theft
229616,233438,3,42.894,-78.834,Theft of Vehicle
229622,233444,3,42.888,-78.816,Theft
229636,233459,3,42.86,-78.825,Assault
229640,233463,3,42.84,-78.808,Assault
229642,233465,3,42.857,-78.808,Assault
229643,233466,3,42.848,-78.824,Assault
229646,233469,3,42.892,-78.836,Theft
229651,233474,3,42.858,-78.813,Theft
229652,233475,3,42.889,-78.808,Theft
229656,233479,3,42.888,-78.809,Theft of Vehicle
229681,233504,3,42.892,-78.84,Assault
229688,233511,3,42.838,-78.802,Breaking & Entering
229690,233513,3,42.856,-78.829,Assault
229701,233525,3,42.885,-78.835,Assault
229716,233540,3,42.85,-78.803,Assault
229722,233546,3,42.853,-78.805,Theft
229723,233547,3,42.854,-78.834,Breaking & Entering
229728,233552,3,42.897,-78.817,Breaking & Entering
229729,233553,3,42.896,-78.814,Assault
229735,233559,3,42.856,-78.808,Theft
229738,233562,3,42.847,-78.801,Breaking & Entering
229745,233569,3,42.898,-78.832,Theft
229752,233576,3,42.89,-78.81,Theft
229757,233581,3,42.892,-78.84,Theft of Vehicle
229767,233591,3,42.853,-78.807,Assault
229768,233592,3,42.858,-78.809,Breaking & Entering
229775,233599,3,42.885,-78.806,Assault
229782,233606,3,42.838,-78.809,Theft
229793,233617,3,42.839,-78.803,Theft
229799,233623,3,42.887,-78.808,Theft of Vehicle
229810,233634,3,42.881,-78.841,Assault
229814,233638,3,42.896,-78.833,Theft
229815,233639,3,42.849,-78.802,Theft
229822,233646,3,42.88,-78.828,Theft
229823,233647,3,42.894,-78.804,Theft
229824,233648,3,42.859,-78.834,Assault
229831,233655,3,42.895,-78.838,Theft
229834,233658,3,42.85,-78.801,Assault
229835,233659,3,42.889,-78.811,Theft
229841,233665,3,42.89,-78.834,Theft of Vehicle
229848,233672,3,42.837,-78.806,Breaking & Entering
229850,233674,3,42.845,-78.823,Theft
229853,233677,3,42.858,-78.831,Theft
229857,233681,3,42.869,-78.806,Assault
229866,233690,3,42.858,-78.831,Theft
229868,233692,3,42.878,-78.801,Breaking & Entering
229871,233695,3,42.899,-78.816,Assault
229873,233697,3,42.891,-78.836,Theft
229884,233708,3,42.874,-78.827,Breaking & Entering
229887,233711,3,42.857,-78.812,Assault
229888,233712,3,42.853,-78.806,Theft
229895,233719,3,42.854,-78.831,Breaking & Entering
229896,233720,3,42.869,-78.829,Breaking & Entering
229898,233722,3,42.839,-78.857,Theft
229901,233725,3,42.884,-78.839,Theft of Vehicle
229905,233729,3,42.899,-78.816,Breaking & Entering
229907,233731,3,42.85,-78.803,Breaking & Entering
229909,233733,3,42.847,-78.832,Breaking & Entering
229910,233734,3,42.872,-78.851,Breaking & Entering
229915,233739,3,42.856,-78.836,Breaking & Entering
229919,233743,3,42.877,-78.812,Theft
229923,233748,3,42.888,-78.836,Assault
229924,233749,3,42.891,-78.831,Theft
229937,233762,3,42.866,-78.807,Theft
229940,233765,3,42.854,-78.808,Robbery
229945,233770,3,42.891,-78.825,Assault
229946,233771,3,42.879,-78.839,Robbery
229950,233775,3,42.894,-78.821,Breaking & Entering
229956,233781,3,42.874,-78.801,Assault
229958,233783,3,42.847,-78.802,Theft of Vehicle
229960,233785,3,42.843,-78.824,Theft of Vehicle
229969,233795,3,42.898,-78.822,Assault
229978,233804,3,42.892,-78.833,Breaking & Entering
229979,233805,3,42.87,-78.804,Assault
229992,233818,3,42.854,-78.832,Theft
229994,233820,3,42.841,-78.824,Theft
229998,233824,3,42.866,-78.858,Theft
230001,233827,3,42.891,-78.8,Assault
230002,233828,3,42.846,-78.827,Robbery
230003,233829,3,42.849,-78.801,Assault
230010,233836,3,42.894,-78.834,Theft
230013,233839,3,42.866,-78.848,Assault
230017,233843,3,42.864,-78.844,Breaking & Entering
230018,233844,3,42.898,-78.815,Robbery
230043,233870,3,42.899,-78.817,Theft
230054,233881,3,42.893,-78.836,Assault
230067,233894,3,42.86,-78.807,Theft
230071,233898,3,42.84,-78.826,Theft
230093,233920,3,42.899,-78.816,Assault
230094,233921,3,42.857,-78.807,Theft of Vehicle
230102,233929,3,42.884,-78.835,Breaking & Entering
230103,233930,3,42.898,-78.837,Theft
230106,233934,3,42.842,-78.824,Assault
230109,233937,3,42.854,-78.832,Breaking & Entering
230110,233938,3,42.885,-78.839,Theft
230112,233940,3,42.854,-78.808,Theft
230113,233941,3,42.886,-78.805,Breaking & Entering
230114,233942,3,42.838,-78.801,Theft of Vehicle
230123,233951,3,42.896,-78.823,Assault
230137,233965,3,42.848,-78.816,Assault
230140,233968,3,42.872,-78.8,Assault
230142,233970,3,42.854,-78.803,Breaking & Entering
230146,233974,3,42.895,-78.833,Breaking & Entering
230149,233977,3,42.836,-78.822,Theft
230151,233979,3,42.851,-78.817,Theft
230171,234000,3,42.881,-78.805,Breaking & Entering
230172,234001,3,42.875,-78.828,Breaking & Entering
230180,234009,3,42.898,-78.824,Theft
230181,234010,3,42.872,-78.853,Theft of Vehicle
230182,234011,3,42.892,-78.844,Theft
230183,234012,3,42.894,-78.827,Assault
230186,234015,3,42.853,-78.828,Breaking & Entering
230189,234018,3,42.848,-78.824,Theft
230190,234019,3,42.844,-78.827,Theft
230194,234023,3,42.89,-78.805,Theft
230204,234033,3,42.894,-78.832,Theft
230206,234035,3,42.898,-78.807,Assault
230218,234047,3,42.855,-78.806,Assault
230224,234054,3,42.857,-78.808,Theft
230234,234064,3,42.892,-78.832,Theft
230241,234071,3,42.856,-78.833,Assault
230248,234078,3,42.844,-78.828,Other Sexual Offense
230250,234080,3,42.893,-78.821,Breaking & Entering
230255,234085,3,42.854,-78.807,Breaking & Entering
230259,234089,3,42.896,-78.838,Theft of Vehicle
230260,234090,3,42.864,-78.844,Theft
230273,234103,3,42.869,-78.809,Theft of Vehicle
230274,234104,3,42.851,-78.821,Theft
230281,234112,3,42.85,-78.815,Breaking & Entering
230290,234122,3,42.86,-78.818,Assault
230295,234127,3,42.89,-78.802,Robbery
230296,234128,3,42.882,-78.833,Robbery
230308,234140,3,42.895,-78.84,Breaking & Entering
230310,234142,3,42.894,-78.826,Assault
230314,234146,3,42.852,-78.826,Assault
230322,234154,3,42.897,-78.84,Theft of Vehicle
230335,234167,3,42.881,-78.833,Breaking & Entering
230339,234171,3,42.855,-78.801,Breaking & Entering
230345,234177,3,42.848,-78.824,Theft of Vehicle
230348,234180,3,42.854,-78.81,Assault
230352,234184,3,42.874,-78.805,Assault
230364,234196,3,42.886,-78.801,Theft
230372,234204,3,42.899,-78.81,Theft
230373,234205,3,42.844,-78.821,Breaking & Entering
230381,234213,3,42.866,-78.807,Other Sexual Offense
230382,234214,3,42.848,-78.812,Theft
230388,234220,3,42.895,-78.822,Assault
230391,234223,3,42.88,-78.84,Theft of Vehicle
230393,234225,3,42.899,-78.818,Robbery
230395,234227,3,42.882,-78.848,Assault
230404,234236,3,42.837,-78.813,Breaking & Entering
230407,234239,3,42.872,-78.801,Theft of Vehicle
230410,234242,3,42.89,-78.805,Theft
230416,234248,3,42.894,-78.83,Theft
230420,234252,3,42.891,-78.801,Breaking & Entering
230432,234265,3,42.852,-78.809,Assault
230447,234280,3,42.881,-78.801,Theft
230454,234287,3,42.84,-78.821,Theft
230462,234295,3,42.898,-78.807,Theft of Vehicle
230472,234305,3,42.892,-78.838,Breaking & Entering
230476,234309,3,42.874,-78.807,Assault
230484,234317,3,42.877,-78.825,Breaking & Entering
230488,234321,3,42.896,-78.814,Theft of Vehicle
230511,234344,3,42.878,-78.834,Assault
230523,234356,3,42.892,-78.832,Assault
230526,234359,3,42.856,-78.817,Theft
230535,234368,3,42.851,-78.801,Breaking & Entering
230547,234380,3,42.896,-78.802,Theft
230549,234382,3,42.876,-78.804,Assault
230550,234383,3,42.894,-78.826,Assault
230563,234396,3,42.85,-78.824,Theft
230566,234399,3,42.887,-78.815,Assault
230571,234404,3,42.899,-78.823,Theft
230578,234411,3,42.843,-78.823,Assault
230588,234421,3,42.891,-78.813,Theft
230602,234435,3,42.898,-78.807,Theft
230605,234438,3,42.896,-78.823,Breaking & Entering
230616,234449,3,42.857,-78.837,Breaking & Entering
230622,234455,3,42.842,-78.816,Assault
230632,234465,3,42.857,-78.823,Sexual Assault
230637,234471,3,42.868,-78.851,Breaking & Entering
230640,234474,3,42.898,-78.839,Robbery
230644,234478,3,42.845,-78.824,Theft
230648,234482,3,42.854,-78.83,Breaking & Entering
230649,234483,3,42.894,-78.822,Robbery
230651,234485,3,42.872,-78.832,Breaking & Entering
230654,234488,3,42.843,-78.824,Theft
230669,234503,3,42.887,-78.808,Assault
230674,234508,3,42.851,-78.811,Breaking & Entering
230675,234509,3,42.894,-78.835,Assault
230676,234510,3,42.848,-78.808,Theft
230685,234519,3,42.899,-78.838,Theft
230687,234521,3,42.869,-78.844,Theft
230690,234525,3,42.871,-78.804,Breaking & Entering
230697,234532,3,42.886,-78.838,Theft
230699,234534,3,42.863,-78.809,Robbery
230702,234537,3,42.881,-78.801,Theft
230709,234544,3,42.872,-78.804,Theft
230711,234546,3,42.888,-78.814,Theft
230715,234550,3,42.841,-78.82,Assault
230724,234559,3,42.862,-78.814,Theft
230726,234561,3,42.893,-78.831,Breaking & Entering
230730,234565,3,42.866,-78.822,Breaking & Entering
230734,234570,3,42.84,-78.813,Theft
230740,234576,3,42.858,-78.818,Assault
230743,234579,3,42.884,-78.822,Breaking & Entering
230744,234580,3,42.872,-78.809,Assault
230748,234584,3,42.851,-78.827,Theft
230751,234587,3,42.852,-78.822,Breaking & Entering
230760,234596,3,42.894,-78.828,Breaking & Entering
230762,234598,3,42.862,-78.819,Breaking & Entering
230766,234603,3,42.88,-78.835,Breaking & Entering
230770,234607,3,42.881,-78.84,Breaking & Entering
230772,234609,3,42.893,-78.823,Breaking & Entering
230774,234611,3,42.884,-78.846,Assault
230777,234614,3,42.891,-78.814,Theft
230789,234626,3,42.895,-78.829,Theft
230796,234633,3,42.896,-78.835,Theft
230797,234634,3,42.885,-78.84,Breaking & Entering
230798,234635,3,42.86,-78.825,Theft of Vehicle
230801,234638,3,42.882,-78.831,Breaking & Entering
230803,234640,3,42.831,-78.824,Theft
230807,234644,3,42.893,-78.83,Theft
230815,234652,3,42.896,-78.818,Assault
230821,234658,3,42.89,-78.812,Theft of Vehicle
230822,234659,3,42.847,-78.831,Assault
230824,234661,3,42.848,-78.808,Assault
230828,234665,3,42.878,-78.833,Breaking & Entering
230837,234674,3,42.875,-78.844,Breaking & Entering
230841,234678,3,42.858,-78.831,Theft
230850,234687,3,42.856,-78.832,Robbery
230854,234692,3,42.844,-78.829,Sexual Offense
230856,234694,3,42.893,-78.824,Breaking & Entering
230864,234703,3,42.894,-78.822,Breaking & Entering
230868,234707,3,42.854,-78.808,Theft
230880,234719,3,42.845,-78.824,Theft
230881,234720,3,42.896,-78.819,Assault
230898,234738,3,42.871,-78.805,Assault
230907,234747,3,42.854,-78.828,Breaking & Entering
230909,234749,3,42.851,-78.806,Theft
230912,234752,3,42.833,-78.824,Theft
230913,234753,3,42.888,-78.807,Breaking & Entering
230919,234759,3,42.854,-78.83,Theft
230923,234763,3,42.897,-78.817,Robbery
230933,234773,3,42.879,-78.842,Homicide
230944,234784,3,42.873,-78.846,Theft
230955,234796,3,42.883,-78.836,Breaking & Entering
230956,234797,3,42.875,-78.804,Breaking & Entering
230959,234800,3,42.867,-78.806,Assault
230963,234804,3,42.883,-78.837,Breaking & Entering
230970,234811,3,42.888,-78.815,Theft
230971,234812,3,42.897,-78.817,Theft
230977,234818,3,42.897,-78.818,Assault
230981,234822,3,42.837,-78.81,Theft
230983,234824,3,42.869,-78.85,Theft
230986,234827,3,42.858,-78.808,Theft
231000,234841,3,42.853,-78.82,Robbery
231006,234847,3,42.887,-78.808,Assault
231017,234858,3,42.832,-78.815,Robbery
231020,234861,3,42.832,-78.815,Theft
231023,234864,3,42.872,-78.822,Theft of Vehicle
231031,234873,3,42.835,-78.803,Assault
231032,234875,3,42.889,-78.836,Assault
231034,234877,3,42.877,-78.825,Assault
231053,234896,3,42.891,-78.811,Breaking & Entering
231056,234899,3,42.894,-78.843,Assault
231060,234903,3,42.849,-78.829,Assault
231064,234907,3,42.89,-78.815,Assault
231068,234911,3,42.855,-78.806,Assault
231070,234913,3,42.896,-78.819,Theft of Vehicle
231071,234914,3,42.896,-78.838,Theft
231078,234922,3,42.858,-78.831,Theft
231079,234923,3,42.897,-78.821,Theft
231092,234936,3,42.871,-78.836,Breaking & Entering
231107,234951,3,42.871,-78.834,Theft
231113,234957,3,42.879,-78.801,Theft
231115,234959,3,42.871,-78.834,Assault
231120,234964,3,42.876,-78.804,Breaking & Entering
231123,234967,3,42.833,-78.803,Breaking & Entering
231125,234969,3,42.842,-78.821,Assault
231126,234970,3,42.892,-78.835,Theft
231132,234976,3,42.86,-78.818,Breaking & Entering
231138,234982,3,42.878,-78.802,Theft
231139,234983,3,42.869,-78.829,Theft
231159,235003,3,42.858,-78.81,Assault
231166,235010,3,42.867,-78.836,Theft
231173,235017,3,42.875,-78.804,Breaking & Entering
231176,235020,3,42.853,-78.81,Theft
231183,235027,3,42.855,-78.833,Assault
231190,235034,3,42.889,-78.837,Robbery
231203,235047,3,42.893,-78.838,Theft
231208,235052,3,42.845,-78.824,Robbery
231209,235053,3,42.89,-78.834,Breaking & Entering
231212,235056,3,42.842,-78.82,Assault
231214,235058,3,42.878,-78.848,Theft
231227,235071,3,42.879,-78.836,Breaking & Entering
231242,235086,3,42.887,-78.841,Theft
231244,235088,3,42.894,-78.839,Assault
231254,235099,3,42.889,-78.808,Robbery
231261,235106,3,42.894,-78.82,Breaking & Entering
231264,235110,3,42.848,-78.801,Robbery
231265,235111,3,42.854,-78.808,Theft
231266,235112,3,42.86,-78.821,Theft of Vehicle
231270,235117,3,42.892,-78.814,Theft of Vehicle
231273,235120,3,42.895,-78.828,Breaking & Entering
231288,235135,3,42.896,-78.817,Robbery
231291,235138,3,42.865,-78.856,Assault
231299,235146,3,42.861,-78.815,Breaking & Entering
231303,235150,3,42.898,-78.818,Breaking & Entering
231304,235151,3,42.871,-78.851,Breaking & Entering
231315,235162,3,42.888,-78.808,Assault
231322,235169,3,42.896,-78.836,Theft
231324,235171,3,42.858,-78.811,Theft
231334,235182,3,42.899,-78.831,Breaking & Entering
231336,235185,3,42.843,-78.82,Assault
231342,235191,3,42.887,-78.806,Assault
231343,235192,3,42.844,-78.823,Theft
231346,235195,3,42.839,-78.821,Theft
231363,235212,3,42.857,-78.812,Robbery
231366,235215,3,42.894,-78.835,Assault
231367,235216,3,42.896,-78.836,Breaking & Entering
231368,235217,3,42.899,-78.818,Assault
231378,235227,3,42.893,-78.839,Other Sexual Offense
231384,235233,3,42.835,-78.824,Theft
231393,235242,3,42.837,-78.821,Theft
231395,235244,3,42.852,-78.829,Theft
231404,235254,3,42.87,-78.806,Theft of Vehicle
231407,235257,3,42.854,-78.808,Theft
231409,235259,3,42.859,-78.822,Theft of Vehicle
231410,235260,3,42.833,-78.824,Theft
231423,235273,3,42.869,-78.831,Theft of Vehicle
231426,235276,3,42.837,-78.858,Breaking & Entering
231430,235280,3,42.867,-78.823,Breaking & Entering
231436,235286,3,42.874,-78.806,Breaking & Entering
231439,235289,3,42.847,-78.83,Assault
231443,235293,3,42.89,-78.833,Assault
231449,235299,3,42.871,-78.834,Theft
231453,235303,3,42.892,-78.836,Breaking & Entering
231454,235304,3,42.891,-78.807,Assault
231456,235306,3,42.853,-78.805,Assault
231463,235313,3,42.891,-78.803,Breaking & Entering
231483,235333,3,42.898,-78.817,Theft of Vehicle
231489,235339,3,42.847,-78.821,Theft
231496,235346,3,42.874,-78.81,Breaking & Entering
231510,235360,3,42.896,-78.821,Theft
231518,235369,3,42.85,-78.803,Breaking & Entering
231523,235374,3,42.887,-78.805,Assault
231527,235378,3,42.847,-78.81,Theft
231538,235389,3,42.856,-78.808,Theft
231544,235395,3,42.859,-78.804,Breaking & Entering
231559,235410,3,42.858,-78.815,Theft
231561,235412,3,42.895,-78.824,Assault
231566,235417,3,42.893,-78.836,Assault
231575,235426,3,42.869,-78.849,Theft
231587,235439,3,42.895,-78.824,Theft
231606,235458,3,42.86,-78.825,Theft
231609,235461,3,42.885,-78.839,Theft
231615,235467,3,42.861,-78.817,Theft
231618,235470,3,42.885,-78.84,Robbery
231627,235479,3,42.873,-78.807,Theft
231634,235486,3,42.853,-78.824,Sexual Assault
231640,235492,3,42.858,-78.831,Theft
231643,235495,3,42.859,-78.804,Robbery
231644,235496,3,42.891,-78.832,Breaking & Entering
231656,235508,3,42.893,-78.835,Theft
231658,235510,3,42.898,-78.806,Theft
231662,235514,3,42.852,-78.826,Assault
231668,235520,3,42.883,-78.849,Breaking & Entering
231673,235525,3,42.867,-78.805,Theft
231674,235526,3,42.891,-78.833,Assault
231677,235529,3,42.896,-78.838,Assault
231681,235533,3,42.882,-78.833,Breaking & Entering
231704,235557,3,42.849,-78.818,Theft of Vehicle
231712,235565,3,42.896,-78.838,Assault
231722,235575,3,42.855,-78.81,Breaking & Entering
231729,235582,3,42.842,-78.824,Other Sexual Offense
231739,235592,3,42.892,-78.837,Breaking & Entering
231740,235593,3,42.856,-78.808,Theft
231741,235594,3,42.898,-78.819,Theft
231751,235604,3,42.87,-78.811,Assault
231754,235607,3,42.86,-78.825,Theft
231766,235619,3,42.872,-78.805,Theft
231767,235620,3,42.896,-78.833,Breaking & Entering
231768,235621,3,42.89,-78.801,Breaking & Entering
231769,235622,3,42.848,-78.823,Breaking & Entering
231782,235635,3,42.856,-78.809,Theft
231784,235637,3,42.84,-78.802,Breaking & Entering
231796,235650,3,42.848,-78.823,Theft
231797,235651,3,42.847,-78.832,Robbery
231801,235655,3,42.873,-78.827,Assault
231802,235656,3,42.875,-78.808,Breaking & Entering
231804,235658,3,42.865,-78.824,Theft
231805,235659,3,42.868,-78.851,Theft
231808,235662,3,42.849,-78.801,Theft
231810,235664,3,42.888,-78.819,Robbery
231811,235665,3,42.847,-78.802,Theft
231814,235668,3,42.878,-78.815,Theft
231818,235672,3,42.893,-78.831,Assault
231828,235682,3,42.871,-78.807,Breaking & Entering
231829,235683,3,42.857,-78.813,Theft
231832,235687,3,42.854,-78.818,Breaking & Entering
231835,235690,3,42.833,-78.807,Theft
231839,235694,3,42.897,-78.814,Theft of Vehicle
231851,235707,3,42.887,-78.836,Assault
231863,235719,3,42.897,-78.819,Assault
231866,235722,3,42.871,-78.836,Assault
231876,235732,3,42.887,-78.811,Breaking & Entering
231885,235741,3,42.851,-78.821,Assault
231888,235744,3,42.887,-78.842,Robbery
231890,235746,3,42.855,-78.824,Theft
231894,235750,3,42.898,-78.807,Theft
231901,235757,3,42.857,-78.812,Theft
231903,235759,3,42.871,-78.811,Theft
231906,235762,3,42.853,-78.803,Theft of Vehicle
231908,235764,3,42.857,-78.829,Theft
231909,235765,3,42.868,-78.847,Breaking & Entering
231914,235770,3,42.853,-78.824,Assault
231921,235777,3,42.898,-78.836,Breaking & Entering
231923,235779,3,42.875,-78.846,Breaking & Entering
231925,235781,3,42.847,-78.832,Theft
231928,235784,3,42.893,-78.821,Breaking & Entering
231931,235787,3,42.845,-78.823,Theft
231935,235791,3,42.856,-78.811,Assault
231937,235793,3,42.851,-78.832,Theft
231945,235801,3,42.864,-78.818,Breaking & Entering
231957,235813,3,42.846,-78.83,Theft
231959,235815,3,42.87,-78.832,Assault
231960,235816,3,42.854,-78.806,Breaking & Entering
231963,235819,3,42.854,-78.82,Breaking & Entering
231974,235830,3,42.859,-78.835,Theft
232002,235858,3,42.851,-78.827,Theft of Vehicle
232009,235866,3,42.855,-78.81,Assault
232011,235868,3,42.873,-78.806,Breaking & Entering
232021,235878,3,42.856,-78.822,Theft
232023,235880,3,42.884,-78.839,Breaking & Entering
232024,235881,3,42.87,-78.807,Breaking & Entering
232025,235882,3,42.889,-78.815,Theft
232027,235884,3,42.836,-78.807,Assault
232033,235890,3,42.877,-78.812,Breaking & Entering
232034,235891,3,42.866,-78.848,Theft
232036,235893,3,42.851,-78.819,Theft
232043,235900,3,42.868,-78.856,Theft
232046,235903,3,42.894,-78.82,Assault
232052,235909,3,42.845,-78.823,Theft
232062,235919,3,42.857,-78.811,Assault
232073,235930,3,42.897,-78.821,Theft
232086,235943,3,42.87,-78.836,Breaking & Entering
232093,235950,3,42.886,-78.84,Theft
232096,235953,3,42.858,-78.831,Theft
232100,235957,3,42.837,-78.83,Breaking & Entering
232103,235960,3,42.868,-78.809,Theft
232109,235967,3,42.868,-78.808,Assault
232110,235968,3,42.895,-78.825,Assault
232112,235970,3,42.848,-78.812,Assault
232121,235979,3,42.892,-78.831,Assault
232130,235988,3,42.863,-78.812,Breaking & Entering
232131,235989,3,42.853,-78.821,Breaking & Entering
232134,235992,3,42.893,-78.828,Theft of Vehicle
232140,235998,3,42.889,-78.838,Breaking & Entering
232150,236008,3,42.872,-78.845,Theft
232151,236009,3,42.894,-78.83,Theft
232155,236013,3,42.857,-78.812,Theft
232173,236031,3,42.857,-78.824,Theft
232184,236042,3,42.885,-78.807,Theft of Vehicle
232186,236044,3,42.858,-78.823,Breaking & Entering
232187,236045,3,42.846,-78.82,Theft
232188,236046,3,42.896,-78.82,Breaking & Entering
232196,236054,3,42.846,-78.823,Breaking & Entering
232206,236064,3,42.882,-78.849,Assault
232209,236067,3,42.89,-78.802,Theft
232217,236075,3,42.894,-78.83,Theft
232221,236079,3,42.892,-78.833,Breaking & Entering
232226,236084,3,42.896,-78.83,Theft
232228,236086,3,42.886,-78.839,Theft of Vehicle
232234,236092,3,42.862,-78.813,Theft
232244,236102,3,42.888,-78.815,Theft
232252,236111,3,42.89,-78.837,Theft
232257,236116,3,42.858,-78.831,Theft
232258,236117,3,42.879,-78.844,Theft
232276,236136,3,42.845,-78.829,Theft
232277,236137,3,42.898,-78.823,Theft of Vehicle
232278,236138,3,42.848,-78.824,Theft
232279,236139,3,42.888,-78.846,Assault
232287,236147,3,42.885,-78.839,Theft
232289,236149,3,42.859,-78.825,Theft
232294,236154,3,42.852,-78.823,Theft
232297,236157,3,42.873,-78.811,Theft
232305,236165,3,42.872,-78.812,Theft
232306,236166,3,42.831,-78.824,Theft
232307,236167,3,42.894,-78.816,Breaking & Entering
232310,236170,3,42.898,-78.816,Assault
232314,236174,3,42.846,-78.816,Theft
232323,236183,3,42.871,-78.833,Robbery
232324,236184,3,42.891,-78.835,Assault
232325,236185,3,42.867,-78.847,Theft
232332,236192,3,42.848,-78.828,Theft
232333,236193,3,42.85,-78.815,Assault
232344,236204,3,42.847,-78.832,Assault
232352,236213,3,42.854,-78.818,Theft
232359,236220,3,42.887,-78.803,Sexual Assault
232371,236233,3,42.88,-78.843,Breaking & Entering
232375,236237,3,42.892,-78.823,Theft
232385,236247,3,42.895,-78.829,Theft
232391,236253,3,42.87,-78.81,Breaking & Entering
232397,236259,3,42.85,-78.815,Theft
232405,236267,3,42.876,-78.843,Assault
232406,236268,3,42.896,-78.824,Sexual Assault
232415,236277,3,42.873,-78.844,Assault
232426,236289,3,42.889,-78.803,Theft
232428,236291,3,42.887,-78.8,Breaking & Entering
232431,236294,3,42.871,-78.816,Breaking & Entering
232432,236295,3,42.852,-78.827,Theft
232449,236312,3,42.858,-78.813,Assault
232453,236316,3,42.897,-78.817,Robbery
232456,236319,3,42.868,-78.848,Assault
232466,236329,3,42.872,-78.822,Theft
232476,236339,3,42.894,-78.809,Theft
232477,236340,3,42.85,-78.814,Theft of Vehicle
232483,236346,3,42.858,-78.833,Theft
232484,236347,3,42.894,-78.828,Assault
232490,236353,3,42.893,-78.806,Assault
232493,236356,3,42.895,-78.822,Robbery
232498,236361,3,42.89,-78.814,Robbery
232518,236382,3,42.898,-78.807,Assault
232520,236384,3,42.881,-78.834,Assault
232521,236385,3,42.872,-78.806,Assault
232531,236395,3,42.886,-78.809,Theft
232534,236398,3,42.848,-78.812,Theft
232538,236402,3,42.839,-78.81,Breaking & Entering
232540,236404,3,42.838,-78.806,Theft
232542,236406,3,42.857,-78.812,Theft
232543,236407,3,42.855,-78.81,Assault
232556,236420,3,42.851,-78.801,Theft
232564,236428,3,42.833,-78.822,Breaking & Entering
232567,236431,3,42.855,-78.835,Breaking & Entering
232568,236432,3,42.898,-78.807,Theft
232572,236436,3,42.837,-78.824,Assault
232573,236437,3,42.898,-78.831,Breaking & Entering
232574,236438,3,42.898,-78.837,Theft
232577,236441,3,42.889,-78.805,Theft
232583,236448,3,42.842,-78.821,Breaking & Entering
232591,236456,3,42.893,-78.837,Theft
232597,236462,3,42.844,-78.825,Theft
232602,236467,3,42.85,-78.826,Assault
232603,236468,3,42.885,-78.839,Theft of Vehicle
232608,236473,3,42.897,-78.804,Theft
232611,236476,3,42.879,-78.836,Assault
232620,236485,3,42.897,-78.818,Robbery
232622,236487,3,42.846,-78.823,Theft
232629,236494,3,42.845,-78.811,Theft
232633,236498,3,42.839,-78.831,Theft
232635,236500,3,42.87,-78.836,Assault
232641,236506,3,42.885,-78.823,Theft of Vehicle
232646,236511,3,42.887,-78.803,Theft
232647,236512,3,42.851,-78.83,Theft
232650,236515,3,42.842,-78.822,Theft
232665,236530,3,42.877,-78.844,Breaking & Entering
232668,236533,3,42.888,-78.807,Theft
232669,236534,3,42.895,-78.832,Theft of Vehicle
232682,236547,3,42.894,-78.833,Theft of Vehicle
232688,236553,3,42.838,-78.81,Assault
232692,236557,3,42.891,-78.805,Assault
232696,236561,3,42.851,-78.813,Theft
232702,236568,3,42.871,-78.837,Assault
232704,236570,3,42.833,-78.806,Theft
232719,236585,3,42.879,-78.836,Theft
232726,236592,3,42.895,-78.829,Assault
232728,236594,3,42.897,-78.814,Assault
232732,236598,3,42.893,-78.831,Theft
232733,236599,3,42.858,-78.813,Theft
232736,236602,3,42.851,-78.806,Theft of Vehicle
232746,236612,3,42.895,-78.805,Theft
232750,236617,3,42.834,-78.843,Assault
232759,236626,3,42.898,-78.816,Theft
232760,236627,3,42.897,-78.821,Breaking & Entering
232761,236628,3,42.856,-78.831,Assault
232775,236642,3,42.891,-78.833,Assault
232779,236646,3,42.85,-78.803,Theft
232782,236649,3,42.867,-78.857,Breaking & Entering
232787,236654,3,42.893,-78.839,Theft
232797,236664,3,42.887,-78.808,Sexual Offense
232799,236666,3,42.885,-78.839,Theft
232800,236667,3,42.874,-78.804,Assault
232804,236673,3,42.872,-78.806,Assault
232805,236674,3,42.893,-78.841,Theft
232815,236684,3,42.869,-78.829,Theft
232819,236688,3,42.878,-78.849,Breaking & Entering
232822,236691,3,42.887,-78.813,Breaking & Entering
232826,236695,3,42.892,-78.832,Theft
232836,236705,3,42.897,-78.804,Breaking & Entering
232839,236708,3,42.897,-78.838,Theft
232841,236710,3,42.877,-78.841,Theft
232845,236714,3,42.886,-78.843,Theft of Vehicle
232850,236720,3,42.891,-78.838,Breaking & Entering
232852,236722,3,42.855,-78.826,Robbery
232858,236728,3,42.89,-78.814,Theft of Vehicle
232861,236731,3,42.885,-78.804,Assault
232865,236735,3,42.893,-78.839,Theft
232866,236736,3,42.871,-78.838,Assault
232867,236737,3,42.862,-78.813,Theft
232871,236741,3,42.869,-78.81,Breaking & Entering
232875,236745,3,42.899,-78.816,Assault
232887,236757,3,42.892,-78.815,Breaking & Entering
232888,236759,3,42.892,-78.809,Theft
232898,236769,3,42.86,-78.815,Assault
232907,236778,3,42.859,-78.805,Theft
232908,236779,3,42.858,-78.808,Breaking & Entering
232914,236785,3,42.867,-78.851,Assault
232917,236788,3,42.867,-78.824,Assault
232925,236796,3,42.835,-78.809,Theft
232929,236800,3,42.87,-78.802,Theft
232931,236802,3,42.894,-78.803,Theft
232932,236803,3,42.897,-78.825,Breaking & Entering
232948,236819,3,42.876,-78.843,Theft
232957,236828,3,42.855,-78.82,Theft
232964,236835,3,42.894,-78.825,Assault
232969,236840,3,42.894,-78.803,Breaking & Entering
232985,236856,3,42.883,-78.836,Assault
232994,236865,3,42.897,-78.817,Robbery
232997,236868,3,42.856,-78.826,Theft
233003,236874,3,42.89,-78.808,Theft
233018,236890,3,42.89,-78.807,Theft
233023,236895,3,42.853,-78.816,Theft of Vehicle
233030,236902,3,42.894,-78.834,Robbery
233036,236908,3,42.855,-78.824,Theft
233042,236914,3,42.869,-78.845,Robbery
233050,236923,3,42.872,-78.839,Assault
233062,236935,3,42.87,-78.804,Theft
233068,236942,3,42.844,-78.825,Assault
233073,236947,3,42.854,-78.803,Breaking & Entering
233074,236949,3,42.887,-78.819,Theft
233081,236957,3,42.857,-78.812,Theft
233082,236958,3,42.848,-78.824,Assault
233085,236961,3,42.878,-78.847,Theft
233091,236967,3,42.891,-78.831,Robbery
233094,236970,3,42.897,-78.819,Breaking & Entering
233103,236980,3,42.892,-78.835,Assault
233121,236998,3,42.859,-78.808,Theft
233125,237002,3,42.875,-78.804,Theft
233126,237003,3,42.848,-78.812,Theft
233127,237004,3,42.857,-78.809,Theft
233128,237005,3,42.881,-78.801,Theft
233132,237009,3,42.862,-78.814,Theft
233135,237012,3,42.892,-78.84,Theft
233141,237018,3,42.871,-78.809,Breaking & Entering
233142,237019,3,42.891,-78.807,Assault
233148,237025,3,42.889,-78.839,Theft
233168,237045,3,42.866,-78.826,Theft
233169,237046,3,42.847,-78.818,Assault
233170,237047,3,42.887,-78.847,Theft of Vehicle
233182,237059,3,42.894,-78.836,Homicide
233183,237060,3,42.893,-78.837,Theft
233196,237073,3,42.893,-78.826,Assault
233204,237081,3,42.854,-78.834,Breaking & Entering
233206,237083,3,42.837,-78.827,Assault
233223,237100,3,42.885,-78.84,Breaking & Entering
233226,237103,3,42.894,-78.835,Robbery
233228,237105,3,42.896,-78.826,Breaking & Entering
233235,237112,3,42.897,-78.804,Breaking & Entering
233245,237123,3,42.897,-78.817,Assault
233249,237127,3,42.899,-78.822,Assault
233251,237129,3,42.884,-78.839,Assault
233254,237132,3,42.877,-78.83,Theft
233256,237134,3,42.853,-78.824,Theft
233260,237138,3,42.898,-78.837,Assault
233264,237142,3,42.899,-78.81,Theft
233267,237145,3,42.892,-78.824,Assault
233296,237174,3,42.876,-78.804,Theft
233302,237180,3,42.899,-78.815,Assault
233303,237181,3,42.878,-78.815,Sexual Assault
233308,237186,3,42.898,-78.838,Breaking & Entering
233310,237188,3,42.881,-78.801,Theft
233315,237193,3,42.844,-78.812,Theft
233316,237194,3,42.857,-78.834,Assault
233326,237204,3,42.896,-78.813,Assault
233330,237208,3,42.896,-78.82,Homicide
233334,237212,3,42.879,-78.845,Assault
233342,237221,3,42.873,-78.803,Theft
233348,237227,3,42.877,-78.846,Theft of Vehicle
233350,237229,3,42.848,-78.824,Theft
233355,237234,3,42.893,-78.821,Breaking & Entering
233362,237241,3,42.888,-78.809,Assault
233363,237242,3,42.89,-78.84,Assault
233364,237243,3,42.891,-78.814,Assault
233367,237246,3,42.898,-78.807,Theft
233368,237247,3,42.891,-78.806,Assault
233376,237255,3,42.846,-78.821,Breaking & Entering
233379,237258,3,42.898,-78.807,Theft
233388,237267,3,42.897,-78.814,Assault
233395,237274,3,42.873,-78.829,Theft
233401,237280,3,42.883,-78.834,Assault
233408,237287,3,42.846,-78.827,Assault
233409,237288,3,42.883,-78.844,Assault
233411,237290,3,42.87,-78.832,Breaking & Entering
233414,237293,3,42.893,-78.841,Theft
233415,237294,3,42.852,-78.829,Assault
233417,237296,3,42.869,-78.831,Breaking & Entering
233419,237298,3,42.896,-78.835,Theft
233436,237315,3,42.857,-78.812,Theft
233451,237331,3,42.853,-78.807,Theft
233456,237337,3,42.879,-78.835,Assault
233459,237341,3,42.877,-78.852,Assault
233466,237349,3,42.887,-78.837,Breaking & Entering
233472,237355,3,42.873,-78.806,Sexual Assault
233485,237368,3,42.836,-78.826,Theft of Vehicle
233491,237375,3,42.893,-78.839,Theft
233501,237385,3,42.896,-78.824,Theft
233523,237407,3,42.881,-78.836,Breaking & Entering
233534,237418,3,42.847,-78.855,Theft
233537,237421,3,42.876,-78.804,Theft
233539,237423,3,42.86,-78.825,Theft
233543,237427,3,42.898,-78.815,Other Sexual Offense
233554,237438,3,42.872,-78.807,Breaking & Entering
233558,237442,3,42.897,-78.827,Assault
233561,237445,3,42.877,-78.846,Theft
233573,237457,3,42.885,-78.847,Robbery
233592,237476,3,42.833,-78.824,Theft
233593,237477,3,42.858,-78.806,Assault
233598,237482,3,42.874,-78.803,Sexual Assault
233606,237490,3,42.837,-78.805,Sexual Assault
233608,237492,3,42.871,-78.804,Theft
233610,237494,3,42.899,-78.831,Breaking & Entering
233616,237500,3,42.893,-78.84,Theft
233629,237513,3,42.869,-78.805,Theft
233630,237514,3,42.891,-78.814,Robbery
233634,237518,3,42.848,-78.808,Assault
233638,237522,3,42.895,-78.838,Theft
233651,237535,3,42.893,-78.833,Theft
233655,237539,3,42.858,-78.831,Theft
233656,237540,3,42.848,-78.812,Assault
233661,237545,3,42.85,-78.819,Theft
233662,237546,3,42.866,-78.825,Theft
233665,237549,3,42.834,-78.819,Assault
233670,237554,3,42.877,-78.825,Theft
233674,237558,3,42.857,-78.816,Theft
233689,237573,3,42.858,-78.813,Assault
233692,237576,3,42.854,-78.809,Theft
233694,237578,3,42.894,-78.842,Assault
233703,237587,3,42.869,-78.834,Breaking & Entering
233705,237589,3,42.891,-78.8,Theft
233708,237592,3,42.86,-78.809,Breaking & Entering
233709,237593,3,42.897,-78.825,Breaking & Entering
233732,237616,3,42.859,-78.825,Breaking & Entering
233738,237622,3,42.894,-78.819,Breaking & Entering
233746,237630,3,42.869,-78.833,Theft
233747,237631,3,42.837,-78.817,Theft
233760,237644,3,42.87,-78.85,Theft
233761,237645,3,42.891,-78.807,Assault
233762,237646,3,42.849,-78.828,Theft of Vehicle
233772,237656,3,42.889,-78.81,Breaking & Entering
233775,237659,3,42.895,-78.835,Assault
233779,237663,3,42.851,-78.801,Breaking & Entering
233792,237676,3,42.848,-78.827,Assault
233799,237683,3,42.885,-78.808,Theft
233809,237693,3,42.896,-78.835,Theft
233810,237694,3,42.836,-78.812,Breaking & Entering
233816,237700,3,42.833,-78.82,Breaking & Entering
233822,237706,3,42.876,-78.852,Theft
233825,237709,3,42.889,-78.841,Theft
233831,237715,3,42.896,-78.817,Breaking & Entering
233834,237718,3,42.84,-78.854,Theft
233841,237725,3,42.866,-78.848,Theft
233848,237732,3,42.896,-78.84,Breaking & Entering
233854,237738,3,42.856,-78.831,Theft
233858,237742,3,42.899,-78.81,Theft
233865,237750,3,42.856,-78.807,Breaking & Entering
233867,237752,3,42.892,-78.81,Breaking & Entering
233870,237755,3,42.887,-78.802,Assault
233881,237766,3,42.886,-78.841,Breaking & Entering
233893,237778,3,42.844,-78.822,Theft
233900,237785,3,42.847,-78.801,Theft of Vehicle
233907,237793,3,42.851,-78.821,Assault
233908,237794,3,42.897,-78.82,Theft of Vehicle
233911,237797,3,42.855,-78.81,Theft
233914,237800,3,42.868,-78.846,Assault
233916,237802,3,42.87,-78.811,Theft
233920,237806,3,42.862,-78.814,Theft of Vehicle
233924,237810,3,42.855,-78.84,Theft
233925,237811,3,42.89,-78.837,Theft
233926,237812,3,42.886,-78.805,Theft
233934,237820,3,42.873,-78.803,Theft
233935,237821,3,42.857,-78.833,Theft
233937,237823,3,42.85,-78.803,Theft
233949,237835,3,42.89,-78.811,Assault
233962,237848,3,42.848,-78.832,Breaking & Entering
233963,237849,3,42.892,-78.827,Assault
233964,237850,3,42.855,-78.81,Theft
233969,237855,3,42.835,-78.814,Other Sexual Offense
233974,237860,3,42.892,-78.823,Theft
233975,237861,3,42.891,-78.839,Breaking & Entering
233987,237873,3,42.847,-78.833,Theft of Vehicle
233990,237876,3,42.857,-78.825,Assault
233993,237879,3,42.886,-78.812,Theft of Vehicle
233999,237885,3,42.871,-78.816,Theft
234013,237899,3,42.892,-78.805,Theft
234019,237905,3,42.894,-78.819,Assault
234020,237906,3,42.858,-78.83,Theft
234037,237924,3,42.866,-78.847,Breaking & Entering
234040,237927,3,42.888,-78.808,Breaking & Entering
234044,237931,3,42.897,-78.819,Assault
234057,237944,3,42.853,-78.828,Theft
234058,237945,3,42.892,-78.835,Assault
234059,237946,3,42.861,-78.815,Theft of Vehicle
234068,237955,3,42.849,-78.814,Theft
234069,237956,3,42.881,-78.842,Theft
234077,237964,3,42.899,-78.816,Assault
234079,237966,3,42.895,-78.82,Sexual Offense
234088,237975,3,42.898,-78.819,Theft
234095,237982,3,42.896,-78.826,Theft
234100,237987,3,42.851,-78.817,Theft
234101,237988,3,42.896,-78.816,Theft
234112,237999,3,42.896,-78.823,Assault
234124,238011,3,42.875,-78.827,Breaking & Entering
234125,238012,3,42.868,-78.834,Theft
234126,238013,3,42.846,-78.824,Theft
234142,238029,3,42.899,-78.81,Theft
234143,238030,3,42.841,-78.809,Theft
234146,238033,3,42.892,-78.83,Robbery
234148,238035,3,42.888,-78.805,Theft of Vehicle
234152,238039,3,42.892,-78.832,Assault
234160,238048,3,42.879,-78.834,Assault
234163,238051,3,42.883,-78.832,Theft
234167,238056,3,42.853,-78.831,Theft
234185,238074,3,42.873,-78.804,Breaking & Entering
234200,238089,3,42.879,-78.835,Breaking & Entering
234205,238094,3,42.892,-78.835,Breaking & Entering
234206,238095,3,42.897,-78.819,Theft
234213,238102,3,42.856,-78.812,Assault
234214,238103,3,42.896,-78.824,Robbery
234221,238110,3,42.895,-78.83,Assault
234225,238114,3,42.842,-78.822,Theft of Vehicle
234233,238122,3,42.841,-78.81,Theft
234235,238124,3,42.874,-78.812,Theft
234242,238131,3,42.868,-78.837,Breaking & Entering
234243,238132,3,42.838,-78.811,Theft
234252,238141,3,42.891,-78.833,Assault
234261,238150,3,42.894,-78.832,Breaking & Entering
234262,238151,3,42.851,-78.827,Breaking & Entering
234266,238155,3,42.889,-78.811,Theft
234273,238163,3,42.858,-78.83,Theft
234284,238175,3,42.873,-78.811,Breaking & Entering
234285,238176,3,42.891,-78.83,Theft
234288,238179,3,42.843,-78.813,Theft
234304,238195,3,42.843,-78.81,Other Sexual Offense
234306,238197,3,42.89,-78.801,Theft of Vehicle
234312,238203,3,42.833,-78.822,Assault
234320,238211,3,42.895,-78.829,Assault
234328,238219,3,42.891,-78.833,Breaking & Entering
234329,238220,3,42.855,-78.825,Breaking & Entering
234342,238234,3,42.858,-78.813,Robbery
234351,238243,3,42.894,-78.822,Theft
234352,238244,3,42.838,-78.811,Breaking & Entering
234353,238245,3,42.882,-78.841,Theft
234356,238248,3,42.844,-78.822,Theft
234363,238255,3,42.836,-78.805,Breaking & Entering
234365,238257,3,42.857,-78.814,Theft
234372,238264,3,42.891,-78.826,Theft
234379,238271,3,42.854,-78.808,Theft
234380,238272,3,42.85,-78.823,Theft of Vehicle
234391,238283,3,42.855,-78.819,Theft
234398,238290,3,42.833,-78.824,Theft
234413,238306,3,42.856,-78.832,Breaking & Entering
234418,238311,3,42.848,-78.828,Theft
234420,238313,3,42.861,-78.816,Theft
234433,238327,3,42.896,-78.838,Theft
234435,238329,3,42.893,-78.839,Breaking & Entering
234436,238330,3,42.897,-78.817,Theft
234439,238333,3,42.863,-78.813,Assault
234444,238338,3,42.833,-78.824,Theft
234445,238339,3,42.892,-78.839,Theft
234457,238351,3,42.852,-78.813,Assault
234464,238358,3,42.89,-78.814,Assault
234471,238365,3,42.878,-78.815,Robbery
234472,238366,3,42.899,-78.801,Assault
234476,238370,3,42.887,-78.837,Assault
234480,238374,3,42.879,-78.841,Breaking & Entering
234482,238376,3,42.888,-78.846,Assault
234483,238377,3,42.893,-78.831,Theft
234493,238387,3,42.858,-78.83,Theft
234494,238388,3,42.895,-78.834,Theft
234495,238389,3,42.851,-78.803,Breaking & Entering
234502,238397,3,42.887,-78.846,Assault
234504,238399,3,42.845,-78.819,Breaking & Entering
234505,238400,3,42.872,-78.82,Assault
234507,238402,3,42.885,-78.838,Assault
234509,238404,3,42.892,-78.827,Assault
234514,238409,3,42.866,-78.851,Assault
234522,238418,3,42.892,-78.813,Theft of Vehicle
234523,238419,3,42.885,-78.84,Theft
234527,238423,3,42.873,-78.841,Breaking & Entering
234529,238425,3,42.898,-78.807,Theft
234531,238427,3,42.852,-78.813,Theft
234532,238428,3,42.863,-78.813,Other Sexual Offense
234534,238430,3,42.835,-78.816,Theft
234537,238433,3,42.888,-78.81,Breaking & Entering
234542,238438,3,42.858,-78.811,Theft of Vehicle
234546,238442,3,42.842,-78.831,Breaking & Entering
234550,238446,3,42.897,-78.836,Assault
234553,238449,3,42.858,-78.821,Breaking & Entering
234554,238450,3,42.884,-78.834,Assault
234556,238452,3,42.838,-78.857,Theft
234570,238466,3,42.88,-78.846,Theft
234571,238467,3,42.876,-78.827,Assault
234573,238469,3,42.894,-78.806,Theft
234579,238475,3,42.893,-78.838,Theft
234614,238510,3,42.889,-78.839,Theft of Vehicle
234616,238512,3,42.86,-78.826,Theft of Vehicle
234619,238515,3,42.894,-78.835,Breaking & Entering
234625,238521,3,42.891,-78.836,Assault
234634,238530,3,42.872,-78.807,Assault
234635,238531,3,42.894,-78.836,Theft
234643,238539,3,42.871,-78.837,Breaking & Entering
234649,238545,3,42.898,-78.831,Theft
234655,238551,3,42.853,-78.829,Theft
234668,238564,3,42.852,-78.806,Breaking & Entering
234669,238565,3,42.855,-78.807,Theft of Vehicle
234672,238568,3,42.871,-78.834,Breaking & Entering
234675,238571,3,42.882,-78.849,Breaking & Entering
234677,238573,3,42.887,-78.806,Assault
234684,238580,3,42.894,-78.823,Theft
234685,238581,3,42.893,-78.824,Theft of Vehicle
234687,238583,3,42.885,-78.814,Assault
234690,238586,3,42.894,-78.806,Breaking & Entering
234694,238590,3,42.876,-78.843,Theft of Vehicle
234697,238593,3,42.852,-78.832,Breaking & Entering
234700,238596,3,42.896,-78.82,Theft
234703,238599,3,42.897,-78.817,Assault
234704,238600,3,42.899,-78.819,Assault
234715,238611,3,42.873,-78.807,Theft
234717,238613,3,42.893,-78.832,Theft
234732,238628,3,42.844,-78.817,Theft
234740,238636,3,42.896,-78.825,Theft
234743,238639,3,42.893,-78.84,Assault
234748,238644,3,42.856,-78.806,Assault
234754,238650,3,42.858,-78.813,Assault
234769,238665,3,42.894,-78.842,Theft of Vehicle
234770,238666,3,42.896,-78.835,Assault
234782,238678,3,42.896,-78.817,Theft
234784,238680,3,42.87,-78.835,Sexual Assault
234785,238681,3,42.838,-78.802,Theft of Vehicle
234792,238688,3,42.889,-78.839,Breaking & Entering
234797,238693,3,42.86,-78.814,Assault
234816,238712,3,42.882,-78.84,Breaking & Entering
234826,238722,3,42.843,-78.824,Theft
234829,238725,3,42.86,-78.821,Theft
234834,238730,3,42.894,-78.835,Theft of Vehicle
234842,238738,3,42.885,-78.847,Breaking & Entering
234843,238739,3,42.87,-78.803,Theft
234846,238742,3,42.855,-78.832,Theft
234853,238749,3,42.852,-78.827,Assault
234854,238750,3,42.896,-78.831,Assault
234856,238752,3,42.848,-78.812,Theft
234860,238756,3,42.897,-78.831,Theft
234863,238760,3,42.877,-78.847,Theft of Vehicle
234866,238763,3,42.846,-78.83,Breaking & Entering
234871,238768,3,42.856,-78.829,Breaking & Entering
234879,238776,3,42.842,-78.824,Robbery
234881,238778,3,42.854,-78.817,Theft
234887,238784,3,42.891,-78.837,Breaking & Entering
234889,238786,3,42.898,-78.814,Theft
234893,238791,3,42.857,-78.807,Theft
234895,238793,3,42.854,-78.825,Breaking & Entering
234897,238795,3,42.842,-78.829,Theft
234901,238799,3,42.885,-78.807,Assault
234902,238802,3,42.897,-78.817,Theft of Vehicle
234905,238805,3,42.858,-78.831,Theft
234909,238809,3,42.85,-78.827,Assault
234914,238814,3,42.851,-78.81,Theft
234915,238815,3,42.896,-78.826,Theft of Vehicle
234929,238830,3,42.835,-78.812,Theft
234937,238838,3,42.888,-78.805,Theft of Vehicle
234938,238839,3,42.837,-78.811,Theft
234945,238846,3,42.868,-78.808,Theft of Vehicle
234946,238847,3,42.893,-78.831,Breaking & Entering
234949,238850,3,42.872,-78.804,Theft
234957,238858,3,42.851,-78.821,Assault
234958,238859,3,42.869,-78.81,Breaking & Entering
234964,238865,3,42.858,-78.809,Theft
234967,238868,3,42.893,-78.841,Breaking & Entering
234968,238869,3,42.848,-78.824,Assault
234976,238877,3,42.877,-78.802,Breaking & Entering
234978,238879,3,42.834,-78.824,Breaking & Entering
234987,238888,3,42.866,-78.83,Theft
234992,238894,3,42.852,-78.804,Theft
234998,238900,3,42.894,-78.805,Breaking & Entering
235012,238915,3,42.895,-78.821,Breaking & Entering
235014,238917,3,42.852,-78.823,Theft
235028,238931,3,42.894,-78.809,Assault
235034,238937,3,42.856,-78.813,Breaking & Entering
235041,238944,3,42.87,-78.834,Breaking & Entering
235045,238948,3,42.888,-78.802,Assault
235054,238957,3,42.894,-78.821,Breaking & Entering
235061,238964,3,42.889,-78.836,Breaking & Entering
235072,238975,3,42.855,-78.808,Theft
235073,238976,3,42.88,-78.841,Robbery
235076,238980,3,42.885,-78.83,Breaking & Entering
235079,238983,3,42.844,-78.824,Assault
235082,238986,3,42.856,-78.809,Breaking & Entering
235083,238987,3,42.855,-78.834,Breaking & Entering
235092,238996,3,42.855,-78.828,Robbery
235105,239010,3,42.856,-78.823,Theft
235112,239017,3,42.886,-78.8,Theft
235115,239020,3,42.869,-78.85,Breaking & Entering
235126,239031,3,42.892,-78.815,Breaking & Entering
235135,239040,3,42.896,-78.814,Theft
235141,239046,3,42.887,-78.84,Theft
235143,239048,3,42.847,-78.855,Theft
235148,239053,3,42.857,-78.812,Theft
235153,239058,3,42.857,-78.812,Theft
235156,239061,3,42.848,-78.824,Sexual Assault
235161,239066,3,42.856,-78.81,Assault
235162,239067,3,42.887,-78.808,Robbery
235165,239070,3,42.887,-78.81,Breaking & Entering
235173,239078,3,42.896,-78.822,Robbery
235180,239085,3,42.86,-78.815,Assault
235188,239093,3,42.852,-78.825,Assault
235190,239095,3,42.875,-78.806,Theft of Vehicle
235194,239099,3,42.892,-78.83,Assault
235198,239103,3,42.873,-78.809,Assault
235201,239106,3,42.898,-78.807,Theft
235212,239117,3,42.873,-78.826,Theft of Vehicle
235213,239118,3,42.856,-78.833,Assault
235216,239122,3,42.886,-78.815,Theft of Vehicle
235230,239136,3,42.886,-78.804,Assault
235235,239141,3,42.856,-78.834,Theft
235246,239152,3,42.872,-78.802,Assault
235250,239156,3,42.896,-78.822,Robbery
235259,239165,3,42.89,-78.812,Theft
235264,239170,3,42.859,-78.816,Theft
235265,239171,3,42.873,-78.842,Robbery
235272,239178,3,42.885,-78.814,Theft
235283,239189,3,42.894,-78.819,Theft
235286,239192,3,42.892,-78.837,Theft
235292,239198,3,42.898,-78.831,Breaking & Entering
235296,239202,3,42.892,-78.803,Breaking & Entering
235303,239209,3,42.869,-78.811,Theft
235304,239210,3,42.899,-78.815,Theft of Vehicle
235305,239211,3,42.897,-78.806,Theft
235306,239212,3,42.892,-78.832,Breaking & Entering
235308,239214,3,42.878,-78.804,Theft
235309,239215,3,42.853,-78.806,Theft
235310,239216,3,42.836,-78.824,Breaking & Entering
235320,239227,3,42.872,-78.815,Breaking & Entering
235324,239231,3,42.893,-78.839,Robbery
235330,239237,3,42.855,-78.827,Theft
235339,239246,3,42.845,-78.824,Theft
235341,239248,3,42.842,-78.82,Theft
235344,239251,3,42.86,-78.807,Theft
235347,239254,3,42.837,-78.826,Assault
235355,239262,3,42.856,-78.823,Theft
235357,239264,3,42.868,-78.807,Theft
235358,239265,3,42.856,-78.808,Breaking & Entering
235372,239279,3,42.896,-78.836,Assault
235375,239282,3,42.873,-78.826,Theft
235379,239286,3,42.867,-78.846,Theft
235381,239288,3,42.895,-78.832,Theft
235393,239300,3,42.857,-78.809,Theft
235396,239303,3,42.865,-78.849,Theft
235405,239312,3,42.852,-78.803,Assault
235406,239313,3,42.843,-78.814,Breaking & Entering
235415,239322,3,42.833,-78.824,Assault
235416,239323,3,42.896,-78.824,Theft
235425,239332,3,42.853,-78.828,Theft
235428,239335,3,42.885,-78.802,Assault
235433,239340,3,42.853,-78.819,Theft
235438,239345,3,42.838,-78.817,Theft
235453,239360,3,42.884,-78.845,Theft of Vehicle
235456,239363,3,42.873,-78.81,Breaking & Entering
235464,239371,3,42.887,-78.803,Theft
235474,239381,3,42.86,-78.817,Breaking & Entering
235475,239382,3,42.888,-78.837,Homicide
235486,239393,3,42.851,-78.831,Breaking & Entering
235513,239420,3,42.895,-78.829,Theft
235514,239421,3,42.855,-78.835,Assault
235521,239428,3,42.896,-78.831,Assault
235528,239435,3,42.874,-78.827,Assault
235531,239438,3,42.851,-78.802,Theft
235538,239445,3,42.853,-78.811,Theft
235541,239448,3,42.87,-78.836,Theft
235542,239449,3,42.899,-78.823,Theft
235547,239454,3,42.836,-78.824,Theft of Vehicle
235549,239456,3,42.897,-78.819,Assault
235555,239462,3,42.872,-78.805,Robbery
235577,239484,3,42.842,-78.82,Theft
235578,239485,3,42.833,-78.824,Breaking & Entering
235586,239493,3,42.856,-78.818,Theft
235591,239498,3,42.898,-78.807,Theft
235595,239502,3,42.88,-78.834,Breaking & Entering
235598,239505,3,42.891,-78.831,Theft
235605,239512,3,42.893,-78.831,Assault
235607,239514,3,42.898,-78.807,Theft
235612,239519,3,42.856,-78.811,Assault
235614,239521,3,42.892,-78.831,Breaking & Entering
235615,239522,3,42.834,-78.824,Theft
235618,239525,3,42.854,-78.809,Breaking & Entering
235619,239526,3,42.892,-78.823,Breaking & Entering
235622,239529,3,42.862,-78.817,Theft
235623,239530,3,42.899,-78.832,Theft
235628,239536,3,42.869,-78.805,Theft
235633,239541,3,42.894,-78.835,Robbery
235634,239542,3,42.867,-78.823,Theft
235636,239544,3,42.867,-78.847,Breaking & Entering
235639,239547,3,42.836,-78.824,Assault
235640,239548,3,42.842,-78.825,Breaking & Entering
235641,239549,3,42.867,-78.849,Assault
235645,239553,3,42.858,-78.834,Breaking & Entering
235659,239567,3,42.847,-78.823,Breaking & Entering
235664,239572,3,42.856,-78.809,Assault
235666,239574,3,42.894,-78.835,Theft
235674,239582,3,42.853,-78.83,Assault
235676,239584,3,42.872,-78.813,Other Sexual Offense
235678,239586,3,42.892,-78.824,Breaking & Entering
235682,239590,3,42.868,-78.81,Theft
235687,239595,3,42.872,-78.834,Theft
235693,239601,3,42.859,-78.813,Theft
235697,239605,3,42.896,-78.822,Robbery
235698,239606,3,42.852,-78.805,Theft
235699,239607,3,42.849,-78.803,Theft
235709,239617,3,42.847,-78.827,Theft of Vehicle
235710,239618,3,42.838,-78.824,Assault
235724,239633,3,42.854,-78.805,Breaking & Entering
235727,239636,3,42.885,-78.84,Theft
235729,239638,3,42.899,-78.822,Breaking & Entering
235731,239640,3,42.893,-78.841,Theft
235732,239641,3,42.865,-78.837,Theft
235735,239644,3,42.836,-78.824,Theft
235737,239646,3,42.879,-78.807,Theft
235739,239648,3,42.893,-78.809,Theft of Vehicle
235740,239649,3,42.848,-78.824,Assault
235747,239656,3,42.845,-78.825,Assault
235756,239665,3,42.895,-78.83,Assault
235762,239671,3,42.895,-78.82,Assault
235763,239672,3,42.875,-78.83,Theft
235767,239676,3,42.861,-78.802,Other Sexual Offense
235788,239697,3,42.858,-78.806,Assault
235801,239712,3,42.885,-78.84,Assault
235803,239714,3,42.895,-78.839,Sexual Assault
235806,239717,3,42.833,-78.82,Assault
235807,239718,3,42.896,-78.82,Assault
235818,239729,3,42.859,-78.807,Robbery
235825,239736,3,42.892,-78.813,Theft
235836,239747,3,42.873,-78.819,Theft
235840,239751,3,42.877,-78.842,Theft
235848,239759,3,42.887,-78.815,Breaking & Entering
235850,239761,3,42.896,-78.826,Breaking & Entering
235851,239762,3,42.851,-78.801,Assault
235853,239764,3,42.89,-78.803,Theft
235854,239765,3,42.892,-78.804,Assault
235862,239773,3,42.858,-78.831,Robbery
235863,239774,3,42.852,-78.806,Breaking & Entering
235865,239776,3,42.889,-78.84,Theft
235870,239781,3,42.893,-78.822,Breaking & Entering
235883,239794,3,42.853,-78.829,Assault
235885,239796,3,42.867,-78.809,Breaking & Entering
235892,239803,3,42.89,-78.839,Theft
235895,239806,3,42.839,-78.824,Theft
235900,239811,3,42.859,-78.814,Assault
235909,239820,3,42.849,-78.812,Theft
235913,239824,3,42.855,-78.826,Theft
235924,239835,3,42.85,-78.803,Assault
235934,239846,3,42.859,-78.826,Robbery
235936,239848,3,42.871,-78.852,Breaking & Entering
235951,239864,3,42.895,-78.829,Theft
235961,239874,3,42.894,-78.824,Breaking & Entering
235963,239876,3,42.879,-78.835,Theft
235965,239878,3,42.888,-78.836,Theft of Vehicle
235970,239883,3,42.894,-78.819,Theft
235979,239892,3,42.882,-78.833,Breaking & Entering
235980,239894,3,42.872,-78.81,Assault
235984,239898,3,42.899,-78.838,Assault
236006,239920,3,42.892,-78.833,Theft
236012,239926,3,42.85,-78.803,Assault
236016,239930,3,42.882,-78.839,Assault
236017,239931,3,42.885,-78.847,Assault
236019,239933,3,42.898,-78.807,Theft
236025,239939,3,42.898,-78.807,Theft
236026,239940,3,42.856,-78.808,Theft
236029,239943,3,42.899,-78.837,Theft
236031,239945,3,42.895,-78.832,Theft
236033,239947,3,42.862,-78.818,Breaking & Entering
236036,239950,3,42.847,-78.813,Theft
236048,239962,3,42.887,-78.81,Theft
236057,239971,3,42.861,-78.812,Assault
236058,239972,3,42.885,-78.846,Breaking & Entering
236060,239974,3,42.856,-78.831,Theft
236065,239979,3,42.87,-78.833,Theft
236067,239981,3,42.889,-78.811,Assault
236069,239983,3,42.887,-78.845,Breaking & Entering
236072,239986,3,42.879,-78.842,Theft of Vehicle
236077,239991,3,42.896,-78.832,Assault
236083,239997,3,42.833,-78.806,Theft
236090,240004,3,42.894,-78.826,Theft
236105,240019,3,42.893,-78.833,Breaking & Entering
236108,240022,3,42.872,-78.808,Assault
236116,240031,3,42.833,-78.824,Theft
236126,240041,3,42.898,-78.807,Theft
236131,240046,3,42.896,-78.836,Theft
236132,240047,3,42.896,-78.824,Assault
236135,240050,3,42.886,-78.815,Assault
236157,240072,3,42.864,-78.825,Theft
236159,240074,3,42.84,-78.808,Assault
236166,240081,3,42.893,-78.833,Assault
236169,240084,3,42.838,-78.809,Theft
236173,240088,3,42.886,-78.805,Theft
236181,240096,3,42.891,-78.804,Breaking & Entering
236184,240099,3,42.868,-78.857,Assault
236186,240101,3,42.884,-78.839,Breaking & Entering
236205,240120,3,42.888,-78.841,Theft of Vehicle
236210,240126,3,42.856,-78.824,Robbery
236214,240130,3,42.858,-78.804,Breaking & Entering
236217,240133,3,42.857,-78.812,Theft
236226,240142,3,42.898,-78.831,Assault
236232,240148,3,42.885,-78.803,Assault
236246,240162,3,42.887,-78.836,Theft
236267,240184,3,42.843,-78.826,Theft of Vehicle
236268,240185,3,42.875,-78.85,Theft
236271,240188,3,42.846,-78.828,Assault
236274,240192,3,42.87,-78.816,Breaking & Entering
236278,240196,3,42.851,-78.83,Theft
236291,240210,3,42.887,-78.806,Assault
236294,240213,3,42.857,-78.812,Theft
236295,240214,3,42.833,-78.824,Theft
236298,240217,3,42.87,-78.809,Theft
236299,240218,3,42.89,-78.806,Breaking & Entering
236307,240226,3,42.89,-78.806,Assault
236322,240241,3,42.847,-78.833,Theft
236337,240256,3,42.881,-78.84,Robbery
236342,240261,3,42.891,-78.832,Homicide
236344,240263,3,42.843,-78.821,Theft
236346,240265,3,42.878,-78.816,Theft
236354,240273,3,42.878,-78.847,Theft
236357,240276,3,42.881,-78.832,Theft
236358,240277,3,42.85,-78.803,Theft
236364,240283,3,42.869,-78.831,Assault
236373,240292,3,42.856,-78.818,Breaking & Entering
236380,240299,3,42.861,-78.81,Theft
236382,240301,3,42.874,-78.811,Theft
236388,240307,3,42.895,-78.805,Theft
236395,240314,3,42.887,-78.811,Sexual Assault
236408,240327,3,42.844,-78.828,Breaking & Entering
236410,240329,3,42.877,-78.805,Theft
236420,240339,3,42.889,-78.835,Breaking & Entering
236421,240340,3,42.899,-78.831,Assault
236427,240346,3,42.899,-78.81,Theft
236438,240357,3,42.867,-78.806,Theft
236445,240364,3,42.852,-78.805,Theft
236452,240371,3,42.892,-78.844,Theft of Vehicle
236474,240394,3,42.835,-78.811,Theft
236480,240400,3,42.878,-78.801,Theft
236481,240401,3,42.883,-78.83,Theft
236483,240403,3,42.89,-78.834,Assault
236486,240406,3,42.894,-78.835,Theft of Vehicle
236495,240416,3,42.893,-78.839,Theft
236498,240419,3,42.872,-78.802,Assault
236502,240423,3,42.894,-78.819,Breaking & Entering
236512,240433,3,42.89,-78.833,Theft
236516,240437,3,42.849,-78.803,Theft
236519,240440,3,42.899,-78.816,Assault
236531,240452,3,42.896,-78.807,Theft
236538,240459,3,42.874,-78.808,Breaking & Entering
236541,240462,3,42.892,-78.838,Theft
236542,240463,3,42.889,-78.808,Theft
236543,240464,3,42.879,-78.838,Breaking & Entering
236548,240469,3,42.839,-78.813,Theft
236556,240477,3,42.873,-78.82,Theft
236559,240480,3,42.896,-78.836,Assault
236561,240482,3,42.87,-78.835,Breaking & Entering
236563,240484,3,42.894,-78.836,Theft
236566,240487,3,42.882,-78.836,Theft
236571,240492,3,42.851,-78.827,Theft
236575,240496,3,42.893,-78.82,Theft
236577,240498,3,42.878,-78.808,Assault
236590,240512,3,42.898,-78.819,Breaking & Entering
236595,240517,3,42.889,-78.804,Theft
236596,240518,3,42.885,-78.804,Breaking & Entering
236611,240533,3,42.895,-78.82,Breaking & Entering
236613,240535,3,42.853,-78.816,Assault
236620,240543,3,42.872,-78.805,Theft
236623,240546,3,42.845,-78.83,Breaking & Entering
236630,240553,3,42.896,-78.819,Breaking & Entering
236632,240555,3,42.848,-78.812,Assault
236633,240556,3,42.884,-78.846,Theft
236640,240564,3,42.856,-78.829,Theft
236643,240567,3,42.836,-78.82,Breaking & Entering
236645,240569,3,42.849,-78.813,Theft
236649,240573,3,42.878,-78.833,Breaking & Entering
236676,240600,3,42.851,-78.825,Theft
236677,240601,3,42.86,-78.819,Theft of Vehicle
236678,240602,3,42.895,-78.842,Breaking & Entering
236683,240607,3,42.851,-78.825,Theft
236685,240609,3,42.893,-78.837,Theft
236690,240614,3,42.855,-78.818,Theft
236691,240615,3,42.886,-78.802,Breaking & Entering
236699,240623,3,42.894,-78.834,Breaking & Entering
236702,240626,3,42.86,-78.816,Theft
236703,240627,3,42.876,-78.843,Theft of Vehicle
236705,240629,3,42.856,-78.821,Breaking & Entering
236706,240630,3,42.855,-78.831,Theft
236713,240637,3,42.879,-78.832,Theft
236714,240638,3,42.886,-78.809,Assault
236717,240641,3,42.892,-78.833,Breaking & Entering
236719,240643,3,42.886,-78.841,Breaking & Entering
236723,240647,3,42.875,-78.843,Theft of Vehicle
236733,240657,3,42.875,-78.806,Theft
236735,240659,3,42.885,-78.814,Breaking & Entering
236737,240661,3,42.891,-78.837,Theft
236743,240668,3,42.869,-78.846,Assault
236751,240676,3,42.843,-78.806,Theft
236756,240681,3,42.892,-78.825,Theft
236759,240684,3,42.894,-78.82,Assault
236761,240686,3,42.89,-78.832,Breaking & Entering
236762,240687,3,42.897,-78.817,Robbery
236767,240692,3,42.882,-78.836,Robbery
236775,240700,3,42.87,-78.81,Theft
236777,240702,3,42.891,-78.833,Assault
236782,240707,3,42.837,-78.826,Theft
236783,240708,3,42.898,-78.807,Theft
236793,240718,3,42.893,-78.837,Theft
236808,240733,3,42.859,-78.809,Other Sexual Offense
236812,240737,3,42.857,-78.829,Theft
236817,240742,3,42.852,-78.814,Theft
236824,240749,3,42.897,-78.836,Theft
236841,240767,3,42.841,-78.824,Theft
236842,240768,3,42.871,-78.843,Theft
236846,240772,3,42.838,-78.801,Theft of Vehicle
236848,240775,3,42.89,-78.803,Robbery
236856,240783,3,42.887,-78.841,Theft
236865,240792,3,42.837,-78.824,Theft
236870,240797,3,42.898,-78.831,Breaking & Entering
236871,240798,3,42.843,-78.824,Theft
236875,240802,3,42.851,-78.802,Assault
236876,240803,3,42.89,-78.81,Assault
236877,240804,3,42.898,-78.815,Breaking & Entering
236880,240807,3,42.85,-78.804,Robbery
236887,240814,3,42.897,-78.817,Theft
236888,240815,3,42.873,-78.826,Assault
236891,240818,3,42.851,-78.821,Robbery
236900,240827,3,42.839,-78.804,Assault
236901,240828,3,42.893,-78.839,Theft
236909,240836,3,42.89,-78.808,Assault
236910,240837,3,42.898,-78.807,Theft
236913,240840,3,42.851,-78.806,Assault
236916,240843,3,42.891,-78.84,Breaking & Entering
236917,240844,3,42.836,-78.822,Breaking & Entering
236918,240845,3,42.871,-78.807,Assault
236921,240850,3,42.857,-78.816,Breaking & Entering
236923,240852,3,42.86,-78.807,Theft of Vehicle
236924,240853,3,42.872,-78.839,Assault
236934,240864,3,42.875,-78.83,Theft of Vehicle
236936,240866,3,42.858,-78.808,Theft of Vehicle
236938,240868,3,42.89,-78.804,Theft
236939,240869,3,42.896,-78.836,Robbery
236940,240870,3,42.876,-78.827,Theft
236948,240878,3,42.852,-78.826,Theft of Vehicle
236954,240884,3,42.878,-78.836,Assault
236956,240886,3,42.872,-78.808,Theft
236963,240893,3,42.884,-78.844,Theft
236979,240909,3,42.837,-78.82,Breaking & Entering
236996,240926,3,42.852,-78.824,Theft
237004,240934,3,42.871,-78.806,Theft
237007,240937,3,42.872,-78.807,Breaking & Entering
237030,240960,3,42.859,-78.812,Assault
237035,240965,3,42.87,-78.832,Breaking & Entering
237049,240981,3,42.852,-78.827,Breaking & Entering
237056,240988,3,42.887,-78.843,Theft
237057,240989,3,42.892,-78.814,Theft of Vehicle
237061,240993,3,42.88,-78.84,Theft
237064,240996,3,42.895,-78.82,Theft
237066,240998,3,42.854,-78.808,Theft
237068,241000,3,42.887,-78.802,Breaking & Entering
237071,241003,3,42.838,-78.808,Robbery
237074,241006,3,42.836,-78.824,Theft
237080,241012,3,42.889,-78.834,Theft
237084,241016,3,42.897,-78.825,Assault
237085,241017,3,42.896,-78.802,Theft
237101,241033,3,42.899,-78.822,Assault
237109,241041,3,42.879,-78.844,Assault
237135,241067,3,42.879,-78.802,Theft
237154,241088,3,42.869,-78.805,Theft of Vehicle
237161,241095,3,42.883,-78.835,Assault
237162,241096,3,42.837,-78.824,Assault
237166,241100,3,42.874,-78.827,Breaking & Entering
237172,241106,3,42.891,-78.807,Theft
237174,241108,3,42.893,-78.839,Assault
237179,241113,3,42.894,-78.819,Sexual Assault
237181,241115,3,42.856,-78.832,Sexual Assault
237190,241124,3,42.888,-78.803,Assault
237191,241125,3,42.893,-78.821,Assault
237200,241134,3,42.852,-78.823,Theft
237210,241144,3,42.893,-78.841,Theft
237221,241156,3,42.893,-78.841,Theft
237222,241157,3,42.86,-78.812,Theft of Vehicle
237223,241158,3,42.849,-78.82,Theft
237231,241166,3,42.877,-78.848,Theft
237234,241169,3,42.896,-78.82,Theft of Vehicle
237241,241176,3,42.88,-78.834,Theft
237242,241177,3,42.891,-78.831,Assault
237243,241178,3,42.853,-78.824,Assault
237252,241187,3,42.838,-78.806,Theft
237264,241199,3,42.899,-78.83,Assault
237265,241200,3,42.849,-78.811,Theft
237271,241206,3,42.888,-78.802,Theft
237279,241214,3,42.892,-78.831,Assault
237281,241216,3,42.889,-78.804,Theft
237283,241218,3,42.896,-78.821,Breaking & Entering
237287,241222,3,42.891,-78.84,Theft
237292,241228,3,42.848,-78.812,Theft
237301,241237,3,42.859,-78.814,Theft of Vehicle
237312,241248,3,42.865,-78.824,Theft
237313,241249,3,42.858,-78.818,Breaking & Entering
237316,241252,3,42.863,-78.802,Theft of Vehicle
237323,241259,3,42.853,-78.811,Theft of Vehicle
237334,241270,3,42.872,-78.811,Robbery
237337,241273,3,42.889,-78.835,Assault
237338,241274,3,42.896,-78.814,Assault
237342,241279,3,42.851,-78.832,Breaking & Entering
237350,241287,3,42.891,-78.83,Breaking & Entering
237351,241288,3,42.842,-78.816,Breaking & Entering
237352,241289,3,42.856,-78.825,Assault
237370,241308,3,42.845,-78.824,Theft
237372,241310,3,42.885,-78.839,Robbery
237373,241311,3,42.883,-78.837,Theft
237385,241323,3,42.858,-78.824,Breaking & Entering
237388,241326,3,42.868,-78.837,Theft
237389,241327,3,42.896,-78.823,Theft
237391,241329,3,42.887,-78.843,Theft
237393,241331,3,42.851,-78.832,Assault
237407,241345,3,42.856,-78.814,Other Sexual Offense
237416,241354,3,42.876,-78.843,Breaking & Entering
237419,241357,3,42.857,-78.833,Theft
237421,241359,3,42.887,-78.807,Theft
237426,241364,3,42.847,-78.828,Theft
237431,241369,3,42.86,-78.826,Theft
237447,241386,3,42.868,-78.802,Theft
237457,241396,3,42.874,-78.807,Breaking & Entering
237458,241397,3,42.87,-78.834,Theft
237462,241401,3,42.886,-78.819,Theft
237468,241407,3,42.89,-78.802,Breaking & Entering
237470,241409,3,42.889,-78.808,Theft
237471,241410,3,42.835,-78.809,Assault
237474,241413,3,42.857,-78.812,Theft
237483,241422,3,42.847,-78.855,Theft
237484,241423,3,42.899,-78.818,Theft
237485,241424,3,42.832,-78.833,Theft
237487,241426,3,42.854,-78.808,Breaking & Entering
237494,241433,3,42.894,-78.836,Theft
237499,241438,3,42.89,-78.805,Theft of Vehicle
237502,241441,3,42.853,-78.817,Theft
237508,241447,3,42.839,-78.857,Theft of Vehicle
237511,241450,3,42.855,-78.832,Robbery
237515,241454,3,42.896,-78.816,Theft
237519,241458,3,42.892,-78.805,Breaking & Entering
237521,241460,3,42.895,-78.821,Breaking & Entering
237532,241471,3,42.877,-78.828,Breaking & Entering
237545,241484,3,42.897,-78.83,Breaking & Entering
237547,241486,3,42.896,-78.836,Assault
237548,241487,3,42.899,-78.815,Assault
237553,241492,3,42.893,-78.841,Breaking & Entering
237558,241497,3,42.893,-78.831,Assault
237570,241509,3,42.856,-78.823,Theft
237576,241515,3,42.843,-78.823,Other Sexual Offense
237577,241516,3,42.898,-78.807,Assault
237583,241522,3,42.853,-78.832,Assault
237592,241532,3,42.858,-78.831,Theft
237594,241534,3,42.888,-78.815,Assault
237599,241540,3,42.848,-78.812,Assault
237600,241541,3,42.85,-78.815,Theft
237604,241545,3,42.887,-78.814,Assault
237606,241547,3,42.893,-78.822,Assault
237607,241548,3,42.891,-78.831,Assault
237616,241557,3,42.895,-78.823,Assault
237625,241566,3,42.882,-78.8,Theft of Vehicle
237626,241567,3,42.897,-78.824,Assault
237639,241581,3,42.838,-78.833,Theft
237642,241584,3,42.887,-78.807,Breaking & Entering
237644,241586,3,42.888,-78.808,Assault
237645,241587,3,42.842,-78.809,Assault
237649,241591,3,42.896,-78.816,Robbery
237650,241592,3,42.84,-78.817,Other Sexual Offense
237652,241594,3,42.874,-78.827,Breaking & Entering
237655,241597,3,42.881,-78.843,Theft
237656,241598,3,42.881,-78.836,Breaking & Entering
237660,241602,3,42.854,-78.827,Theft
237662,241604,3,42.881,-78.841,Assault
237668,241610,3,42.89,-78.833,Breaking & Entering
237684,241626,3,42.846,-78.826,Breaking & Entering
237687,241629,3,42.894,-78.825,Assault
237689,241631,3,42.859,-78.822,Theft
237692,241634,3,42.874,-78.844,Theft of Vehicle
237693,241636,3,42.849,-78.827,Breaking & Entering
237695,241638,3,42.891,-78.83,Theft of Vehicle
237699,241642,3,42.857,-78.812,Theft
237700,241643,3,42.886,-78.802,Breaking & Entering
237707,241650,3,42.872,-78.838,Theft
237716,241659,3,42.895,-78.827,Theft
237718,241661,3,42.892,-78.844,Assault
237721,241664,3,42.857,-78.825,Breaking & Entering
237727,241670,3,42.894,-78.809,Other Sexual Offense
237733,241676,3,42.89,-78.832,Theft
237736,241679,3,42.871,-78.835,Theft
237740,241683,3,42.893,-78.839,Theft
237743,241686,3,42.897,-78.834,Theft
237744,241687,3,42.891,-78.814,Assault
237752,241695,3,42.869,-78.807,Theft
237760,241703,3,42.858,-78.814,Theft
237765,241708,3,42.861,-78.818,Breaking & Entering
237773,241717,3,42.898,-78.835,Breaking & Entering
237781,241725,3,42.88,-78.841,Theft
237785,241729,3,42.844,-78.826,Theft
237786,241730,3,42.893,-78.83,Theft
237787,241731,3,42.897,-78.838,Robbery
237792,241736,3,42.841,-78.824,Theft
237793,241737,3,42.836,-78.824,Theft
237807,241751,3,42.86,-78.815,Breaking & Entering
237813,241757,3,42.833,-78.823,Theft
237814,241758,3,42.888,-78.836,Theft of Vehicle
237822,241766,3,42.862,-78.818,Assault
237823,241767,3,42.893,-78.839,Theft
237841,241785,3,42.894,-78.836,Breaking & Entering
237843,241787,3,42.857,-78.812,Theft
237847,241791,3,42.871,-78.811,Theft of Vehicle
237849,241793,3,42.85,-78.804,Assault
237856,241800,3,42.863,-78.809,Breaking & Entering
237864,241808,3,42.853,-78.834,Theft
237865,241809,3,42.858,-78.831,Theft
237869,241813,3,42.892,-78.84,Theft
237879,241823,3,42.847,-78.855,Theft
237880,241824,3,42.851,-78.829,Breaking & Entering
237883,241827,3,42.848,-78.824,Theft
237891,241835,3,42.888,-78.837,Assault
237913,241857,3,42.851,-78.806,Breaking & Entering
237917,241861,3,42.871,-78.815,Theft
237923,241867,3,42.844,-78.825,Breaking & Entering
237930,241874,3,42.898,-78.807,Theft
237931,241875,3,42.885,-78.815,Theft of Vehicle
237936,241880,3,42.84,-78.819,Theft
237943,241888,3,42.854,-78.832,Theft
237948,241893,3,42.881,-78.841,Assault
237955,241900,3,42.86,-78.813,Assault
237961,241906,3,42.889,-78.808,Theft
237963,241908,3,42.851,-78.816,Breaking & Entering
237972,241917,3,42.878,-78.801,Robbery
237975,241920,3,42.88,-78.849,Theft
237983,241929,3,42.858,-78.831,Theft
237987,241933,3,42.846,-78.821,Breaking & Entering
237989,241935,3,42.892,-78.824,Breaking & Entering
237990,241936,3,42.895,-78.828,Breaking & Entering
237992,241938,3,42.848,-78.824,Sexual Assault
237999,241945,3,42.872,-78.813,Assault
238001,241947,3,42.885,-78.839,Assault
238015,241962,3,42.899,-78.822,Breaking & Entering
238022,241969,3,42.853,-78.804,Assault
238024,241971,3,42.89,-78.801,Assault
238029,241976,3,42.868,-78.848,Theft
238033,241980,3,42.894,-78.834,Theft
238035,241982,3,42.858,-78.831,Theft
238046,241993,3,42.894,-78.829,Breaking & Entering
238047,241994,3,42.859,-78.806,Theft of Vehicle
238049,241996,3,42.894,-78.834,Assault
238056,242004,3,42.895,-78.83,Assault
238079,242027,3,42.894,-78.809,Theft
238096,242044,3,42.848,-78.824,Robbery
238103,242051,3,42.857,-78.81,Theft
238110,242058,3,42.858,-78.813,Theft
238121,242069,3,42.856,-78.806,Breaking & Entering
238124,242072,3,42.851,-78.802,Breaking & Entering
238132,242080,3,42.855,-78.833,Assault
238135,242083,3,42.89,-78.838,Theft
238142,242090,3,42.894,-78.822,Theft of Vehicle
238145,242093,3,42.842,-78.82,Theft
238147,242095,3,42.893,-78.839,Assault
238148,242096,3,42.893,-78.839,Assault
238151,242099,3,42.853,-78.807,Theft
238153,242101,3,42.874,-78.827,Assault
238158,242106,3,42.875,-78.826,Other Sexual Offense
238160,242108,3,42.835,-78.823,Theft of Vehicle
238161,242109,3,42.895,-78.827,Robbery
238163,242111,3,42.878,-78.833,Breaking & Entering
238168,242116,3,42.895,-78.802,Theft
238170,242118,3,42.892,-78.831,Assault
238178,242126,3,42.85,-78.826,Assault
238179,242127,3,42.898,-78.838,Assault
238181,242129,3,42.85,-78.815,Theft of Vehicle
238197,242145,3,42.895,-78.827,Assault
238201,242149,3,42.871,-78.823,Theft
238210,242158,3,42.872,-78.816,Theft
238211,242159,3,42.85,-78.818,Assault
238212,242160,3,42.838,-78.804,Theft
238213,242161,3,42.878,-78.834,Assault
238216,242164,3,42.898,-78.807,Theft
238230,242178,3,42.899,-78.837,Assault
238245,242193,3,42.849,-78.824,Robbery
238247,242196,3,42.886,-78.802,Assault
238253,242202,3,42.888,-78.84,Assault
238254,242203,3,42.877,-78.802,Breaking & Entering
238256,242205,3,42.848,-78.824,Assault
238263,242212,3,42.896,-78.817,Robbery
238276,242225,3,42.888,-78.816,Theft
238279,242228,3,42.858,-78.81,Breaking & Entering
238284,242233,3,42.889,-78.834,Theft
238286,242235,3,42.857,-78.809,Theft
238298,242247,3,42.896,-78.801,Other Sexual Offense
238299,242248,3,42.893,-78.839,Assault
238300,242249,3,42.857,-78.812,Theft
238302,242251,3,42.851,-78.819,Theft
238304,242253,3,42.894,-78.827,Theft of Vehicle
238308,242257,3,42.866,-78.851,Breaking & Entering
238310,242259,3,42.899,-78.816,Assault
238319,242268,3,42.886,-78.812,Assault
238321,242270,3,42.856,-78.832,Assault
238322,242271,3,42.872,-78.812,Breaking & Entering
238325,242274,3,42.874,-78.844,Robbery
238326,242275,3,42.89,-78.812,Breaking & Entering
238341,242292,3,42.858,-78.818,Robbery
238351,242302,3,42.842,-78.83,Theft
238360,242311,3,42.893,-78.838,Theft
238372,242323,3,42.833,-78.824,Theft
238374,242325,3,42.893,-78.843,Breaking & Entering
238381,242332,3,42.849,-78.833,Breaking & Entering
238384,242335,3,42.879,-78.842,Assault
238389,242340,3,42.828,-78.824,Theft
238393,242344,3,42.874,-78.807,Theft
238402,242353,3,42.867,-78.847,Breaking & Entering
238413,242364,3,42.868,-78.837,Theft
238424,242375,3,42.898,-78.832,Robbery
238428,242379,3,42.875,-78.831,Theft
238429,242380,3,42.893,-78.837,Robbery
238435,242386,3,42.86,-78.812,Breaking & Entering
238436,242387,3,42.837,-78.824,Breaking & Entering
238448,242400,3,42.845,-78.813,Theft
238452,242404,3,42.858,-78.812,Other Sexual Offense
238458,242410,3,42.857,-78.812,Theft
238465,242417,3,42.886,-78.845,Theft
238470,242422,3,42.897,-78.817,Theft of Vehicle
238493,242445,3,42.855,-78.809,Assault
238498,242450,3,42.867,-78.808,Theft
238500,242452,3,42.894,-78.835,Robbery
238502,242454,3,42.894,-78.805,Assault
238505,242457,3,42.885,-78.807,Theft
238512,242464,3,42.875,-78.851,Theft
238514,242466,3,42.897,-78.839,Breaking & Entering
238515,242467,3,42.858,-78.832,Theft of Vehicle
238522,242474,3,42.887,-78.808,Theft
238533,242485,3,42.842,-78.823,Robbery
238539,242491,3,42.898,-78.8,Theft
238542,242494,3,42.895,-78.836,Assault
238545,242497,3,42.834,-78.827,Theft
238548,242500,3,42.842,-78.824,Theft
238567,242519,3,42.869,-78.851,Sexual Assault
238582,242535,3,42.892,-78.832,Assault
238583,242536,3,42.878,-78.801,Theft
238589,242542,3,42.838,-78.833,Theft
238591,242544,3,42.839,-78.815,Theft
238594,242547,3,42.869,-78.829,Breaking & Entering
238596,242549,3,42.896,-78.823,Theft
238598,242551,3,42.894,-78.821,Assault
238599,242552,3,42.892,-78.814,Theft of Vehicle
238601,242554,3,42.894,-78.823,Assault
238603,242556,3,42.872,-78.815,Assault
238604,242557,3,42.888,-78.844,Theft
238610,242563,3,42.889,-78.837,Robbery
238611,242564,3,42.847,-78.832,Theft of Vehicle
238620,242573,3,42.861,-78.817,Theft
238624,242577,3,42.844,-78.829,Assault
238626,242579,3,42.89,-78.837,Theft of Vehicle
238639,242592,3,42.896,-78.833,Breaking & Entering
238641,242594,3,42.873,-78.841,Theft
238642,242595,3,42.898,-78.816,Breaking & Entering
238647,242600,3,42.873,-78.814,Theft
238648,242601,3,42.853,-78.824,Theft
238650,242603,3,42.872,-78.822,Theft
238658,242611,3,42.89,-78.8,Theft of Vehicle
238661,242614,3,42.896,-78.801,Theft
238662,242615,3,42.85,-78.803,Theft
238666,242619,3,42.841,-78.824,Theft
238671,242625,3,42.869,-78.808,Theft
238677,242631,3,42.872,-78.801,Theft of Vehicle
238695,242649,3,42.853,-78.823,Theft
238696,242650,3,42.872,-78.834,Theft
238700,242654,3,42.855,-78.831,Theft
238706,242660,3,42.886,-78.841,Theft
238718,242673,3,42.848,-78.812,Theft
238719,242674,3,42.832,-78.811,Theft
238720,242675,3,42.844,-78.823,Theft
238722,242677,3,42.891,-78.815,Theft
238727,242682,3,42.886,-78.839,Theft
238738,242693,3,42.86,-78.819,Breaking & Entering
238740,242696,3,42.895,-78.828,Robbery
238746,242702,3,42.849,-78.814,Breaking & Entering
238751,242708,3,42.896,-78.836,Breaking & Entering
238756,242713,3,42.853,-78.832,Theft
238760,242717,3,42.89,-78.837,Robbery
238765,242722,3,42.856,-78.807,Theft
238778,242735,3,42.862,-78.816,Theft
238780,242737,3,42.856,-78.808,Other Sexual Offense
238784,242741,3,42.847,-78.827,Breaking & Entering
238785,242742,3,42.878,-78.85,Theft
238788,242745,3,42.843,-78.812,Theft
238793,242750,3,42.855,-78.828,Breaking & Entering
238794,242751,3,42.842,-78.829,Assault
238812,242769,3,42.869,-78.806,Robbery
238813,242770,3,42.87,-78.81,Theft of Vehicle
238816,242774,3,42.848,-78.824,Assault
238822,242780,3,42.892,-78.841,Theft
238824,242782,3,42.861,-78.82,Assault
238825,242783,3,42.894,-78.809,Theft
238831,242789,3,42.894,-78.833,Robbery
238835,242793,3,42.857,-78.809,Assault
238836,242794,3,42.847,-78.811,Theft
238839,242797,3,42.85,-78.805,Theft
238840,242798,3,42.896,-78.838,Breaking & Entering
238846,242804,3,42.863,-78.819,Theft
238847,242805,3,42.89,-78.839,Theft of Vehicle
238848,242806,3,42.849,-78.827,Breaking & Entering
238851,242810,3,42.894,-78.835,Theft
238856,242815,3,42.892,-78.84,Breaking & Entering
238857,242816,3,42.873,-78.843,Breaking & Entering
238862,242821,3,42.837,-78.824,Assault
238865,242824,3,42.893,-78.837,Theft
238866,242825,3,42.89,-78.831,Theft
238873,242832,3,42.896,-78.836,Theft
238875,242834,3,42.859,-78.824,Theft
238879,242838,3,42.892,-78.827,Breaking & Entering
238880,242839,3,42.891,-78.835,Assault
238891,242850,3,42.895,-78.819,Breaking & Entering
238892,242851,3,42.859,-78.82,Theft
238901,242860,3,42.857,-78.812,Theft
238913,242872,3,42.852,-78.828,Assault
238917,242876,3,42.893,-78.837,Theft
238920,242879,3,42.848,-78.812,Theft
238927,242886,3,42.899,-78.827,Assault
238930,242889,3,42.872,-78.802,Assault
238939,242898,3,42.898,-78.807,Robbery
238948,242908,3,42.849,-78.819,Theft
238949,242909,3,42.898,-78.82,Breaking & Entering
238961,242921,3,42.894,-78.825,Breaking & Entering
238974,242934,3,42.877,-78.843,Assault
238985,242946,3,42.837,-78.808,Breaking & Entering
238986,242947,3,42.892,-78.804,Breaking & Entering
238988,242949,3,42.848,-78.824,Theft
238993,242954,3,42.848,-78.813,Theft
238997,242958,3,42.847,-78.824,Theft
238999,242960,3,42.887,-78.837,Breaking & Entering
239001,242962,3,42.856,-78.823,Theft
239002,242963,3,42.897,-78.825,Breaking & Entering
239033,242996,3,42.897,-78.823,Breaking & Entering
239040,243003,3,42.887,-78.804,Breaking & Entering
239050,243013,3,42.856,-78.807,Theft
239052,243015,3,42.865,-78.806,Theft of Vehicle
239064,243027,3,42.898,-78.837,Robbery
239066,243029,3,42.842,-78.811,Theft
239075,243039,3,42.859,-78.812,Robbery
239076,243040,3,42.86,-78.812,Theft
239081,243045,3,42.883,-78.832,Assault
239090,243054,3,42.894,-78.808,Theft
239094,243058,3,42.882,-78.801,Theft
239096,243060,3,42.896,-78.821,Breaking & Entering
239099,243063,3,42.89,-78.844,Robbery
239103,243067,3,42.85,-78.815,Theft
239105,243069,3,42.837,-78.825,Breaking & Entering
239107,243071,3,42.858,-78.813,Theft
239124,243088,3,42.875,-78.831,Theft
239129,243093,3,42.895,-78.831,Theft
239130,243094,3,42.89,-78.812,Assault
239167,243131,3,42.893,-78.807,Assault
239173,243137,3,42.887,-78.805,Assault
239177,243141,3,42.848,-78.824,Assault
239183,243148,3,42.877,-78.848,Theft
239190,243155,3,42.87,-78.805,Theft of Vehicle
239200,243165,3,42.896,-78.821,Theft of Vehicle
239212,243177,3,42.888,-78.803,Breaking & Entering
239213,243178,3,42.857,-78.814,Breaking & Entering
239215,243180,3,42.858,-78.83,Theft
239218,243183,3,42.856,-78.825,Breaking & Entering
239222,243187,3,42.867,-78.857,Theft
239230,243195,3,42.893,-78.837,Breaking & Entering
239238,243203,3,42.847,-78.801,Assault
239240,243205,3,42.888,-78.837,Breaking & Entering
239247,243212,3,42.877,-78.81,Breaking & Entering
239250,243215,3,42.859,-78.806,Theft
239251,243216,3,42.868,-78.808,Breaking & Entering
239253,243218,3,42.852,-78.826,Other Sexual Offense
239265,243230,3,42.86,-78.818,Theft
239271,243236,3,42.861,-78.816,Theft
239272,243237,3,42.857,-78.81,Theft
239280,243245,3,42.882,-78.841,Assault
239283,243248,3,42.892,-78.81,Theft
239293,243258,3,42.891,-78.843,Theft of Vehicle
239297,243262,3,42.897,-78.818,Breaking & Entering
239307,243272,3,42.88,-78.835,Theft
239308,243273,3,42.878,-78.801,Theft
239310,243275,3,42.837,-78.802,Theft
239316,243281,3,42.841,-78.824,Robbery
239317,243282,3,42.893,-78.831,Assault
239321,243286,3,42.837,-78.825,Assault
239334,243299,3,42.879,-78.836,Assault
239335,243300,3,42.872,-78.818,Theft
239338,243303,3,42.886,-78.801,Breaking & Entering
239346,243311,3,42.873,-78.819,Theft
239348,243313,3,42.833,-78.824,Theft
239349,243314,3,42.891,-78.808,Theft
239372,243338,3,42.879,-78.814,Theft
239377,243343,3,42.832,-78.815,Theft
239378,243344,3,42.896,-78.816,Breaking & Entering
239379,243345,3,42.893,-78.841,Breaking & Entering
239386,243352,3,42.869,-78.808,Assault
239399,243365,3,42.863,-78.818,Assault
239405,243371,3,42.899,-78.816,Theft of Vehicle
239408,243374,3,42.841,-78.825,Theft
239415,243381,3,42.866,-78.821,Breaking & Entering
239426,243392,3,42.873,-78.82,Robbery
239430,243396,3,42.848,-78.824,Assault
239431,243397,3,42.879,-78.838,Theft
239432,243398,3,42.858,-78.815,Theft of Vehicle
239437,243403,3,42.893,-78.843,Breaking & Entering
239440,243406,3,42.887,-78.843,Assault
239449,243415,3,42.843,-78.831,Breaking & Entering
239455,243421,3,42.878,-78.83,Breaking & Entering
239458,243424,3,42.862,-78.815,Breaking & Entering
239459,243425,3,42.888,-78.814,Breaking & Entering
239462,243428,3,42.893,-78.84,Theft
239463,243429,3,42.854,-78.828,Theft of Vehicle
239464,243430,3,42.842,-78.805,Assault
239484,243451,3,42.853,-78.823,Theft
239492,243459,3,42.893,-78.821,Breaking & Entering
239494,243461,3,42.857,-78.812,Theft
239496,243463,3,42.872,-78.821,Theft of Vehicle
239503,243470,3,42.858,-78.813,Breaking & Entering
239508,243475,3,42.896,-78.823,Theft
239509,243476,3,42.887,-78.803,Theft
239510,243478,3,42.892,-78.83,Theft
239516,243484,3,42.897,-78.817,Breaking & Entering
239518,243486,3,42.862,-78.813,Assault
239520,243488,3,42.84,-78.805,Theft
239521,243489,3,42.891,-78.834,Assault
239528,243496,3,42.858,-78.825,Theft of Vehicle
239541,243510,3,42.85,-78.812,Theft of Vehicle
239542,243511,3,42.852,-78.823,Theft
239551,243520,3,42.86,-78.815,Assault
239555,243524,3,42.846,-78.819,Breaking & Entering
239557,243526,3,42.872,-78.808,Theft of Vehicle
239567,243536,3,42.854,-78.805,Theft
239568,243537,3,42.867,-78.809,Theft
239569,243538,3,42.852,-78.817,Breaking & Entering
239580,243549,3,42.878,-78.801,Theft
239581,243550,3,42.862,-78.814,Theft
239582,243551,3,42.889,-78.811,Breaking & Entering
239583,243552,3,42.892,-78.832,Assault
239584,243553,3,42.888,-78.836,Theft
239585,243554,3,42.898,-78.816,Breaking & Entering
239587,243556,3,42.848,-78.824,Theft
239595,243564,3,42.857,-78.833,Theft of Vehicle
239599,243568,3,42.852,-78.824,Breaking & Entering
239602,243571,3,42.895,-78.84,Breaking & Entering
239606,243575,3,42.891,-78.803,Theft
239612,243581,3,42.887,-78.808,Assault
239614,243584,3,42.853,-78.837,Theft of Vehicle
239615,243585,3,42.889,-78.81,Theft
239616,243586,3,42.892,-78.803,Theft
239620,243591,3,42.891,-78.839,Breaking & Entering
239621,243592,3,42.874,-78.804,Breaking & Entering
239622,243593,3,42.891,-78.834,Assault
239623,243594,3,42.884,-78.848,Theft
239631,243602,3,42.869,-78.802,Assault
239634,243605,3,42.858,-78.831,Theft
239635,243606,3,42.839,-78.812,Theft of Vehicle
239640,243612,3,42.895,-78.832,Theft of Vehicle
239641,243613,3,42.882,-78.84,Theft
239642,243614,3,42.852,-78.829,Breaking & Entering
239648,243620,3,42.895,-78.819,Assault
239649,243621,3,42.892,-78.825,Assault
239650,243622,3,42.869,-78.829,Assault
239656,243628,3,42.893,-78.841,Theft
239666,243638,3,42.888,-78.844,Theft of Vehicle
239669,243641,3,42.836,-78.824,Theft
239681,243654,3,42.836,-78.804,Theft
239682,243655,3,42.889,-78.811,Breaking & Entering
239683,243656,3,42.883,-78.831,Theft
239685,243658,3,42.891,-78.83,Theft of Vehicle
239689,243662,3,42.892,-78.814,Theft
239691,243664,3,42.851,-78.81,Theft of Vehicle
239698,243673,3,42.852,-78.805,Robbery
239712,243687,3,42.859,-78.804,Theft
239717,243692,3,42.883,-78.836,Breaking & Entering
239723,243698,3,42.889,-78.84,Theft
239728,243703,3,42.896,-78.82,Theft
239731,243706,3,42.849,-78.827,Assault
239736,243711,3,42.897,-78.814,Theft
239742,243717,3,42.855,-78.81,Theft
239752,243727,3,42.888,-78.837,Breaking & Entering
239754,243729,3,42.898,-78.806,Breaking & Entering
239755,243730,3,42.849,-78.825,Theft
239760,243735,3,42.873,-78.817,Theft
239766,243741,3,42.833,-78.803,Theft of Vehicle
239768,243743,3,42.896,-78.803,Theft
239771,243746,3,42.873,-78.803,Theft of Vehicle
239772,243747,3,42.885,-78.84,Breaking & Entering
239775,243750,3,42.846,-78.802,Assault
239776,243751,3,42.86,-78.825,Theft
239781,243756,3,42.877,-78.847,Theft
239784,243759,3,42.848,-78.823,Assault
239786,243761,3,42.844,-78.809,Theft
239789,243764,3,42.844,-78.829,Assault
239792,243767,3,42.866,-78.846,Theft
239793,243768,3,42.851,-78.801,Assault
239794,243769,3,42.836,-78.808,Theft
239801,243777,3,42.851,-78.802,Theft
239819,243797,3,42.898,-78.835,Theft
239834,243812,3,42.899,-78.816,Assault
239841,243819,3,42.899,-78.814,Theft
239844,243822,3,42.85,-78.815,Theft
239845,243823,3,42.839,-78.819,Theft
239846,243824,3,42.855,-78.827,Theft
239849,243827,3,42.885,-78.839,Theft of Vehicle
239853,243831,3,42.861,-78.803,Breaking & Entering
239856,243834,3,42.863,-78.805,Breaking & Entering
239862,243840,3,42.857,-78.834,Assault
239872,243850,3,42.869,-78.802,Theft of Vehicle
239876,243854,3,42.877,-78.847,Assault
239882,243860,3,42.89,-78.839,Theft of Vehicle
239889,243867,3,42.892,-78.835,Breaking & Entering
239894,243872,3,42.837,-78.803,Theft
239898,243876,3,42.878,-78.842,Theft
239907,243885,3,42.897,-78.818,Theft
239910,243888,3,42.849,-78.832,Theft
239911,243889,3,42.877,-78.841,Breaking & Entering
239912,243890,3,42.89,-78.835,Breaking & Entering
239913,243891,3,42.851,-78.805,Theft
239916,243894,3,42.872,-78.811,Theft
239924,243902,3,42.868,-78.809,Breaking & Entering
239925,243903,3,42.853,-78.832,Theft
239932,243910,3,42.896,-78.817,Theft
239938,243916,3,42.857,-78.824,Theft
239942,243920,3,42.889,-78.807,Theft of Vehicle
239943,243921,3,42.893,-78.84,Theft
239944,243922,3,42.858,-78.811,Theft
239948,243926,3,42.891,-78.84,Theft
239963,243941,3,42.886,-78.802,Theft
239967,243945,3,42.885,-78.803,Assault
239969,243947,3,42.848,-78.824,Robbery
239970,243948,3,42.87,-78.85,Theft of Vehicle
239971,243949,3,42.86,-78.805,Theft
239976,243954,3,42.898,-78.807,Theft
239979,243957,3,42.867,-78.851,Assault
239982,243960,3,42.855,-78.815,Theft
239985,243963,3,42.872,-78.814,Assault
239994,243972,3,42.892,-78.81,Assault
239995,243973,3,42.859,-78.821,Assault
240001,243979,3,42.873,-78.841,Breaking & Entering
240004,243982,3,42.837,-78.812,Breaking & Entering
240008,243986,3,42.855,-78.826,Theft
240010,243988,3,42.877,-78.81,Breaking & Entering
240014,243992,3,42.859,-78.818,Theft
240020,243998,3,42.879,-78.848,Theft
240021,243999,3,42.894,-78.835,Breaking & Entering
240031,244009,3,42.893,-78.831,Assault
240036,244014,3,42.848,-78.824,Assault
240042,244020,3,42.87,-78.805,Breaking & Entering
240045,244023,3,42.883,-78.804,Theft
240046,244024,3,42.899,-78.823,Theft
240047,244025,3,42.847,-78.824,Sexual Assault
240049,244027,3,42.892,-78.824,Assault
240050,244028,3,42.856,-78.823,Theft
240055,244033,3,42.875,-78.804,Theft
240057,244035,3,42.845,-78.811,Theft of Vehicle
240058,244036,3,42.899,-78.819,Breaking & Entering
240059,244037,3,42.87,-78.85,Theft
240065,244043,3,42.86,-78.827,Theft of Vehicle
240066,244044,3,42.856,-78.811,Theft
240067,244045,3,42.865,-78.841,Assault
240071,244049,3,42.887,-78.808,Assault
240107,244086,3,42.852,-78.809,Theft
240130,244110,3,42.877,-78.803,Breaking & Entering
240131,244111,3,42.853,-78.822,Theft
240147,244127,3,42.892,-78.825,Breaking & Entering
240148,244128,3,42.869,-78.802,Theft
240164,244144,3,42.876,-78.826,Assault
240166,244146,3,42.887,-78.803,Breaking & Entering
240174,244154,3,42.856,-78.826,Theft
240180,244160,3,42.887,-78.836,Breaking & Entering
240182,244162,3,42.897,-78.814,Assault
240183,244163,3,42.884,-78.829,Theft
240187,244167,3,42.848,-78.812,Theft
240189,244169,3,42.851,-78.821,Assault
240193,244173,3,42.845,-78.801,Theft
240195,244175,3,42.877,-78.827,Theft of Vehicle
240203,244183,3,42.858,-78.811,Robbery
240209,244189,3,42.897,-78.823,Theft of Vehicle
240218,244198,3,42.854,-78.807,Theft
240229,244209,3,42.888,-78.836,Breaking & Entering
240240,244221,3,42.837,-78.824,Assault
240246,244227,3,42.861,-78.807,Theft
240248,244229,3,42.892,-78.831,Assault
240251,244232,3,42.898,-78.803,Theft
240252,244233,3,42.898,-78.839,Theft
240255,244236,3,42.842,-78.824,Assault
240258,244239,3,42.853,-78.832,Assault
240260,244241,3,42.898,-78.82,Assault
240266,244247,3,42.877,-78.846,Theft
240267,244248,3,42.872,-78.803,Robbery
240268,244249,3,42.875,-78.826,Theft of Vehicle
240276,244257,3,42.856,-78.832,Theft
240279,244260,3,42.884,-78.845,Breaking & Entering
240282,244263,3,42.893,-78.807,Theft of Vehicle
240284,244265,3,42.852,-78.805,Theft
240295,244276,3,42.882,-78.84,Breaking & Entering
240297,244278,3,42.86,-78.816,Theft
240299,244280,3,42.898,-78.818,Assault
240303,244284,3,42.858,-78.823,Theft of Vehicle
240305,244286,3,42.887,-78.803,Theft
240308,244289,3,42.894,-78.835,Robbery
240314,244295,3,42.892,-78.84,Robbery
240328,244310,3,42.894,-78.802,Theft
240337,244319,3,42.894,-78.835,Assault
240362,244344,3,42.858,-78.811,Breaking & Entering
240368,244350,3,42.863,-78.816,Robbery
240371,244353,3,42.858,-78.826,Assault
240386,244368,3,42.892,-78.808,Theft
240402,244385,3,42.85,-78.801,Breaking & Entering
240403,244386,3,42.849,-78.823,Breaking & Entering
240406,244389,3,42.893,-78.843,Theft of Vehicle
240411,244394,3,42.842,-78.825,Breaking & Entering
240412,244395,3,42.897,-78.809,Theft of Vehicle
240413,244396,3,42.84,-78.832,Breaking & Entering
240422,244405,3,42.884,-78.833,Breaking & Entering
240430,244413,3,42.889,-78.808,Assault
240431,244414,3,42.882,-78.841,Assault
240439,244422,3,42.889,-78.808,Theft
240442,244426,3,42.897,-78.817,Robbery
240448,244432,3,42.887,-78.81,Theft
240450,244434,3,42.894,-78.822,Robbery
240456,244440,3,42.882,-78.842,Robbery
240467,244451,3,42.892,-78.829,Assault
240470,244454,3,42.896,-78.824,Assault
240482,244466,3,42.896,-78.815,Theft
240487,244471,3,42.838,-78.808,Theft
240489,244473,3,42.851,-78.832,Theft
240491,244475,3,42.876,-78.848,Theft
240500,244484,3,42.889,-78.808,Theft
240502,244486,3,42.84,-78.801,Theft
240507,244491,3,42.869,-78.81,Assault
240514,244498,3,42.897,-78.814,Robbery
240521,244505,3,42.875,-78.805,Theft
240525,244509,3,42.897,-78.802,Assault
240530,244514,3,42.89,-78.836,Breaking & Entering
240531,244515,3,42.845,-78.826,Theft of Vehicle
240534,244518,3,42.856,-78.806,Theft
240539,244523,3,42.855,-78.81,Robbery
240541,244525,3,42.854,-78.828,Assault
240546,244530,3,42.886,-78.805,Assault
240557,244541,3,42.897,-78.826,Theft
240559,244543,3,42.851,-78.819,Theft
240560,244544,3,42.885,-78.807,Breaking & Entering
240567,244551,3,42.864,-78.821,Theft
240568,244552,3,42.888,-78.808,Breaking & Entering
240569,244553,3,42.843,-78.827,Theft
240577,244561,3,42.869,-78.829,Assault
240586,244571,3,42.851,-78.825,Theft
240590,244575,3,42.863,-78.811,Breaking & Entering
240594,244579,3,42.888,-78.802,Assault
240597,244582,3,42.837,-78.812,Breaking & Entering
240598,244583,3,42.898,-78.806,Theft
240607,244592,3,42.895,-78.834,Breaking & Entering
240610,244595,3,42.894,-78.843,Theft
240619,244604,3,42.851,-78.801,Breaking & Entering
240625,244610,3,42.89,-78.842,Assault
240626,244611,3,42.843,-78.824,Theft
240633,244618,3,42.847,-78.832,Theft
240645,244630,3,42.893,-78.837,Theft
240649,244634,3,42.885,-78.814,Assault
240660,244645,3,42.854,-78.807,Theft
240666,244651,3,42.898,-78.836,Breaking & Entering
240680,244665,3,42.85,-78.824,Theft
240713,244698,3,42.839,-78.82,Breaking & Entering
240715,244700,3,42.89,-78.808,Robbery
240729,244715,3,42.876,-78.828,Theft of Vehicle
240737,244724,3,42.894,-78.809,Breaking & Entering
240739,244726,3,42.878,-78.801,Theft
240741,244728,3,42.859,-78.811,Theft of Vehicle
240748,244735,3,42.854,-78.809,Assault
240749,244736,3,42.86,-78.825,Theft
240752,244739,3,42.896,-78.806,Theft
240760,244747,3,42.842,-78.815,Theft
240762,244749,3,42.881,-78.84,Theft
240766,244753,3,42.856,-78.805,Theft
240772,244759,3,42.884,-78.843,Theft
240782,244769,3,42.859,-78.805,Assault
240785,244772,3,42.838,-78.802,Theft
240801,244789,3,42.852,-78.827,Breaking & Entering
240803,244791,3,42.896,-78.816,Theft
240805,244793,3,42.899,-78.816,Breaking & Entering
240807,244795,3,42.853,-78.828,Assault
240814,244802,3,42.876,-78.806,Assault
240817,244805,3,42.873,-78.808,Theft
240823,244811,3,42.872,-78.804,Breaking & Entering
240831,244819,3,42.859,-78.813,Theft
240839,244828,3,42.848,-78.813,Theft
240841,244830,3,42.844,-78.813,Theft
240844,244833,3,42.858,-78.832,Theft
240858,244847,3,42.84,-78.823,Theft
240862,244851,3,42.895,-78.83,Theft
240865,244855,3,42.897,-78.804,Breaking & Entering
240866,244856,3,42.889,-78.808,Theft
240871,244861,3,42.895,-78.83,Homicide
240872,244862,3,42.895,-78.822,Breaking & Entering
240887,244877,3,42.856,-78.81,Theft
240891,244881,3,42.872,-78.807,Theft
240892,244882,3,42.873,-78.812,Breaking & Entering
240895,244885,3,42.858,-78.811,Breaking & Entering
240896,244886,3,42.877,-78.841,Theft
240898,244888,3,42.853,-78.834,Theft
240899,244889,3,42.887,-78.846,Theft
240901,244891,3,42.868,-78.85,Theft
240907,244897,3,42.898,-78.801,Breaking & Entering
240908,244898,3,42.893,-78.815,Breaking & Entering
240910,244900,3,42.878,-78.816,Other Sexual Offense
240911,244901,3,42.841,-78.809,Theft
240934,244924,3,42.85,-78.814,Theft of Vehicle
240937,244927,3,42.894,-78.82,Theft
240945,244935,3,42.851,-78.805,Assault
240946,244936,3,42.894,-78.834,Theft of Vehicle
240961,244951,3,42.855,-78.827,Theft
240964,244954,3,42.891,-78.827,Breaking & Entering
240967,244957,3,42.894,-78.807,Assault
240969,244959,3,42.856,-78.814,Breaking & Entering
240979,244969,3,42.857,-78.812,Theft
240982,244972,3,42.897,-78.824,Theft
240984,244974,3,42.846,-78.821,Theft
240985,244975,3,42.846,-78.802,Theft
240988,244978,3,42.853,-78.808,Theft
240991,244981,3,42.891,-78.812,Theft
240992,244982,3,42.832,-78.811,Theft
240994,244984,3,42.867,-78.847,Assault
241000,244990,3,42.854,-78.808,Robbery
241006,244996,3,42.897,-78.832,Theft
241013,245003,3,42.857,-78.833,Theft
241017,245007,3,42.842,-78.829,Theft
241028,245018,3,42.873,-78.804,Theft
241031,245021,3,42.896,-78.816,Theft
241037,245028,3,42.892,-78.826,Breaking & Entering
241039,245030,3,42.838,-78.809,Theft of Vehicle
241056,245047,3,42.867,-78.823,Assault
241068,245059,3,42.886,-78.839,Breaking & Entering
241070,245061,3,42.885,-78.824,Theft
241078,245069,3,42.858,-78.813,Theft
241080,245071,3,42.868,-78.85,Breaking & Entering
241083,245074,3,42.854,-78.829,Theft
241095,245086,3,42.842,-78.821,Assault
241105,245096,3,42.851,-78.827,Sexual Assault
241111,245102,3,42.872,-78.811,Theft
241115,245106,3,42.86,-78.825,Robbery
241122,245113,3,42.891,-78.831,Theft of Vehicle
241124,245115,3,42.878,-78.816,Homicide
241131,245122,3,42.896,-78.8,Assault
241133,245124,3,42.894,-78.83,Assault
241148,245140,3,42.891,-78.837,Theft
241151,245143,3,42.864,-78.822,Theft
241159,245151,3,42.899,-78.82,Breaking & Entering
241181,245173,3,42.88,-78.844,Theft
241182,245174,3,42.873,-78.808,Assault
241192,245184,3,42.854,-78.8,Assault
241201,245194,3,42.895,-78.819,Theft
241203,245196,3,42.897,-78.835,Assault
241206,245199,3,42.841,-78.816,Theft
241212,245205,3,42.894,-78.83,Assault
241225,245218,3,42.884,-78.846,Theft of Vehicle
241226,245219,3,42.89,-78.838,Robbery
241231,245224,3,42.882,-78.844,Assault
241233,245226,3,42.842,-78.823,Theft
241241,245234,3,42.876,-78.827,Sexual Assault
241245,245238,3,42.883,-78.847,Theft
241247,245240,3,42.888,-78.812,Assault
241268,245261,3,42.878,-78.851,Theft
241274,245267,3,42.841,-78.809,Theft
241275,245268,3,42.879,-78.843,Theft
241277,245270,3,42.886,-78.839,Breaking & Entering
241282,245276,3,42.85,-78.816,Assault
241287,245281,3,42.849,-78.828,Theft
241291,245285,3,42.898,-78.818,Breaking & Entering
241303,245297,3,42.893,-78.834,Theft
241307,245301,3,42.89,-78.834,Theft
241310,245304,3,42.848,-78.824,Breaking & Entering
241311,245305,3,42.852,-78.823,Theft
241316,245310,3,42.892,-78.835,Breaking & Entering
241321,245315,3,42.857,-78.806,Theft
241322,245317,3,42.879,-78.835,Breaking & Entering
241325,245320,3,42.889,-78.808,Theft
241326,245321,3,42.898,-78.801,Assault
241332,245327,3,42.873,-78.826,Theft
241335,245330,3,42.837,-78.809,Assault
241336,245331,3,42.858,-78.832,Theft of Vehicle
241347,245342,3,42.898,-78.824,Theft
241349,245344,3,42.878,-78.815,Breaking & Entering
241350,245345,3,42.858,-78.833,Theft of Vehicle
241351,245346,3,42.872,-78.812,Theft of Vehicle
241358,245353,3,42.869,-78.81,Breaking & Entering
241361,245356,3,42.868,-78.847,Breaking & Entering
241366,245361,3,42.859,-78.807,Theft
241369,245364,3,42.893,-78.805,Theft
241373,245368,3,42.873,-78.842,Theft
241382,245377,3,42.89,-78.837,Breaking & Entering
241383,245378,3,42.857,-78.812,Theft
241389,245384,3,42.858,-78.813,Breaking & Entering
241393,245388,3,42.835,-78.824,Theft
241394,245389,3,42.891,-78.83,Theft
241401,245396,3,42.885,-78.839,Assault
241412,245407,3,42.852,-78.818,Theft
241415,245410,3,42.875,-78.831,Breaking & Entering
241428,245423,3,42.894,-78.834,Breaking & Entering
241435,245430,3,42.879,-78.843,Theft
241436,245431,3,42.85,-78.803,Assault
241437,245433,3,42.868,-78.837,Assault
241441,245437,3,42.871,-78.807,Theft
241442,245438,3,42.894,-78.835,Assault
241452,245448,3,42.857,-78.808,Theft
241458,245455,3,42.897,-78.821,Assault
241461,245458,3,42.833,-78.823,Theft
241462,245459,3,42.835,-78.818,Assault
241463,245460,3,42.857,-78.807,Theft of Vehicle
241466,245463,3,42.865,-78.824,Theft
241475,245472,3,42.863,-78.811,Assault
241477,245474,3,42.872,-78.821,Breaking & Entering
241484,245481,3,42.867,-78.825,Theft
241485,245482,3,42.854,-78.809,Theft
241486,245483,3,42.88,-78.84,Assault
241496,245494,3,42.89,-78.805,Theft
241501,245499,3,42.847,-78.827,Theft
241514,245512,3,42.887,-78.803,Theft of Vehicle
241518,245516,3,42.895,-78.827,Robbery
241521,245519,3,42.869,-78.817,Breaking & Entering
241527,245525,3,42.863,-78.819,Other Sexual Offense
241529,245527,3,42.894,-78.835,Theft of Vehicle
241531,245529,3,42.859,-78.816,Assault
241541,245539,3,42.892,-78.83,Theft
241550,245548,3,42.899,-78.817,Assault
241555,245553,3,42.898,-78.816,Assault
241564,245563,3,42.892,-78.83,Breaking & Entering
241576,245575,3,42.852,-78.824,Assault
241577,245576,3,42.853,-78.805,Assault
241578,245577,3,42.868,-78.848,Theft
241582,245581,3,42.886,-78.808,Theft
241585,245584,3,42.895,-78.804,Assault
241594,245593,3,42.886,-78.805,Assault
241598,245597,3,42.891,-78.836,Robbery
241601,245600,3,42.847,-78.801,Theft
241606,245605,3,42.851,-78.81,Robbery
241619,245618,3,42.894,-78.828,Assault
241625,245624,3,42.873,-78.842,Assault
241626,245625,3,42.85,-78.803,Theft
241631,245630,3,42.843,-78.824,Breaking & Entering
241632,245631,3,42.848,-78.82,Theft
241634,245633,3,42.856,-78.827,Theft
241637,245636,3,42.85,-78.802,Theft
241638,245637,3,42.896,-78.807,Theft of Vehicle
241640,245639,3,42.86,-78.825,Robbery
241645,245644,3,42.85,-78.803,Theft of Vehicle
241648,245647,3,42.897,-78.834,Theft
241651,245650,3,42.87,-78.833,Theft
241654,245653,3,42.859,-78.825,Theft
241657,245656,3,42.873,-78.819,Breaking & Entering
241661,245660,3,42.845,-78.824,Theft
241665,245664,3,42.888,-78.808,Assault
241666,245665,3,42.851,-78.801,Robbery
241667,245666,3,42.887,-78.808,Assault
241668,245667,3,42.872,-78.812,Theft of Vehicle
241683,245682,3,42.884,-78.844,Theft
241691,245690,3,42.896,-78.82,Theft
241693,245692,3,42.89,-78.833,Assault
241697,245696,3,42.896,-78.835,Breaking & Entering
241701,245700,3,42.89,-78.841,Assault
241708,245707,3,42.886,-78.805,Sexual Assault
241712,245711,3,42.892,-78.825,Breaking & Entering
241715,245714,3,42.894,-78.834,Assault
241724,245723,3,42.897,-78.809,Breaking & Entering
241727,245726,3,42.869,-78.828,Theft
241736,245735,3,42.857,-78.827,Theft
241737,245736,3,42.894,-78.83,Assault
241738,245737,3,42.866,-78.85,Theft
241739,245738,3,42.881,-78.801,Theft
241741,245740,3,42.872,-78.809,Theft
241743,245742,3,42.897,-78.82,Assault
241759,245759,3,42.853,-78.832,Assault
241764,245764,3,42.885,-78.815,Breaking & Entering
241771,245771,3,42.873,-78.844,Breaking & Entering
241774,245774,3,42.894,-78.834,Robbery
241783,245783,3,42.853,-78.828,Breaking & Entering
241785,245785,3,42.895,-78.824,Theft
241789,245789,3,42.848,-78.812,Theft
241792,245792,3,42.887,-78.845,Breaking & Entering
241796,245796,3,42.87,-78.846,Theft
241802,245802,3,42.837,-78.809,Theft
241805,245805,3,42.854,-78.821,Theft of Vehicle
241806,245806,3,42.837,-78.81,Theft of Vehicle
241807,245807,3,42.893,-78.839,Breaking & Entering
241808,245808,3,42.89,-78.812,Theft
241811,245811,3,42.88,-78.841,Assault
241816,245816,3,42.896,-78.84,Breaking & Entering
241823,245823,3,42.889,-78.808,Robbery
241834,245834,3,42.842,-78.821,Breaking & Entering
241839,245839,3,42.857,-78.812,Theft
241842,245842,3,42.873,-78.814,Theft
241848,245848,3,42.896,-78.815,Theft of Vehicle
241854,245854,3,42.838,-78.826,Theft
241864,245864,3,42.87,-78.81,Breaking & Entering
241865,245865,3,42.897,-78.826,Sexual Assault
241872,245872,3,42.896,-78.82,Theft
241873,245873,3,42.886,-78.815,Breaking & Entering
241881,245881,3,42.853,-78.822,Theft
241888,245888,3,42.896,-78.818,Theft
241893,245893,3,42.899,-78.822,Assault
241897,245897,3,42.855,-78.806,Assault
241906,245906,3,42.882,-78.84,Theft of Vehicle
241908,245908,3,42.871,-78.805,Theft
241909,245909,3,42.839,-78.808,Assault
241911,245911,3,42.859,-78.807,Breaking & Entering
241912,245912,3,42.855,-78.827,Theft
241924,245924,3,42.873,-78.804,Breaking & Entering
241932,245932,3,42.85,-78.815,Theft
241933,245933,3,42.861,-78.81,Assault
241936,245936,3,42.86,-78.814,Theft
241941,245941,3,42.846,-78.829,Theft
241943,245943,3,42.868,-78.805,Assault
241945,245945,3,42.853,-78.828,Theft
241953,245953,3,42.836,-78.824,Theft
241954,245954,3,42.886,-78.805,Assault
241956,245956,3,42.859,-78.806,Theft
241958,245958,3,42.87,-78.829,Other Sexual Offense
241962,245962,3,42.896,-78.824,Assault
241963,245964,3,42.875,-78.827,Breaking & Entering
241966,245967,3,42.881,-78.834,Assault
241967,245968,3,42.883,-78.844,Assault
241974,245975,3,42.841,-78.805,Theft of Vehicle
241979,245980,3,42.893,-78.837,Theft
241992,245993,3,42.849,-78.863,Theft
241997,245998,3,42.839,-78.815,Assault
242005,246006,3,42.882,-78.84,Theft of Vehicle
242007,246008,3,42.888,-78.838,Assault
242009,246010,3,42.891,-78.833,Sexual Assault
242011,246012,3,42.892,-78.824,Theft
242013,246014,3,42.868,-78.851,Breaking & Entering
242016,246017,3,42.885,-78.807,Theft of Vehicle
242025,246026,3,42.872,-78.813,Theft
242030,246031,3,42.89,-78.841,Breaking & Entering
242033,246034,3,42.89,-78.804,Assault
242042,246044,3,42.85,-78.801,Theft
242049,246051,3,42.848,-78.812,Assault
242053,246055,3,42.896,-78.815,Assault
242055,246057,3,42.893,-78.839,Robbery
242061,246063,3,42.893,-78.839,Theft
242065,246067,3,42.853,-78.828,Theft
242068,246070,3,42.852,-78.827,Theft
242069,246071,3,42.891,-78.832,Breaking & Entering
242083,246085,3,42.843,-78.82,Breaking & Entering
242092,246094,3,42.856,-78.809,Theft
242093,246095,3,42.871,-78.808,Theft
242095,246097,3,42.877,-78.851,Theft
242113,246115,3,42.886,-78.8,Theft
242115,246117,3,42.895,-78.827,Breaking & Entering
242117,246119,3,42.843,-78.818,Theft
242133,246135,3,42.854,-78.82,Assault
242134,246136,3,42.856,-78.828,Robbery
242137,246139,3,42.89,-78.84,Breaking & Entering
242138,246140,3,42.883,-78.839,Theft of Vehicle
242139,246141,3,42.876,-78.802,Breaking & Entering
242143,246145,3,42.892,-78.838,Theft
242156,246158,3,42.85,-78.803,Theft of Vehicle
242158,246160,3,42.832,-78.806,Other Sexual Offense
242160,246162,3,42.892,-78.81,Robbery
242162,246164,3,42.839,-78.805,Theft
242184,246186,3,42.841,-78.824,Theft
242193,246195,3,42.837,-78.826,Theft
242198,246201,3,42.895,-78.832,Breaking & Entering
242199,246202,3,42.869,-78.804,Assault
242208,246211,3,42.871,-78.83,Theft of Vehicle
242209,246212,3,42.883,-78.835,Theft of Vehicle
242214,246218,3,42.877,-78.851,Assault
242216,246220,3,42.855,-78.8,Theft of Vehicle
242217,246221,3,42.846,-78.823,Theft
242222,246226,3,42.854,-78.805,Breaking & Entering
242228,246232,3,42.896,-78.806,Theft
242229,246233,3,42.847,-78.825,Sexual Assault
242230,246234,3,42.858,-78.807,Breaking & Entering
242231,246235,3,42.895,-78.842,Breaking & Entering
242237,246241,3,42.885,-78.825,Breaking & Entering
242243,246247,3,42.867,-78.823,Theft
242245,246249,3,42.855,-78.808,Robbery
242252,246256,3,42.851,-78.824,Assault
242256,246260,3,42.876,-78.83,Assault
242259,246263,3,42.895,-78.824,Assault
242260,246264,3,42.887,-78.839,Assault
242262,246266,3,42.889,-78.812,Theft
242277,246282,3,42.885,-78.816,Theft
242280,246285,3,42.848,-78.824,Assault
242294,246299,3,42.848,-78.824,Assault
242295,246300,3,42.874,-78.807,Breaking & Entering
242296,246301,3,42.894,-78.834,Robbery
242313,246318,3,42.851,-78.804,Assault
242318,246323,3,42.888,-78.842,Breaking & Entering
242321,246326,3,42.862,-78.818,Theft
242329,246334,3,42.847,-78.832,Theft
242330,246335,3,42.897,-78.819,Robbery
242331,246336,3,42.842,-78.805,Assault
242334,246339,3,42.857,-78.824,Assault
242336,246341,3,42.891,-78.836,Theft
242341,246346,3,42.867,-78.846,Breaking & Entering
242343,246348,3,42.87,-78.833,Assault
242352,246357,3,42.887,-78.84,Sexual Assault
242363,246368,3,42.873,-78.813,Assault
242365,246370,3,42.869,-78.831,Assault
242366,246371,3,42.844,-78.81,Assault
242369,246374,3,42.845,-78.824,Theft
242372,246377,3,42.877,-78.833,Theft of Vehicle
242375,246380,3,42.856,-78.809,Theft
242376,246381,3,42.845,-78.809,Theft
242390,246395,3,42.895,-78.809,Breaking & Entering
242396,246401,3,42.89,-78.835,Breaking & Entering
242404,246409,3,42.859,-78.816,Assault
242405,246410,3,42.872,-78.853,Theft
242410,246415,3,42.841,-78.824,Theft
242411,246416,3,42.885,-78.832,Sexual Assault
242412,246418,3,42.859,-78.827,Theft
242415,246421,3,42.892,-78.838,Other Sexual Offense
242416,246422,3,42.872,-78.802,Assault
242425,246432,3,42.879,-78.835,Breaking & Entering
242437,246444,3,42.881,-78.842,Breaking & Entering
242441,246448,3,42.896,-78.822,Assault
242445,246452,3,42.866,-78.848,Assault
242446,246453,3,42.886,-78.842,Homicide
242447,246454,3,42.848,-78.802,Breaking & Entering
242455,246462,3,42.896,-78.817,Robbery
242458,246465,3,42.894,-78.824,Assault
242459,246466,3,42.853,-78.811,Theft
242475,246483,3,42.858,-78.811,Theft
242480,246488,3,42.893,-78.841,Robbery
242481,246489,3,42.887,-78.803,Breaking & Entering
242484,246492,3,42.892,-78.833,Breaking & Entering
242489,246497,3,42.885,-78.839,Theft of Vehicle
242494,246502,3,42.845,-78.822,Theft
242502,246510,3,42.879,-78.837,Theft of Vehicle
242512,246520,3,42.853,-78.819,Theft
242518,246526,3,42.832,-78.815,Theft
242519,246527,3,42.888,-78.814,Theft
242525,246533,3,42.842,-78.822,Assault
242526,246534,3,42.897,-78.838,Breaking & Entering
242538,246546,3,42.896,-78.817,Assault
242548,246556,3,42.899,-78.838,Other Sexual Offense
242551,246559,3,42.895,-78.83,Theft
242553,246561,3,42.895,-78.822,Assault
242557,246565,3,42.876,-78.827,Theft of Vehicle
242564,246572,3,42.877,-78.805,Theft
242569,246577,3,42.874,-78.803,Sexual Assault
242571,246579,3,42.858,-78.831,Theft
242574,246582,3,42.886,-78.805,Assault
242581,246589,3,42.852,-78.803,Breaking & Entering
242585,246593,3,42.895,-78.83,Theft of Vehicle
242587,246595,3,42.855,-78.81,Theft
242588,246596,3,42.844,-78.829,Theft
242594,246603,3,42.882,-78.832,Breaking & Entering
242599,246608,3,42.874,-78.807,Assault
242602,246611,3,42.854,-78.807,Assault
242603,246612,3,42.851,-78.806,Breaking & Entering
242604,246613,3,42.877,-78.847,Breaking & Entering
242608,246617,3,42.877,-78.843,Breaking & Entering
242613,246622,3,42.888,-78.841,Assault
242614,246623,3,42.852,-78.815,Assault
242616,246625,3,42.882,-78.841,Theft
242618,246627,3,42.837,-78.812,Theft
242623,246633,3,42.866,-78.858,Breaking & Entering
242625,246635,3,42.874,-78.844,Theft
242628,246638,3,42.89,-78.806,Assault
242634,246644,3,42.869,-78.829,Theft
242637,246647,3,42.856,-78.823,Theft
242642,246652,3,42.854,-78.803,Breaking & Entering
242645,246655,3,42.86,-78.808,Theft of Vehicle
242647,246657,3,42.848,-78.812,Sexual Assault
242648,246658,3,42.895,-78.82,Theft
242652,246662,3,42.867,-78.823,Theft
242658,246668,3,42.838,-78.833,Theft
242670,246680,3,42.853,-78.828,Theft of Vehicle
242676,246686,3,42.892,-78.84,Theft
242677,246687,3,42.85,-78.828,Theft of Vehicle
242679,246689,3,42.851,-78.806,Assault
242681,246691,3,42.856,-78.809,Theft
242687,246697,3,42.846,-78.801,Breaking & Entering
242699,246710,3,42.885,-78.807,Theft
242704,246715,3,42.834,-78.824,Breaking & Entering
242709,246720,3,42.875,-78.806,Theft
242718,246729,3,42.837,-78.812,Breaking & Entering
242721,246732,3,42.851,-78.806,Assault
242723,246734,3,42.858,-78.813,Theft
242725,246736,3,42.833,-78.824,Theft of Vehicle
242727,246738,3,42.865,-78.828,Theft
242738,246749,3,42.858,-78.823,Theft of Vehicle
242743,246754,3,42.857,-78.816,Assault
242746,246757,3,42.868,-78.847,Assault
242752,246763,3,42.858,-78.831,Theft
242754,246765,3,42.889,-78.807,Theft
242761,246772,3,42.838,-78.803,Assault
242767,246778,3,42.895,-78.804,Theft
242769,246780,3,42.838,-78.817,Assault
242779,246790,3,42.854,-78.802,Assault
242782,246793,3,42.873,-78.825,Theft
242787,246798,3,42.897,-78.814,Assault
242789,246800,3,42.892,-78.808,Theft
242797,246809,3,42.85,-78.812,Robbery
242810,246822,3,42.896,-78.816,Assault
242827,246839,3,42.897,-78.832,Assault
242830,246842,3,42.838,-78.806,Theft
242831,246843,3,42.858,-78.831,Theft
242838,246850,3,42.899,-78.815,Robbery
242840,246852,3,42.897,-78.816,Assault
242848,246861,3,42.874,-78.817,Assault
242853,246867,3,42.892,-78.804,Assault
242854,246868,3,42.896,-78.82,Theft
242857,246871,3,42.896,-78.824,Assault
242872,246886,3,42.891,-78.802,Assault
242874,246888,3,42.858,-78.813,Theft
242879,246893,3,42.86,-78.816,Theft
242886,246900,3,42.842,-78.819,Assault
242900,246914,3,42.894,-78.807,Theft
242902,246916,3,42.899,-78.81,Theft
242906,246920,3,42.869,-78.829,Theft
242909,246923,3,42.871,-78.807,Breaking & Entering
242913,246927,3,42.838,-78.815,Assault
242914,246928,3,42.862,-78.813,Assault
242917,246931,3,42.858,-78.813,Theft
242927,246941,3,42.892,-78.84,Theft
242942,246956,3,42.841,-78.809,Theft
242948,246963,3,42.857,-78.812,Theft
242949,246964,3,42.866,-78.848,Theft of Vehicle
242959,246974,3,42.852,-78.813,Assault
242960,246975,3,42.882,-78.836,Robbery
242961,246976,3,42.857,-78.824,Theft
242965,246980,3,42.848,-78.824,Sexual Assault
242975,246990,3,42.851,-78.806,Theft
242980,246995,3,42.889,-78.81,Theft of Vehicle
242987,247002,3,42.858,-78.831,Theft
242994,247009,3,42.891,-78.838,Sexual Offense
242996,247011,3,42.867,-78.846,Breaking & Entering
243002,247017,3,42.852,-78.828,Theft
243005,247020,3,42.895,-78.809,Other Sexual Offense
243007,247022,3,42.857,-78.812,Theft of Vehicle
243010,247025,3,42.897,-78.822,Assault
243011,247026,3,42.887,-78.805,Theft of Vehicle
243021,247036,3,42.893,-78.837,Theft
243035,247050,3,42.861,-78.814,Theft
243037,247052,3,42.839,-78.805,Theft
243053,247068,3,42.873,-78.809,Assault
243057,247072,3,42.896,-78.818,Theft of Vehicle
243059,247074,3,42.885,-78.825,Breaking & Entering
243062,247077,3,42.893,-78.839,Theft of Vehicle
243069,247084,3,42.89,-78.802,Assault
243070,247085,3,42.885,-78.823,Theft
243072,247087,3,42.879,-78.842,Robbery
243078,247093,3,42.872,-78.8,Theft
243092,247107,3,42.888,-78.815,Breaking & Entering
243096,247111,3,42.87,-78.823,Theft
243103,247118,3,42.898,-78.807,Theft
243109,247124,3,42.855,-78.832,Theft
243110,247125,3,42.896,-78.837,Breaking & Entering
243130,247146,3,42.877,-78.826,Robbery
243132,247148,3,42.878,-78.801,Theft
243139,247155,3,42.895,-78.82,Theft
243141,247157,3,42.853,-78.812,Theft
243143,247159,3,42.839,-78.857,Breaking & Entering
243144,247160,3,42.891,-78.813,Assault
243146,247162,3,42.852,-78.829,Theft
243153,247169,3,42.89,-78.831,Breaking & Entering
243156,247172,3,42.881,-78.807,Theft
243166,247182,3,42.855,-78.828,Robbery
243170,247186,3,42.895,-78.824,Breaking & Entering
243175,247191,3,42.851,-78.806,Assault
243178,247194,3,42.869,-78.834,Theft of Vehicle
243186,247202,3,42.851,-78.805,Breaking & Entering
243190,247206,3,42.898,-78.807,Theft
243193,247209,3,42.854,-78.81,Breaking & Entering
243199,247215,3,42.897,-78.816,Assault
243210,247226,3,42.885,-78.825,Theft
243220,247236,3,42.893,-78.839,Theft
243226,247242,3,42.895,-78.802,Theft
243228,247244,3,42.858,-78.831,Theft
243231,247249,3,42.896,-78.802,Theft
243233,247251,3,42.865,-78.824,Theft
243237,247255,3,42.873,-78.841,Breaking & Entering
243241,247259,3,42.841,-78.821,Theft
243250,247268,3,42.896,-78.836,Theft
243262,247280,3,42.884,-78.839,Theft of Vehicle
243269,247287,3,42.858,-78.83,Theft
243278,247296,3,42.893,-78.837,Theft
243280,247298,3,42.885,-78.815,Theft
243284,247302,3,42.894,-78.832,Theft
243294,247312,3,42.856,-78.806,Theft
243303,247321,3,42.887,-78.807,Theft
243305,247323,3,42.856,-78.808,Homicide
243314,247333,3,42.888,-78.811,Theft
243316,247335,3,42.894,-78.835,Theft
243317,247336,3,42.872,-78.833,Breaking & Entering
243319,247338,3,42.883,-78.83,Theft
243322,247341,3,42.85,-78.801,Assault
243327,247346,3,42.85,-78.827,Theft
243339,247359,3,42.857,-78.823,Assault
243342,247362,3,42.893,-78.841,Theft
243344,247364,3,42.88,-78.802,Theft
243352,247372,3,42.888,-78.801,Theft
243355,247375,3,42.85,-78.803,Theft
243356,247376,3,42.898,-78.807,Theft
243359,247379,3,42.833,-78.822,Breaking & Entering
243361,247381,3,42.895,-78.84,Theft of Vehicle
243375,247395,3,42.858,-78.813,Theft
243376,247396,3,42.856,-78.806,Theft
243379,247399,3,42.846,-78.802,Assault
243384,247405,3,42.85,-78.824,Assault
243385,247406,3,42.889,-78.836,Theft
243386,247407,3,42.858,-78.831,Theft
243397,247419,3,42.896,-78.824,Theft
243410,247432,3,42.847,-78.824,Theft of Vehicle
243415,247437,3,42.894,-78.806,Theft
243423,247445,3,42.855,-78.81,Theft
243431,247453,3,42.839,-78.805,Theft
243452,247475,3,42.843,-78.81,Assault
243479,247502,3,42.897,-78.832,Theft
243490,247513,3,42.896,-78.824,Assault
243493,247516,3,42.898,-78.839,Robbery
243495,247518,3,42.889,-78.8,Breaking & Entering
243513,247536,3,42.848,-78.824,Other Sexual Offense
243514,247537,3,42.845,-78.824,Theft
243521,247544,3,42.894,-78.837,Robbery
243532,247555,3,42.848,-78.824,Assault
243534,247557,3,42.852,-78.829,Robbery
243543,247566,3,42.86,-78.814,Theft
243549,247572,3,42.856,-78.812,Breaking & Entering
243551,247574,3,42.899,-78.817,Robbery
243555,247578,3,42.892,-78.831,Theft of Vehicle
243562,247586,3,42.837,-78.824,Breaking & Entering
243563,247587,3,42.894,-78.834,Theft
243567,247592,3,42.889,-78.834,Other Sexual Offense
243571,247596,3,42.853,-78.826,Theft
243574,247599,3,42.875,-78.827,Theft
243575,247600,3,42.891,-78.843,Robbery
243579,247604,3,42.84,-78.801,Theft
243582,247607,3,42.859,-78.82,Assault
243584,247609,3,42.882,-78.847,Robbery
243587,247612,3,42.897,-78.815,Robbery
243588,247613,3,42.872,-78.804,Assault
243593,247618,3,42.858,-78.813,Robbery
243594,247619,3,42.895,-78.834,Robbery
243601,247626,3,42.842,-78.817,Assault
243612,247637,3,42.858,-78.818,Assault
243613,247638,3,42.839,-78.819,Theft
243614,247639,3,42.851,-78.806,Assault
243621,247646,3,42.891,-78.836,Theft
243622,247647,3,42.851,-78.828,Theft
243625,247651,3,42.852,-78.806,Theft
243641,247667,3,42.879,-78.807,Theft
243649,247675,3,42.889,-78.808,Breaking & Entering
243652,247678,3,42.848,-78.828,Assault
243659,247685,3,42.848,-78.817,Assault
243667,247694,3,42.892,-78.827,Theft
243671,247698,3,42.896,-78.824,Robbery
243676,247703,3,42.867,-78.847,Assault
243684,247711,3,42.872,-78.811,Theft
243685,247712,3,42.851,-78.827,Assault
243698,247725,3,42.845,-78.824,Theft
243700,247727,3,42.898,-78.814,Breaking & Entering
243707,247734,3,42.894,-78.826,Sexual Assault
243708,247735,3,42.898,-78.816,Breaking & Entering
243717,247744,3,42.893,-78.814,Breaking & Entering
243718,247745,3,42.885,-78.811,Theft
243719,247746,3,42.853,-78.807,Theft
243732,247760,3,42.894,-78.825,Theft
243737,247765,3,42.893,-78.837,Assault
243738,247766,3,42.895,-78.825,Theft
243739,247767,3,42.837,-78.809,Breaking & Entering
243750,247778,3,42.89,-78.84,Breaking & Entering
243754,247782,3,42.899,-78.823,Theft of Vehicle
243760,247788,3,42.848,-78.824,Assault
243761,247789,3,42.834,-78.808,Theft
243763,247791,3,42.839,-78.806,Breaking & Entering
243776,247804,3,42.848,-78.824,Theft
243778,247806,3,42.879,-78.813,Theft
243783,247811,3,42.896,-78.836,Theft
243785,247813,3,42.85,-78.803,Theft of Vehicle
243792,247820,3,42.891,-78.812,Theft
243797,247827,3,42.872,-78.805,Theft
243799,247829,3,42.896,-78.82,Robbery
243802,247832,3,42.85,-78.826,Breaking & Entering
243804,247834,3,42.858,-78.832,Theft
243823,247853,3,42.841,-78.809,Theft
243825,247855,3,42.879,-78.835,Theft
243834,247864,3,42.85,-78.804,Theft
243840,247870,3,42.898,-78.833,Assault
243846,247876,3,42.891,-78.833,Breaking & Entering
243852,247882,3,42.847,-78.833,Theft
243856,247886,3,42.895,-78.828,Assault
243859,247890,3,42.892,-78.809,Theft
243861,247892,3,42.886,-78.812,Theft
243873,247904,3,42.886,-78.806,Assault
243876,247907,3,42.857,-78.803,Assault
243880,247911,3,42.899,-78.831,Theft
243881,247912,3,42.848,-78.816,Breaking & Entering
243891,247922,3,42.876,-78.803,Theft
243892,247923,3,42.86,-78.815,Robbery
243904,247935,3,42.898,-78.807,Robbery
243909,247940,3,42.896,-78.827,Breaking & Entering
243913,247944,3,42.861,-78.809,Theft
243931,247962,3,42.894,-78.826,Robbery
243932,247963,3,42.856,-78.805,Breaking & Entering
243936,247967,3,42.833,-78.822,Breaking & Entering
243937,247968,3,42.899,-78.835,Robbery
243942,247973,3,42.897,-78.82,Theft of Vehicle
243946,247977,3,42.888,-78.8,Theft
243947,247978,3,42.891,-78.826,Theft of Vehicle
243952,247983,3,42.89,-78.845,Assault
243955,247986,3,42.862,-78.818,Breaking & Entering
243958,247990,3,42.891,-78.832,Assault
243992,248025,3,42.884,-78.845,Theft
243996,248029,3,42.896,-78.836,Theft
244010,248043,3,42.891,-78.834,Breaking & Entering
244020,248053,3,42.892,-78.833,Assault
244021,248054,3,42.848,-78.824,Other Sexual Offense
244026,248059,3,42.88,-78.841,Assault
244027,248060,3,42.87,-78.829,Breaking & Entering
244028,248061,3,42.872,-78.81,Assault
244040,248073,3,42.853,-78.811,Assault
244045,248078,3,42.86,-78.814,Breaking & Entering
244052,248085,3,42.889,-78.837,Theft of Vehicle
244054,248087,3,42.847,-78.832,Assault
244058,248091,3,42.898,-78.807,Theft
244059,248092,3,42.879,-78.8,Breaking & Entering
244062,248095,3,42.869,-78.806,Theft
244079,248112,3,42.853,-78.824,Assault
244082,248115,3,42.875,-78.847,Theft
244085,248118,3,42.889,-78.804,Robbery
244088,248121,3,42.858,-78.831,Theft
244090,248123,3,42.859,-78.833,Theft
244101,248134,3,42.896,-78.835,Breaking & Entering
244102,248135,3,42.896,-78.824,Assault
244111,248144,3,42.858,-78.813,Theft
244138,248173,3,42.894,-78.82,Robbery
244145,248180,3,42.893,-78.83,Breaking & Entering
244154,248189,3,42.858,-78.823,Theft
244159,248194,3,42.849,-78.814,Theft
244163,248198,3,42.857,-78.832,Assault
244173,248208,3,42.85,-78.815,Theft
244175,248210,3,42.886,-78.84,Assault
244176,248211,3,42.856,-78.829,Assault
244180,248215,3,42.853,-78.831,Sexual Assault
244182,248217,3,42.896,-78.818,Assault
244185,248220,3,42.893,-78.809,Assault
244190,248225,3,42.848,-78.824,Sexual Assault
244191,248226,3,42.835,-78.81,Assault
244192,248227,3,42.834,-78.818,Breaking & Entering
244196,248231,3,42.89,-78.8,Theft
244197,248232,3,42.899,-78.831,Assault
244205,248240,3,42.899,-78.816,Theft
244206,248241,3,42.848,-78.816,Theft
244209,248244,3,42.833,-78.824,Assault
244213,248248,3,42.849,-78.832,Theft
244225,248260,3,42.844,-78.824,Theft
244238,248273,3,42.859,-78.826,Theft
244240,248275,3,42.895,-78.806,Breaking & Entering
244246,248281,3,42.843,-78.819,Breaking & Entering
244247,248282,3,42.879,-78.813,Theft
244249,248284,3,42.855,-78.807,Theft
244254,248289,3,42.859,-78.816,Assault
244257,248292,3,42.888,-78.809,Theft
244260,248295,3,42.858,-78.817,Theft of Vehicle
244267,248302,3,42.832,-78.811,Theft
244279,248314,3,42.895,-78.828,Theft
244282,248317,3,42.85,-78.801,Theft
244287,248322,3,42.884,-78.842,Theft of Vehicle
244300,248336,3,42.848,-78.824,Theft
244302,248338,3,42.887,-78.8,Breaking & Entering
244304,248340,3,42.895,-78.82,Theft
244311,248347,3,42.896,-78.824,Assault
244312,248348,3,42.852,-78.809,Theft
244323,248359,3,42.896,-78.836,Theft of Vehicle
244324,248360,3,42.849,-78.824,Theft
244336,248373,3,42.841,-78.824,Theft
244338,248375,3,42.861,-78.821,Theft
244339,248376,3,42.867,-78.847,Breaking & Entering
244340,248377,3,42.889,-78.809,Theft
244345,248382,3,42.869,-78.806,Theft of Vehicle
244351,248388,3,42.881,-78.834,Theft of Vehicle
244353,248390,3,42.891,-78.814,Theft of Vehicle
244361,248398,3,42.852,-78.803,Theft
244368,248405,3,42.897,-78.817,Robbery
244373,248410,3,42.897,-78.82,Assault
244374,248411,3,42.891,-78.808,Theft
244384,248421,3,42.891,-78.843,Assault
244386,248423,3,42.866,-78.847,Theft of Vehicle
244387,248424,3,42.89,-78.811,Theft
244390,248427,3,42.854,-78.809,Assault
244395,248432,3,42.892,-78.831,Breaking & Entering
244408,248445,3,42.872,-78.812,Other Sexual Offense
244410,248447,3,42.841,-78.824,Assault
244425,248462,3,42.89,-78.8,Breaking & Entering
244429,248466,3,42.851,-78.806,Theft
244439,248476,3,42.858,-78.831,Breaking & Entering
244442,248479,3,42.895,-78.83,Theft
244456,248493,3,42.896,-78.832,Robbery
244464,248501,3,42.855,-78.805,Theft of Vehicle
244470,248507,3,42.856,-78.811,Theft
244471,248508,3,42.856,-78.812,Breaking & Entering
244473,248510,3,42.874,-78.807,Theft
244477,248514,3,42.849,-78.824,Assault
244478,248515,3,42.857,-78.812,Theft of Vehicle
244481,248518,3,42.897,-78.819,Robbery
244482,248519,3,42.879,-78.835,Assault
244483,248520,3,42.898,-78.82,Assault
244494,248531,3,42.898,-78.818,Theft
244496,248533,3,42.858,-78.831,Theft
244502,248539,3,42.839,-78.824,Theft
244511,248548,3,42.874,-78.807,Theft
244519,248556,3,42.862,-78.802,Theft of Vehicle
244525,248562,3,42.866,-78.848,Assault
244535,248572,3,42.89,-78.816,Assault
244550,248587,3,42.897,-78.801,Assault
244551,248588,3,42.875,-78.852,Theft
244557,248594,3,42.872,-78.838,Theft of Vehicle
244561,248598,3,42.868,-78.807,Assault
244564,248601,3,42.848,-78.812,Theft
244566,248603,3,42.896,-78.82,Robbery
244567,248604,3,42.899,-78.819,Robbery
244570,248607,3,42.858,-78.827,Theft
244571,248608,3,42.865,-78.823,Assault
244573,248610,3,42.869,-78.849,Theft
244575,248612,3,42.893,-78.821,Assault
244596,248635,3,42.877,-78.841,Theft
244608,248648,3,42.888,-78.809,Theft of Vehicle
244615,248655,3,42.858,-78.811,Breaking & Entering
244616,248656,3,42.845,-78.811,Breaking & Entering
244618,248658,3,42.859,-78.842,Theft of Vehicle
244630,248670,3,42.853,-78.832,Assault
244657,248697,3,42.875,-78.803,Theft of Vehicle
244658,248698,3,42.879,-78.839,Theft
244660,248700,3,42.854,-78.806,Breaking & Entering
244662,248702,3,42.844,-78.822,Theft
244668,248708,3,42.836,-78.814,Theft
244674,248714,3,42.895,-78.823,Assault
244677,248718,3,42.85,-78.811,Theft
244682,248723,3,42.893,-78.833,Theft of Vehicle
244691,248732,3,42.877,-78.804,Assault
244692,248733,3,42.878,-78.801,Theft
244701,248743,3,42.897,-78.836,Assault
244703,248745,3,42.848,-78.832,Theft
244729,248771,3,42.874,-78.805,Theft
244730,248772,3,42.892,-78.807,Breaking & Entering
244740,248782,3,42.892,-78.831,Breaking & Entering
244754,248796,3,42.871,-78.835,Theft
244766,248808,3,42.893,-78.839,Assault
244770,248812,3,42.887,-78.803,Assault
244781,248823,3,42.889,-78.837,Assault
244785,248827,3,42.89,-78.837,Assault
244797,248839,3,42.849,-78.821,Theft
244798,248840,3,42.872,-78.808,Assault
244806,248848,3,42.899,-78.84,Breaking & Entering
244811,248853,3,42.867,-78.849,Theft
244814,248856,3,42.861,-78.814,Assault
244818,248860,3,42.896,-78.833,Assault
244824,248866,3,42.892,-78.83,Other Sexual Offense
244828,248870,3,42.882,-78.843,Theft of Vehicle
244831,248873,3,42.87,-78.834,Breaking & Entering
244836,248878,3,42.896,-78.84,Breaking & Entering
244840,248882,3,42.856,-78.817,Breaking & Entering
244842,248884,3,42.854,-78.808,Assault
244844,248886,3,42.897,-78.825,Assault
244845,248887,3,42.851,-78.824,Theft
244860,248902,3,42.879,-78.841,Breaking & Entering
244865,248908,3,42.877,-78.85,Theft
244869,248912,3,42.854,-78.806,Assault
244871,248914,3,42.879,-78.842,Assault
244873,248916,3,42.891,-78.831,Theft
244891,248934,3,42.843,-78.824,Breaking & Entering
244907,248950,3,42.881,-78.835,Breaking & Entering
244921,248964,3,42.899,-78.832,Breaking & Entering
244923,248966,3,42.84,-78.82,Theft
244924,248967,3,42.896,-78.802,Theft
244926,248970,3,42.852,-78.803,Theft of Vehicle
244928,248972,3,42.897,-78.821,Theft of Vehicle
244931,248975,3,42.857,-78.811,Breaking & Entering
244938,248982,3,42.896,-78.817,Robbery
244943,248987,3,42.887,-78.81,Breaking & Entering
244945,248989,3,42.858,-78.817,Theft
244946,248990,3,42.848,-78.812,Assault
244949,248993,3,42.898,-78.819,Robbery
244955,248999,3,42.891,-78.836,Breaking & Entering
244959,249003,3,42.855,-78.813,Theft
244964,249008,3,42.858,-78.804,Theft
244969,249013,3,42.836,-78.824,Theft
244979,249023,3,42.87,-78.81,Breaking & Entering
244983,249028,3,42.885,-78.81,Theft
244986,249031,3,42.842,-78.825,Assault
244999,249044,3,42.839,-78.817,Assault
245003,249048,3,42.856,-78.824,Robbery
245013,249058,3,42.898,-78.806,Theft
245016,249061,3,42.883,-78.836,Assault
245023,249068,3,42.854,-78.831,Theft
245024,249069,3,42.885,-78.808,Breaking & Entering
245036,249082,3,42.852,-78.831,Theft
245042,249088,3,42.854,-78.807,Theft
245044,249090,3,42.843,-78.824,Robbery
245046,249092,3,42.884,-78.839,Sexual Assault
245050,249096,3,42.894,-78.838,Breaking & Entering
245052,249098,3,42.848,-78.824,Assault
245055,249101,3,42.85,-78.815,Theft
245057,249103,3,42.892,-78.814,Theft
245064,249110,3,42.888,-78.805,Theft of Vehicle
245068,249114,3,42.88,-78.844,Robbery
245080,249126,3,42.888,-78.805,Theft
245101,249147,3,42.858,-78.818,Theft
245107,249153,3,42.897,-78.8,Theft
245114,249160,3,42.867,-78.852,Theft of Vehicle
245116,249162,3,42.879,-78.802,Theft
245120,249166,3,42.898,-78.823,Breaking & Entering
245122,249168,3,42.896,-78.823,Sexual Assault
245124,249170,3,42.857,-78.814,Theft of Vehicle
245130,249176,3,42.856,-78.807,Theft of Vehicle
245154,249200,3,42.867,-78.857,Theft of Vehicle
245160,249206,3,42.891,-78.815,Theft
245171,249217,3,42.894,-78.83,Theft
245183,249229,3,42.893,-78.842,Robbery
245193,249239,3,42.874,-78.809,Theft
245197,249243,3,42.87,-78.831,Theft
245198,249244,3,42.857,-78.829,Robbery
245203,249249,3,42.872,-78.805,Theft
245213,249259,3,42.87,-78.832,Assault
245221,249267,3,42.872,-78.805,Theft
245222,249268,3,42.867,-78.857,Assault
245225,249272,3,42.852,-78.818,Theft
245232,249279,3,42.849,-78.816,Assault
245234,249281,3,42.887,-78.81,Breaking & Entering
245239,249286,3,42.89,-78.803,Theft
245252,249299,3,42.886,-78.805,Theft
245262,249309,3,42.899,-78.836,Assault
245263,249310,3,42.893,-78.843,Theft
245264,249311,3,42.89,-78.805,Breaking & Entering
245265,249312,3,42.879,-78.834,Theft
245268,249315,3,42.853,-78.809,Theft
245269,249316,3,42.86,-78.825,Theft
245272,249319,3,42.894,-78.834,Assault
245276,249323,3,42.848,-78.812,Theft
245277,249324,3,42.89,-78.804,Other Sexual Offense
245278,249325,3,42.878,-78.815,Breaking & Entering
245279,249326,3,42.887,-78.813,Assault
245292,249339,3,42.872,-78.812,Theft
245293,249340,3,42.864,-78.825,Theft of Vehicle
245300,249347,3,42.872,-78.811,Theft
245302,249349,3,42.847,-78.817,Breaking & Entering
245308,249355,3,42.897,-78.804,Assault
245309,249356,3,42.889,-78.812,Assault
245311,249358,3,42.876,-78.828,Assault
245313,249360,3,42.856,-78.806,Assault
245314,249361,3,42.841,-78.809,Theft
245317,249364,3,42.895,-78.835,Robbery
245322,249369,3,42.885,-78.84,Theft
245326,249373,3,42.898,-78.801,Other Sexual Offense
245331,249378,3,42.895,-78.832,Breaking & Entering
245337,249384,3,42.857,-78.811,Theft
245339,249386,3,42.857,-78.829,Assault
245342,249389,3,42.845,-78.811,Breaking & Entering
245354,249401,3,42.874,-78.81,Theft
245356,249403,3,42.899,-78.817,Theft
245363,249410,3,42.85,-78.803,Assault
245364,249411,3,42.894,-78.834,Theft
245367,249415,3,42.891,-78.836,Breaking & Entering
245373,249421,3,42.859,-78.812,Theft
245375,249423,3,42.854,-78.816,Assault
245392,249440,3,42.843,-78.824,Robbery
245395,249443,3,42.886,-78.815,Theft
245398,249446,3,42.89,-78.84,Breaking & Entering
245403,249451,3,42.847,-78.821,Theft
245404,249452,3,42.871,-78.802,Breaking & Entering
245407,249455,3,42.895,-78.817,Breaking & Entering
245419,249467,3,42.85,-78.817,Theft
245422,249470,3,42.872,-78.821,Theft of Vehicle
245431,249479,3,42.837,-78.821,Breaking & Entering
245433,249481,3,42.872,-78.816,Theft
245434,249482,3,42.861,-78.804,Theft
245436,249484,3,42.851,-78.822,Assault
245444,249492,3,42.897,-78.84,Theft of Vehicle
245452,249500,3,42.888,-78.835,Theft of Vehicle
245457,249505,3,42.898,-78.83,Theft of Vehicle
245477,249525,3,42.892,-78.837,Theft
245480,249528,3,42.867,-78.857,Theft
245483,249531,3,42.899,-78.838,Assault
245488,249536,3,42.872,-78.833,Theft
245501,249549,3,42.893,-78.803,Theft
245509,249558,3,42.843,-78.827,Breaking & Entering
245513,249562,3,42.848,-78.827,Theft
245518,249567,3,42.832,-78.815,Assault
245520,249569,3,42.894,-78.84,Breaking & Entering
245526,249576,3,42.897,-78.823,Breaking & Entering
245528,249578,3,42.833,-78.821,Theft
245531,249581,3,42.891,-78.84,Theft
245536,249586,3,42.858,-78.813,Assault
245537,249587,3,42.858,-78.831,Theft
245542,249592,3,42.875,-78.808,Theft of Vehicle
245543,249593,3,42.842,-78.829,Assault
245544,249594,3,42.894,-78.823,Theft
245549,249599,3,42.89,-78.8,Assault
245553,249603,3,42.88,-78.846,Robbery
245555,249605,3,42.869,-78.853,Assault
245557,249607,3,42.889,-78.813,Breaking & Entering
245559,249609,3,42.858,-78.831,Theft
245571,249621,3,42.856,-78.809,Theft
245585,249636,3,42.893,-78.827,Theft
245588,249639,3,42.852,-78.825,Homicide
245594,249645,3,42.898,-78.836,Assault
245609,249660,3,42.896,-78.81,Breaking & Entering
245612,249663,3,42.855,-78.825,Breaking & Entering
245616,249667,3,42.87,-78.823,Theft
245635,249687,3,42.861,-78.813,Breaking & Entering
245640,249692,3,42.851,-78.804,Assault
245641,249693,3,42.894,-78.834,Robbery
245643,249695,3,42.897,-78.821,Assault
245645,249697,3,42.848,-78.817,Other Sexual Offense
245648,249700,3,42.87,-78.839,Other Sexual Offense
245655,249707,3,42.853,-78.824,Theft
245656,249708,3,42.89,-78.813,Assault
245657,249709,3,42.853,-78.829,Theft
245664,249716,3,42.858,-78.811,Assault
245667,249719,3,42.848,-78.824,Breaking & Entering
245671,249723,3,42.852,-78.807,Theft
245678,249730,3,42.893,-78.837,Theft
245683,249735,3,42.859,-78.812,Breaking & Entering
245686,249738,3,42.889,-78.81,Theft
245691,249743,3,42.895,-78.809,Breaking & Entering
245698,249750,3,42.893,-78.838,Theft
245702,249754,3,42.899,-78.84,Assault
245718,249770,3,42.844,-78.815,Assault
245730,249783,3,42.857,-78.829,Breaking & Entering
245731,249784,3,42.883,-78.84,Theft of Vehicle
245732,249785,3,42.89,-78.832,Breaking & Entering
245739,249792,3,42.892,-78.831,Assault
245740,249793,3,42.882,-78.844,Theft
245751,249804,3,42.894,-78.835,Assault
245754,249807,3,42.891,-78.832,Assault
245760,249813,3,42.845,-78.829,Theft of Vehicle
245761,249814,3,42.898,-78.84,Robbery
245766,249819,3,42.866,-78.822,Theft
245767,249820,3,42.886,-78.842,Theft
245768,249821,3,42.89,-78.839,Theft
245781,249834,3,42.899,-78.819,Theft
245782,249835,3,42.891,-78.813,Breaking & Entering
245787,249840,3,42.893,-78.83,Assault
245789,249842,3,42.882,-78.8,Theft
245800,249853,3,42.898,-78.839,Assault
245801,249854,3,42.856,-78.836,Assault
245803,249856,3,42.848,-78.822,Theft
245805,249858,3,42.88,-78.802,Theft
245806,249859,3,42.896,-78.826,Breaking & Entering
245825,249878,3,42.891,-78.81,Theft of Vehicle
245831,249884,3,42.858,-78.831,Assault
245834,249887,3,42.898,-78.816,Assault
245835,249888,3,42.836,-78.808,Theft
245848,249901,3,42.87,-78.807,Theft
245851,249904,3,42.885,-78.811,Theft
245857,249910,3,42.89,-78.806,Theft
245859,249912,3,42.892,-78.836,Assault
245871,249924,3,42.899,-78.834,Breaking & Entering
245873,249926,3,42.844,-78.828,Theft
245882,249935,3,42.891,-78.812,Theft
245884,249937,3,42.899,-78.839,Theft
245887,249940,3,42.851,-78.801,Assault
245888,249941,3,42.851,-78.825,Theft
245889,249942,3,42.871,-78.851,Theft
245892,249945,3,42.898,-78.815,Assault
245894,249947,3,42.899,-78.818,Breaking & Entering
245897,249950,3,42.839,-78.808,Theft
245899,249952,3,42.869,-78.829,Breaking & Entering
245900,249953,3,42.89,-78.834,Assault
245908,249961,3,42.892,-78.834,Assault
245911,249964,3,42.879,-78.833,Breaking & Entering
245914,249967,3,42.888,-78.838,Theft
245917,249970,3,42.851,-78.824,Theft
245919,249972,3,42.881,-78.807,Theft
245925,249978,3,42.854,-78.827,Theft of Vehicle
245927,249980,3,42.877,-78.814,Theft of Vehicle
245929,249982,3,42.854,-78.816,Theft
245930,249983,3,42.858,-78.81,Assault
245932,249985,3,42.849,-78.814,Theft
245934,249988,3,42.855,-78.834,Assault
245941,249995,3,42.863,-78.809,Assault
245945,249999,3,42.888,-78.846,Breaking & Entering
245946,250000,3,42.854,-78.825,Theft
245951,250005,3,42.893,-78.837,Robbery
245957,250011,3,42.867,-78.851,Theft
245961,250015,3,42.873,-78.805,Theft
245962,250016,3,42.891,-78.805,Assault
245964,250018,3,42.871,-78.834,Breaking & Entering
245981,250036,3,42.851,-78.805,Assault
245983,250038,3,42.885,-78.832,Robbery
245986,250041,3,42.84,-78.819,Theft
245988,250045,3,42.873,-78.818,Theft
245993,250050,3,42.874,-78.827,Breaking & Entering
245995,250052,3,42.892,-78.84,Assault
246001,250058,3,42.851,-78.825,Theft
246005,250062,3,42.894,-78.83,Assault
246009,250066,3,42.898,-78.824,Assault
246012,250069,3,42.869,-78.848,Assault
246015,250072,3,42.883,-78.833,Theft
246029,250086,3,42.851,-78.805,Theft
246033,250090,3,42.896,-78.833,Theft of Vehicle
246041,250098,3,42.894,-78.83,Theft
246047,250104,3,42.851,-78.817,Breaking & Entering
246049,250106,3,42.892,-78.807,Robbery
246054,250111,3,42.838,-78.857,Theft
246072,250129,3,42.897,-78.82,Breaking & Entering
246076,250133,3,42.851,-78.825,Theft of Vehicle
246081,250138,3,42.867,-78.824,Theft
246097,250156,3,42.872,-78.813,Assault
246109,250169,3,42.883,-78.839,Theft of Vehicle
246111,250171,3,42.893,-78.837,Theft
246112,250172,3,42.898,-78.817,Breaking & Entering
246113,250173,3,42.872,-78.807,Theft
246115,250175,3,42.843,-78.824,Theft of Vehicle
246117,250177,3,42.898,-78.807,Theft
246120,250180,3,42.857,-78.806,Assault
246123,250183,3,42.847,-78.824,Robbery
246133,250193,3,42.871,-78.845,Breaking & Entering
246136,250196,3,42.85,-78.815,Theft
246155,250215,3,42.848,-78.801,Theft
246157,250217,3,42.858,-78.808,Theft of Vehicle
246160,250220,3,42.899,-78.836,Theft
246166,250226,3,42.86,-78.81,Breaking & Entering
246175,250236,3,42.896,-78.83,Theft
246184,250246,3,42.872,-78.81,Assault
246185,250247,3,42.835,-78.823,Assault
246190,250252,3,42.891,-78.837,Breaking & Entering
246200,250262,3,42.857,-78.812,Theft
246204,250266,3,42.852,-78.806,Theft
246205,250267,3,42.854,-78.809,Theft
246214,250276,3,42.881,-78.813,Breaking & Entering
246215,250277,3,42.854,-78.812,Assault
246221,250284,3,42.89,-78.839,Theft of Vehicle
246223,250286,3,42.887,-78.841,Assault
246226,250289,3,42.859,-78.816,Assault
246233,250296,3,42.857,-78.824,Theft
246235,250298,3,42.851,-78.801,Theft
246242,250305,3,42.841,-78.809,Theft
246249,250312,3,42.897,-78.8,Theft
246253,250316,3,42.87,-78.836,Theft
246256,250319,3,42.858,-78.825,Robbery
246265,250328,3,42.848,-78.812,Theft
246285,250348,3,42.875,-78.806,Theft
246289,250352,3,42.849,-78.817,Theft
246301,250364,3,42.84,-78.802,Assault
246308,250372,3,42.835,-78.828,Theft
246310,250374,3,42.885,-78.803,Theft
246318,250382,3,42.859,-78.812,Theft
246323,250387,3,42.89,-78.802,Theft
246326,250390,3,42.872,-78.811,Theft
246329,250393,3,42.895,-78.832,Assault
246338,250402,3,42.886,-78.805,Assault
246340,250405,3,42.89,-78.813,Theft
246350,250415,3,42.889,-78.812,Theft of Vehicle
246371,250436,3,42.873,-78.806,Theft
246374,250439,3,42.889,-78.804,Breaking & Entering
246379,250444,3,42.894,-78.834,Theft of Vehicle
246380,250445,3,42.855,-78.837,Theft
246382,250447,3,42.898,-78.818,Theft
246385,250450,3,42.892,-78.832,Assault
246386,250451,3,42.896,-78.816,Breaking & Entering
246393,250458,3,42.896,-78.84,Theft of Vehicle
246396,250461,3,42.89,-78.802,Assault
246397,250462,3,42.896,-78.816,Breaking & Entering
246398,250463,3,42.877,-78.829,Assault
246403,250468,3,42.839,-78.824,Theft
246410,250476,3,42.894,-78.819,Theft
246412,250478,3,42.872,-78.813,Assault
246416,250482,3,42.887,-78.841,Assault
246421,250487,3,42.896,-78.817,Robbery
246434,250500,3,42.869,-78.808,Theft
246437,250503,3,42.884,-78.839,Assault
246445,250511,3,42.835,-78.818,Assault
246448,250514,3,42.874,-78.81,Breaking & Entering
246449,250515,3,42.89,-78.8,Assault
246457,250523,3,42.888,-78.836,Assault
246461,250527,3,42.895,-78.821,Assault
246463,250529,3,42.87,-78.807,Assault
246468,250534,3,42.896,-78.825,Robbery
246475,250541,3,42.874,-78.805,Breaking & Entering
246478,250544,3,42.878,-78.801,Theft
246479,250545,3,42.857,-78.811,Breaking & Entering
246480,250546,3,42.851,-78.82,Theft
246483,250549,3,42.869,-78.83,Breaking & Entering
246489,250555,3,42.851,-78.805,Theft
246494,250560,3,42.885,-78.815,Breaking & Entering
246496,250562,3,42.858,-78.826,Theft
246503,250569,3,42.857,-78.833,Theft
246507,250573,3,42.833,-78.824,Assault
246512,250578,3,42.889,-78.804,Assault
246513,250579,3,42.858,-78.817,Assault
246526,250592,3,42.891,-78.814,Breaking & Entering
246527,250593,3,42.847,-78.833,Theft of Vehicle
246528,250594,3,42.855,-78.806,Assault
246534,250600,3,42.888,-78.805,Assault
246536,250602,3,42.882,-78.829,Theft
246539,250606,3,42.872,-78.815,Assault
246549,250617,3,42.858,-78.831,Theft
246551,250619,3,42.892,-78.833,Breaking & Entering
246552,250620,3,42.856,-78.813,Assault
246565,250633,3,42.857,-78.806,Other Sexual Offense
246573,250641,3,42.877,-78.841,Breaking & Entering
246574,250642,3,42.871,-78.843,Theft
246582,250650,3,42.851,-78.816,Breaking & Entering
246583,250651,3,42.846,-78.832,Theft of Vehicle
246584,250652,3,42.841,-78.812,Assault
246592,250660,3,42.873,-78.81,Assault
246608,250676,3,42.874,-78.806,Assault
246614,250682,3,42.858,-78.813,Theft
246622,250690,3,42.872,-78.811,Robbery
246630,250698,3,42.872,-78.803,Theft
246631,250699,3,42.85,-78.83,Theft
246640,250708,3,42.867,-78.806,Breaking & Entering
246649,250717,3,42.883,-78.833,Theft
246657,250725,3,42.899,-78.819,Theft
246668,250736,3,42.892,-78.83,Breaking & Entering
246671,250739,3,42.852,-78.814,Theft of Vehicle
246677,250745,3,42.897,-78.82,Theft
246687,250755,3,42.882,-78.835,Homicide
246691,250759,3,42.895,-78.832,Robbery
246693,250761,3,42.849,-78.82,Theft
246695,250763,3,42.882,-78.831,Theft of Vehicle
246700,250768,3,42.889,-78.806,Assault
246716,250785,3,42.879,-78.847,Assault
246718,250787,3,42.853,-78.831,Theft
246724,250794,3,42.891,-78.83,Assault
246728,250798,3,42.856,-78.834,Assault
246735,250805,3,42.895,-78.841,Robbery
246737,250807,3,42.864,-78.819,Sexual Assault
246738,250808,3,42.895,-78.803,Theft
246744,250814,3,42.852,-78.808,Breaking & Entering
246750,250820,3,42.85,-78.804,Assault
246751,250821,3,42.889,-78.836,Breaking & Entering
246752,250822,3,42.897,-78.815,Assault
246753,250823,3,42.847,-78.815,Assault
246756,250826,3,42.899,-78.81,Theft
246762,250832,3,42.89,-78.833,Assault
246773,250843,3,42.852,-78.828,Theft
246776,250846,3,42.874,-78.825,Breaking & Entering
246792,250862,3,42.893,-78.838,Assault
246798,250868,3,42.882,-78.807,Assault
246799,250869,3,42.892,-78.84,Theft
246801,250871,3,42.851,-78.826,Robbery
246818,250888,3,42.853,-78.824,Assault
246824,250894,3,42.838,-78.813,Theft of Vehicle
246827,250897,3,42.883,-78.832,Assault
246833,250903,3,42.888,-78.804,Assault
246837,250907,3,42.89,-78.839,Assault
246838,250908,3,42.896,-78.822,Assault
246854,250924,3,42.892,-78.823,Theft
246858,250928,3,42.884,-78.831,Theft
246867,250937,3,42.884,-78.836,Breaking & Entering
246869,250939,3,42.898,-78.835,Theft
246883,250953,3,42.844,-78.82,Breaking & Entering
246884,250954,3,42.88,-78.835,Theft
246889,250959,3,42.867,-78.806,Sexual Assault
246910,250980,3,42.857,-78.812,Breaking & Entering
246916,250986,3,42.896,-78.816,Theft
246924,250994,3,42.86,-78.822,Assault
246928,250998,3,42.856,-78.819,Theft
246934,251004,3,42.877,-78.842,Theft of Vehicle
246937,251007,3,42.847,-78.829,Assault
246939,251009,3,42.899,-78.821,Other Sexual Offense
246960,251030,3,42.848,-78.812,Breaking & Entering
246980,251050,3,42.842,-78.821,Theft
246988,251058,3,42.848,-78.801,Robbery
246989,251059,3,42.895,-78.842,Assault
247005,251075,3,42.836,-78.818,Theft
247010,251080,3,42.894,-78.842,Assault
247011,251081,3,42.878,-78.849,Breaking & Entering
247027,251098,3,42.839,-78.807,Theft
247034,251105,3,42.842,-78.825,Assault
247059,251130,3,42.854,-78.827,Theft
247066,251137,3,42.892,-78.831,Theft
247070,251141,3,42.879,-78.837,Breaking & Entering
247074,251145,3,42.89,-78.803,Theft
247076,251147,3,42.861,-78.816,Theft
247082,251153,3,42.848,-78.812,Theft
247083,251154,3,42.841,-78.809,Theft
247085,251156,3,42.893,-78.831,Breaking & Entering
247086,251157,3,42.869,-78.832,Theft
247091,251162,3,42.878,-78.801,Robbery
247093,251164,3,42.854,-78.83,Theft
247095,251166,3,42.887,-78.804,Theft of Vehicle
247100,251172,3,42.899,-78.819,Assault
247109,251181,3,42.855,-78.809,Theft
247111,251183,3,42.892,-78.83,Theft
247122,251194,3,42.848,-78.817,Theft
247124,251196,3,42.872,-78.812,Assault
247129,251201,3,42.859,-78.824,Theft
247132,251204,3,42.853,-78.823,Assault
247140,251212,3,42.868,-78.835,Theft
247145,251218,3,42.853,-78.826,Theft of Vehicle
247150,251223,3,42.887,-78.839,Theft of Vehicle
247160,251233,3,42.882,-78.841,Theft
247163,251236,3,42.895,-78.833,Breaking & Entering
247169,251242,3,42.885,-78.81,Theft
247170,251243,3,42.856,-78.806,Theft
247172,251245,3,42.896,-78.817,Robbery
247173,251246,3,42.887,-78.812,Theft
247175,251248,3,42.867,-78.822,Theft
247179,251252,3,42.881,-78.836,Theft
247192,251265,3,42.895,-78.827,Theft
247197,251270,3,42.835,-78.824,Theft
247199,251272,3,42.859,-78.814,Theft
247213,251287,3,42.89,-78.802,Theft
247220,251294,3,42.897,-78.821,Breaking & Entering
247221,251295,3,42.848,-78.812,Assault
247222,251296,3,42.897,-78.804,Assault
247226,251300,3,42.865,-78.825,Theft
247230,251304,3,42.894,-78.824,Breaking & Entering
247238,251312,3,42.873,-78.829,Theft of Vehicle
247239,251313,3,42.86,-78.82,Breaking & Entering
247242,251316,3,42.848,-78.812,Theft of Vehicle
247245,251319,3,42.898,-78.807,Robbery
247255,251329,3,42.863,-78.809,Assault
247258,251332,3,42.872,-78.806,Breaking & Entering
247264,251339,3,42.896,-78.815,Robbery
247271,251346,3,42.841,-78.824,Theft
247276,251351,3,42.898,-78.839,Assault
247285,251360,3,42.885,-78.804,Theft
247286,251361,3,42.839,-78.808,Theft
247289,251364,3,42.845,-78.809,Theft of Vehicle
247290,251365,3,42.877,-78.827,Breaking & Entering
247295,251370,3,42.866,-78.822,Theft
247297,251372,3,42.863,-78.809,Theft
247298,251373,3,42.862,-78.816,Assault
247304,251379,3,42.895,-78.836,Breaking & Entering
247307,251382,3,42.851,-78.811,Breaking & Entering
247308,251384,3,42.877,-78.802,Breaking & Entering
247315,251392,3,42.875,-78.829,Breaking & Entering
247325,251402,3,42.866,-78.828,Theft
247335,251412,3,42.852,-78.801,Assault
247336,251414,3,42.874,-78.819,Breaking & Entering
247340,251418,3,42.85,-78.815,Assault
247343,251421,3,42.847,-78.824,Theft
247346,251424,3,42.874,-78.851,Assault
247354,251432,3,42.85,-78.803,Breaking & Entering
247371,251449,3,42.899,-78.838,Theft of Vehicle
247372,251450,3,42.857,-78.814,Theft
247388,251466,3,42.859,-78.817,Theft
247389,251467,3,42.896,-78.824,Assault
247390,251468,3,42.893,-78.825,Breaking & Entering
247391,251469,3,42.853,-78.831,Theft of Vehicle
247408,251487,3,42.869,-78.807,Assault
247409,251488,3,42.847,-78.815,Theft
247413,251492,3,42.853,-78.804,Theft
247418,251497,3,42.848,-78.82,Breaking & Entering
247432,251511,3,42.847,-78.832,Theft
247436,251515,3,42.872,-78.824,Breaking & Entering
247443,251522,3,42.848,-78.813,Theft
247456,251535,3,42.899,-78.833,Breaking & Entering
247458,251537,3,42.87,-78.848,Assault
247467,251546,3,42.851,-78.803,Theft
247470,251549,3,42.856,-78.834,Theft
247485,251564,3,42.885,-78.835,Assault
247490,251569,3,42.896,-78.823,Theft
247516,251595,3,42.878,-78.801,Theft
247533,251612,3,42.895,-78.819,Assault
247535,251614,3,42.899,-78.822,Assault
247538,251617,3,42.898,-78.807,Theft
247542,251621,3,42.89,-78.805,Breaking & Entering
247544,251623,3,42.845,-78.809,Theft
247546,251625,3,42.874,-78.851,Assault
247547,251626,3,42.898,-78.814,Assault
247548,251627,3,42.877,-78.845,Theft
247556,251635,3,42.847,-78.828,Assault
247562,251641,3,42.845,-78.824,Theft
247563,251642,3,42.837,-78.809,Theft
247576,251656,3,42.858,-78.81,Theft
247580,251660,3,42.873,-78.811,Assault
247581,251661,3,42.898,-78.838,Theft of Vehicle
247589,251669,3,42.848,-78.824,Theft of Vehicle
247596,251676,3,42.892,-78.844,Assault
247602,251682,3,42.891,-78.81,Theft
247607,251687,3,42.875,-78.85,Theft
247615,251696,3,42.845,-78.824,Assault
247618,251699,3,42.898,-78.805,Theft of Vehicle
247619,251700,3,42.872,-78.819,Breaking & Entering
247624,251705,3,42.859,-78.807,Breaking & Entering
247628,251709,3,42.853,-78.801,Theft
247632,251713,3,42.888,-78.816,Theft
247636,251717,3,42.875,-78.816,Breaking & Entering
247646,251727,3,42.894,-78.821,Robbery
247648,251729,3,42.899,-78.816,Sexual Offense
247668,251750,3,42.853,-78.814,Theft
247682,251764,3,42.869,-78.808,Theft of Vehicle
247687,251769,3,42.854,-78.828,Theft
247690,251772,3,42.894,-78.834,Theft
247696,251778,3,42.844,-78.823,Theft of Vehicle
247708,251790,3,42.893,-78.843,Theft
247711,251793,3,42.841,-78.827,Theft
247716,251798,3,42.85,-78.814,Theft
247720,251802,3,42.854,-78.807,Assault
247723,251805,3,42.898,-78.807,Theft
247728,251810,3,42.871,-78.852,Assault
247739,251821,3,42.848,-78.812,Other Sexual Offense
247741,251823,3,42.895,-78.806,Homicide
247746,251828,3,42.839,-78.823,Theft
247751,251833,3,42.895,-78.828,Assault
247757,251839,3,42.889,-78.808,Theft
247758,251840,3,42.854,-78.826,Theft
247763,251845,3,42.889,-78.813,Breaking & Entering
247765,251847,3,42.89,-78.84,Theft
247766,251848,3,42.886,-78.806,Assault
247770,251852,3,42.899,-78.818,Breaking & Entering
247777,251859,3,42.89,-78.815,Breaking & Entering
247787,251869,3,42.878,-78.815,Assault
247788,251870,3,42.868,-78.846,Assault
247794,251876,3,42.884,-78.839,Assault
247799,251881,3,42.899,-78.822,Breaking & Entering
247805,251888,3,42.883,-78.839,Assault
247810,251893,3,42.855,-78.81,Assault
247816,251900,3,42.842,-78.83,Theft
247820,251904,3,42.874,-78.804,Assault
247822,251906,3,42.86,-78.809,Theft of Vehicle
247831,251915,3,42.899,-78.818,Assault
247833,251917,3,42.85,-78.802,Assault
247838,251922,3,42.85,-78.825,Breaking & Entering
247841,251925,3,42.888,-78.837,Theft of Vehicle
247846,251930,3,42.887,-78.843,Assault
247859,251944,3,42.851,-78.805,Theft
247867,251952,3,42.892,-78.833,Breaking & Entering
247868,251953,3,42.85,-78.815,Robbery
247873,251958,3,42.871,-78.812,Theft of Vehicle
247874,251959,3,42.89,-78.834,Theft
247885,251970,3,42.877,-78.841,Theft
247887,251972,3,42.871,-78.815,Assault
247890,251975,3,42.851,-78.823,Assault
247891,251976,3,42.869,-78.83,Assault
247894,251979,3,42.859,-78.815,Assault
247920,252005,3,42.855,-78.816,Other Sexual Offense
247921,252006,3,42.858,-78.809,Breaking & Entering
247922,252007,3,42.888,-78.84,Theft
247924,252009,3,42.836,-78.816,Breaking & Entering
247929,252014,3,42.899,-78.815,Assault
247933,252018,3,42.897,-78.833,Assault
247938,252023,3,42.894,-78.82,Breaking & Entering
247943,252028,3,42.894,-78.806,Assault
247951,252036,3,42.871,-78.852,Assault
247954,252039,3,42.896,-78.817,Theft
247956,252041,3,42.869,-78.83,Assault
247965,252050,3,42.896,-78.814,Assault
247975,252060,3,42.895,-78.823,Theft
247977,252062,3,42.867,-78.809,Theft
247982,252067,3,42.844,-78.812,Theft
247987,252072,3,42.828,-78.824,Theft
247992,252077,3,42.889,-78.812,Assault
247994,252079,3,42.897,-78.82,Theft
247997,252082,3,42.893,-78.806,Theft
247999,252084,3,42.892,-78.836,Robbery
248007,252092,3,42.841,-78.824,Theft
248014,252099,3,42.836,-78.831,Theft of Vehicle
248026,252111,3,42.893,-78.839,Theft
248034,252119,3,42.896,-78.827,Breaking & Entering
248039,252124,3,42.853,-78.824,Theft
248041,252126,3,42.851,-78.806,Robbery
248053,252138,3,42.88,-78.834,Theft
248058,252143,3,42.893,-78.839,Robbery
248060,252146,3,42.894,-78.834,Breaking & Entering
248063,252149,3,42.885,-78.824,Breaking & Entering
248068,252154,3,42.887,-78.8,Assault
248071,252157,3,42.886,-78.805,Assault
248075,252161,3,42.898,-78.839,Theft
248085,252171,3,42.854,-78.809,Theft
248087,252173,3,42.88,-78.836,Theft
248089,252175,3,42.897,-78.804,Theft
248098,252184,3,42.893,-78.836,Theft of Vehicle
248109,252195,3,42.846,-78.81,Breaking & Entering
248115,252201,3,42.892,-78.827,Breaking & Entering
248116,252202,3,42.869,-78.85,Assault
248120,252206,3,42.842,-78.831,Theft
248125,252211,3,42.871,-78.815,Theft
248138,252225,3,42.895,-78.821,Assault
248141,252228,3,42.854,-78.805,Breaking & Entering
248142,252229,3,42.893,-78.826,Assault
248148,252235,3,42.89,-78.801,Assault
248150,252237,3,42.895,-78.829,Robbery
248152,252239,3,42.891,-78.8,Theft
248154,252241,3,42.845,-78.825,Breaking & Entering
248160,252247,3,42.876,-78.816,Theft
248169,252256,3,42.852,-78.809,Assault
248172,252260,3,42.857,-78.831,Theft
248177,252265,3,42.854,-78.808,Theft
248183,252271,3,42.875,-78.802,Theft
248185,252273,3,42.869,-78.835,Assault
248187,252275,3,42.879,-78.833,Theft
248196,252284,3,42.898,-78.822,Robbery
248201,252289,3,42.863,-78.811,Assault
248204,252292,3,42.894,-78.842,Assault
248205,252293,3,42.851,-78.823,Breaking & Entering
248212,252300,3,42.848,-78.824,Assault
248214,252302,3,42.892,-78.81,Assault
248220,252308,3,42.833,-78.824,Theft
248230,252318,3,42.849,-78.814,Theft
248232,252320,3,42.881,-78.836,Assault
248249,252337,3,42.899,-78.815,Assault
248256,252344,3,42.841,-78.809,Theft
248258,252346,3,42.894,-78.82,Assault
248268,252356,3,42.898,-78.823,Breaking & Entering
248272,252360,3,42.89,-78.838,Robbery
248277,252365,3,42.892,-78.826,Assault
248278,252366,3,42.887,-78.801,Theft
248279,252367,3,42.868,-78.806,Theft
248282,252370,3,42.893,-78.831,Assault
248284,252372,3,42.853,-78.808,Breaking & Entering
248285,252373,3,42.873,-78.809,Breaking & Entering
248297,252385,3,42.848,-78.824,Assault
248302,252390,3,42.847,-78.815,Theft of Vehicle
248307,252395,3,42.895,-78.827,Assault
248310,252398,3,42.899,-78.822,Theft of Vehicle
248316,252404,3,42.851,-78.822,Theft
248317,252405,3,42.856,-78.809,Assault
248324,252412,3,42.841,-78.821,Theft
248325,252413,3,42.872,-78.813,Theft
248326,252414,3,42.898,-78.82,Breaking & Entering
248332,252420,3,42.89,-78.804,Assault
248334,252422,3,42.898,-78.836,Breaking & Entering
248340,252428,3,42.89,-78.84,Theft
248347,252435,3,42.883,-78.836,Theft
248350,252438,3,42.851,-78.828,Theft
248355,252443,3,42.87,-78.808,Theft
248361,252449,3,42.886,-78.841,Breaking & Entering
248372,252460,3,42.894,-78.827,Theft
248373,252461,3,42.868,-78.85,Breaking & Entering
248375,252463,3,42.869,-78.846,Robbery
248378,252467,3,42.893,-78.838,Theft of Vehicle
248380,252469,3,42.892,-78.832,Theft
248383,252472,3,42.836,-78.808,Theft
248392,252481,3,42.878,-78.801,Theft
248397,252486,3,42.899,-78.835,Theft of Vehicle
248399,252488,3,42.872,-78.813,Theft
248401,252490,3,42.891,-78.801,Theft
248403,252492,3,42.889,-78.812,Theft
248405,252494,3,42.894,-78.835,Robbery
248414,252503,3,42.848,-78.812,Theft
248415,252504,3,42.891,-78.842,Theft
248419,252508,3,42.887,-78.816,Theft
248436,252525,3,42.845,-78.824,Theft
248437,252526,3,42.899,-78.81,Theft
248438,252527,3,42.895,-78.807,Theft of Vehicle
248440,252529,3,42.896,-78.82,Robbery
248441,252530,3,42.834,-78.81,Assault
248445,252534,3,42.888,-78.814,Theft
248447,252536,3,42.848,-78.823,Assault
248459,252548,3,42.892,-78.835,Assault
248460,252549,3,42.853,-78.821,Breaking & Entering
248464,252553,3,42.877,-78.802,Theft
248470,252560,3,42.862,-78.819,Assault
248473,252564,3,42.891,-78.836,Assault
248483,252574,3,42.838,-78.819,Theft
248495,252586,3,42.857,-78.812,Theft
248500,252591,3,42.842,-78.827,Assault
248504,252595,3,42.885,-78.814,Theft
248511,252602,3,42.89,-78.81,Assault
248515,252606,3,42.87,-78.851,Assault
248530,252621,3,42.896,-78.816,Breaking & Entering
248537,252628,3,42.888,-78.819,Breaking & Entering
248552,252643,3,42.853,-78.808,Assault
248555,252646,3,42.881,-78.833,Theft of Vehicle
248556,252647,3,42.876,-78.848,Assault
248559,252650,3,42.888,-78.808,Assault
248560,252651,3,42.853,-78.821,Theft
248570,252661,3,42.855,-78.811,Assault
248578,252669,3,42.851,-78.81,Breaking & Entering
248581,252672,3,42.87,-78.844,Breaking & Entering
248587,252678,3,42.88,-78.846,Breaking & Entering
248592,252683,3,42.84,-78.818,Theft
248597,252688,3,42.859,-78.814,Sexual Assault
248598,252689,3,42.856,-78.808,Breaking & Entering
248612,252703,3,42.874,-78.807,Assault
248625,252716,3,42.897,-78.82,Theft
248626,252717,3,42.847,-78.832,Assault
248629,252720,3,42.888,-78.835,Theft
248643,252734,3,42.893,-78.827,Assault
248647,252738,3,42.896,-78.818,Theft
248651,252742,3,42.887,-78.837,Robbery
248652,252743,3,42.876,-78.843,Theft
248656,252747,3,42.892,-78.832,Theft of Vehicle
248666,252757,3,42.841,-78.824,Theft
248668,252759,3,42.887,-78.839,Theft
248671,252762,3,42.851,-78.802,Assault
248677,252768,3,42.856,-78.823,Breaking & Entering
248683,252774,3,42.892,-78.808,Breaking & Entering
248689,252782,3,42.897,-78.819,Assault
248693,252786,3,42.833,-78.824,Theft
248701,252794,3,42.847,-78.827,Breaking & Entering
248702,252795,3,42.846,-78.826,Theft
248704,252798,3,42.895,-78.829,Theft
248705,252799,3,42.89,-78.806,Theft
248708,252802,3,42.848,-78.824,Assault
248712,252806,3,42.872,-78.807,Assault
248727,252823,3,42.851,-78.801,Theft
248730,252826,3,42.893,-78.837,Theft
248749,252845,3,42.853,-78.823,Theft
248750,252846,3,42.855,-78.819,Theft of Vehicle
248759,252855,3,42.872,-78.82,Theft
248762,252858,3,42.87,-78.856,Breaking & Entering
248763,252859,3,42.856,-78.832,Theft
248770,252866,3,42.891,-78.8,Theft of Vehicle
248771,252867,3,42.894,-78.835,Theft of Vehicle
248772,252868,3,42.852,-78.823,Theft
248773,252869,3,42.867,-78.846,Breaking & Entering
248777,252873,3,42.845,-78.813,Theft
248794,252890,3,42.878,-78.803,Theft
248795,252891,3,42.87,-78.838,Robbery
248798,252894,3,42.893,-78.82,Breaking & Entering
248806,252903,3,42.839,-78.824,Robbery
248810,252907,3,42.871,-78.807,Breaking & Entering
248815,252912,3,42.876,-78.83,Theft
248817,252914,3,42.892,-78.803,Breaking & Entering
248822,252919,3,42.844,-78.831,Theft
248823,252920,3,42.897,-78.814,Theft
248835,252933,3,42.855,-78.81,Robbery
248853,252951,3,42.886,-78.807,Robbery
248854,252952,3,42.855,-78.835,Theft
248859,252957,3,42.893,-78.843,Robbery
248877,252975,3,42.894,-78.822,Theft of Vehicle
248878,252976,3,42.885,-78.814,Breaking & Entering
248887,252985,3,42.851,-78.802,Theft
248890,252988,3,42.872,-78.802,Assault
248898,252996,3,42.85,-78.83,Theft of Vehicle
248904,253002,3,42.855,-78.81,Theft
248905,253003,3,42.843,-78.824,Theft
248906,253004,3,42.863,-78.821,Assault
248914,253012,3,42.845,-78.823,Theft
248915,253013,3,42.885,-78.815,Theft
248938,253036,3,42.851,-78.802,Assault
248956,253054,3,42.899,-78.818,Theft
248964,253062,3,42.871,-78.815,Assault
248967,253065,3,42.846,-78.802,Theft
248972,253070,3,42.836,-78.825,Theft
248993,253091,3,42.876,-78.849,Breaking & Entering
249000,253098,3,42.85,-78.803,Theft
249001,253099,3,42.895,-78.822,Breaking & Entering
249008,253106,3,42.873,-78.808,Other Sexual Offense
249012,253110,3,42.889,-78.815,Theft of Vehicle
249016,253114,3,42.85,-78.829,Breaking & Entering
249029,253127,3,42.886,-78.8,Theft
249049,253147,3,42.894,-78.824,Theft of Vehicle
249051,253149,3,42.897,-78.816,Robbery
249056,253154,3,42.869,-78.803,Assault
249057,253155,3,42.847,-78.829,Theft of Vehicle
249067,253165,3,42.879,-78.839,Other Sexual Offense
249075,253174,3,42.888,-78.8,Theft of Vehicle
249079,253178,3,42.87,-78.802,Breaking & Entering
249085,253184,3,42.892,-78.832,Theft
249086,253185,3,42.874,-78.804,Theft
249087,253186,3,42.896,-78.815,Theft
249101,253200,3,42.852,-78.821,Theft
249103,253202,3,42.853,-78.805,Theft
249107,253206,3,42.89,-78.812,Theft
249118,253218,3,42.847,-78.831,Assault
249121,253221,3,42.893,-78.823,Theft
249122,253222,3,42.858,-78.81,Theft of Vehicle
249139,253239,3,42.879,-78.836,Breaking & Entering
249141,253241,3,42.846,-78.82,Theft
249150,253250,3,42.87,-78.809,Theft
249156,253256,3,42.833,-78.817,Breaking & Entering
249168,253268,3,42.896,-78.823,Assault
249169,253269,3,42.852,-78.819,Theft
249170,253270,3,42.886,-78.805,Breaking & Entering
249175,253275,3,42.869,-78.831,Assault
249176,253276,3,42.858,-78.813,Theft
249192,253292,3,42.85,-78.803,Theft
249212,253312,3,42.87,-78.805,Assault
249222,253322,3,42.837,-78.821,Breaking & Entering
249226,253326,3,42.858,-78.826,Theft
249228,253328,3,42.895,-78.821,Theft
249234,253334,3,42.867,-78.851,Breaking & Entering
249237,253337,3,42.885,-78.804,Assault
249238,253338,3,42.899,-78.839,Assault
249239,253339,3,42.855,-78.806,Assault
249245,253345,3,42.888,-78.816,Assault
249248,253348,3,42.887,-78.805,Assault
249252,253352,3,42.898,-78.819,Theft
249253,253353,3,42.834,-78.824,Breaking & Entering
249256,253356,3,42.889,-78.808,Theft
249262,253362,3,42.88,-78.844,Theft
249263,253363,3,42.898,-78.84,Assault
249271,253371,3,42.844,-78.813,Theft
249279,253379,3,42.851,-78.827,Theft
249281,253381,3,42.89,-78.801,Assault
249285,253385,3,42.837,-78.809,Assault
249289,253389,3,42.891,-78.834,Theft of Vehicle
249298,253399,3,42.898,-78.814,Theft
249304,253405,3,42.853,-78.823,Theft
249305,253406,3,42.895,-78.829,Theft
249310,253412,3,42.87,-78.833,Assault
249312,253414,3,42.892,-78.827,Assault
249314,253416,3,42.88,-78.834,Breaking & Entering
249318,253421,3,42.852,-78.803,Assault
249333,253436,3,42.853,-78.81,Theft
249336,253439,3,42.875,-78.826,Theft
249337,253440,3,42.858,-78.819,Breaking & Entering
249342,253446,3,42.899,-78.838,Theft
249344,253448,3,42.894,-78.82,Assault
249355,253459,3,42.878,-78.802,Theft
249357,253461,3,42.871,-78.829,Theft
249358,253462,3,42.895,-78.835,Theft of Vehicle
249364,253468,3,42.868,-78.838,Theft
249366,253470,3,42.893,-78.839,Assault
249370,253474,3,42.893,-78.837,Assault
249372,253476,3,42.895,-78.832,Theft
249387,253491,3,42.86,-78.82,Theft
249390,253494,3,42.898,-78.814,Theft
249391,253495,3,42.893,-78.824,Other Sexual Offense
249392,253496,3,42.847,-78.831,Assault
249395,253499,3,42.879,-78.842,Theft
249401,253505,3,42.852,-78.817,Theft
249406,253510,3,42.893,-78.841,Theft
249408,253512,3,42.887,-78.847,Theft of Vehicle
249416,253520,3,42.836,-78.811,Theft
249435,253539,3,42.834,-78.813,Theft
249445,253551,3,42.872,-78.804,Theft
249450,253556,3,42.89,-78.836,Theft
249457,253563,3,42.87,-78.831,Assault
249469,253575,3,42.856,-78.81,Theft
249479,253587,3,42.893,-78.834,Homicide
249480,253588,3,42.858,-78.831,Theft
249495,253603,3,42.888,-78.838,Breaking & Entering
249503,253611,3,42.879,-78.839,Breaking & Entering
249512,253620,3,42.898,-78.831,Theft of Vehicle
249518,253626,3,42.854,-78.808,Theft
249536,253644,3,42.885,-78.807,Robbery
249540,253649,3,42.844,-78.825,Theft of Vehicle
249543,253652,3,42.898,-78.819,Breaking & Entering
249548,253658,3,42.871,-78.832,Robbery
249551,253661,3,42.838,-78.808,Theft
249553,253663,3,42.855,-78.833,Assault
249554,253664,3,42.896,-78.802,Other Sexual Offense
249560,253670,3,42.844,-78.824,Theft
249561,253671,3,42.868,-78.85,Breaking & Entering
249563,253673,3,42.885,-78.821,Theft
249580,253690,3,42.889,-78.843,Theft
249593,253703,3,42.894,-78.822,Breaking & Entering
249599,253709,3,42.861,-78.82,Breaking & Entering
249600,253710,3,42.879,-78.836,Breaking & Entering
249603,253713,3,42.851,-78.801,Theft
249604,253714,3,42.873,-78.842,Theft
249607,253717,3,42.836,-78.812,Breaking & Entering
249612,253722,3,42.858,-78.813,Theft
249613,253723,3,42.872,-78.844,Theft
249625,253735,3,42.872,-78.811,Theft
249631,253741,3,42.852,-78.821,Theft
249632,253742,3,42.837,-78.809,Assault
249654,253764,3,42.875,-78.851,Theft
249658,253768,3,42.846,-78.823,Theft of Vehicle
249659,253769,3,42.863,-78.821,Assault
249663,253773,3,42.839,-78.811,Theft
249672,253782,3,42.855,-78.817,Breaking & Entering
249673,253783,3,42.852,-78.825,Robbery
249694,253804,3,42.848,-78.824,Theft
249697,253807,3,42.895,-78.83,Theft of Vehicle
249701,253811,3,42.844,-78.829,Breaking & Entering
249702,253812,3,42.893,-78.837,Breaking & Entering
249707,253817,3,42.896,-78.82,Theft
249713,253823,3,42.893,-78.826,Breaking & Entering
249717,253828,3,42.839,-78.807,Breaking & Entering
249723,253834,3,42.848,-78.824,Theft
249733,253844,3,42.877,-78.804,Theft
249741,253852,3,42.892,-78.807,Theft
249743,253854,3,42.897,-78.818,Assault
249750,253861,3,42.85,-78.826,Breaking & Entering
249751,253862,3,42.856,-78.806,Assault
249753,253864,3,42.85,-78.803,Breaking & Entering
249754,253865,3,42.859,-78.825,Theft
249756,253867,3,42.838,-78.823,Assault
249759,253870,3,42.894,-78.836,Theft
249767,253878,3,42.853,-78.82,Breaking & Entering
249771,253882,3,42.856,-78.825,Theft
249787,253898,3,42.891,-78.816,Theft
249796,253907,3,42.897,-78.82,Assault
249797,253908,3,42.894,-78.822,Robbery
249802,253913,3,42.832,-78.811,Theft
249809,253920,3,42.86,-78.82,Theft
249820,253931,3,42.848,-78.824,Sexual Offense
249823,253934,3,42.833,-78.816,Theft
249825,253936,3,42.843,-78.824,Assault
249828,253939,3,42.873,-78.825,Theft
249836,253947,3,42.899,-78.84,Theft
249838,253949,3,42.854,-78.808,Assault
249844,253955,3,42.886,-78.82,Theft
249847,253958,3,42.852,-78.818,Theft
249848,253959,3,42.873,-78.824,Assault
249852,253963,3,42.873,-78.851,Theft
249853,253964,3,42.855,-78.8,Theft
249855,253966,3,42.896,-78.824,Assault
249861,253972,3,42.861,-78.817,Robbery
249866,253977,3,42.895,-78.807,Assault
249874,253985,3,42.893,-78.827,Assault
249875,253986,3,42.889,-78.808,Theft
249878,253989,3,42.869,-78.811,Breaking & Entering
249879,253990,3,42.867,-78.849,Breaking & Entering
249889,254000,3,42.842,-78.822,Robbery
249896,254007,3,42.895,-78.832,Breaking & Entering
249898,254009,3,42.889,-78.838,Assault
249900,254011,3,42.855,-78.82,Breaking & Entering
249904,254015,3,42.854,-78.82,Assault
249916,254027,3,42.857,-78.833,Breaking & Entering
249923,254035,3,42.891,-78.842,Robbery
249925,254037,3,42.869,-78.83,Assault
249933,254045,3,42.871,-78.829,Breaking & Entering
249937,254049,3,42.858,-78.813,Theft
249939,254051,3,42.882,-78.836,Breaking & Entering
249949,254061,3,42.896,-78.82,Assault
249950,254062,3,42.85,-78.805,Theft
249955,254067,3,42.847,-78.814,Theft
249966,254079,3,42.835,-78.814,Theft
249971,254084,3,42.85,-78.814,Theft
249974,254087,3,42.893,-78.83,Robbery
249979,254092,3,42.877,-78.811,Theft
249986,254099,3,42.874,-78.844,Theft
249991,254104,3,42.872,-78.811,Other Sexual Offense
250000,254113,3,42.867,-78.836,Theft
250005,254118,3,42.888,-78.815,Theft
250007,254120,3,42.867,-78.847,Robbery
250019,254132,3,42.851,-78.806,Theft
250022,254135,3,42.875,-78.81,Theft
250025,254138,3,42.852,-78.805,Theft
250033,254146,3,42.862,-78.818,Theft
250040,254153,3,42.895,-78.816,Breaking & Entering
250049,254162,3,42.896,-78.819,Breaking & Entering
250050,254163,3,42.87,-78.835,Breaking & Entering
250052,254165,3,42.835,-78.807,Theft
250060,254173,3,42.85,-78.824,Assault
250066,254179,3,42.89,-78.812,Assault
250083,254196,3,42.845,-78.827,Theft
250088,254201,3,42.891,-78.837,Breaking & Entering
250090,254203,3,42.839,-78.824,Theft
250092,254205,3,42.85,-78.801,Theft of Vehicle
250099,254212,3,42.872,-78.843,Breaking & Entering
250100,254213,3,42.898,-78.84,Assault
250101,254214,3,42.884,-78.839,Theft
250106,254219,3,42.896,-78.827,Assault
250107,254220,3,42.873,-78.806,Breaking & Entering
250109,254222,3,42.851,-78.806,Assault
250115,254228,3,42.858,-78.807,Assault
250117,254230,3,42.871,-78.834,Theft of Vehicle
250138,254252,3,42.899,-78.81,Theft
250143,254257,3,42.848,-78.812,Assault
250144,254258,3,42.873,-78.829,Theft
250163,254277,3,42.895,-78.841,Breaking & Entering
250178,254292,3,42.848,-78.808,Sexual Assault
250187,254301,3,42.871,-78.838,Assault
250189,254303,3,42.872,-78.807,Theft of Vehicle
250204,254318,3,42.847,-78.814,Theft
250223,254337,3,42.878,-78.846,Robbery
250224,254338,3,42.857,-78.816,Theft
250234,254349,3,42.859,-78.834,Theft
250245,254360,3,42.893,-78.837,Robbery
250249,254364,3,42.843,-78.824,Breaking & Entering
250266,254381,3,42.898,-78.815,Assault
250267,254382,3,42.846,-78.814,Theft
250272,254387,3,42.896,-78.824,Robbery
250284,254399,3,42.835,-78.817,Breaking & Entering
250288,254403,3,42.848,-78.828,Assault
250289,254404,3,42.873,-78.805,Theft
250297,254412,3,42.833,-78.822,Breaking & Entering
250303,254418,3,42.879,-78.802,Theft
250304,254419,3,42.854,-78.827,Theft
250312,254427,3,42.89,-78.84,Breaking & Entering
250314,254429,3,42.853,-78.831,Theft of Vehicle
250315,254430,3,42.835,-78.824,Breaking & Entering
250318,254433,3,42.893,-78.841,Theft
250326,254441,3,42.852,-78.804,Breaking & Entering
250331,254446,3,42.854,-78.828,Breaking & Entering
250335,254450,3,42.857,-78.823,Assault
250339,254454,3,42.89,-78.84,Breaking & Entering
250341,254456,3,42.858,-78.818,Robbery
250343,254458,3,42.891,-78.807,Theft
250353,254468,3,42.858,-78.823,Theft
250354,254469,3,42.89,-78.806,Theft
250356,254471,3,42.842,-78.82,Assault
250359,254474,3,42.893,-78.839,Theft
250361,254476,3,42.881,-78.85,Robbery
250370,254485,3,42.876,-78.83,Breaking & Entering
250371,254486,3,42.855,-78.831,Assault
250374,254489,3,42.887,-78.804,Assault
250382,254497,3,42.865,-78.828,Breaking & Entering
250386,254501,3,42.875,-78.851,Theft of Vehicle
250410,254525,3,42.853,-78.828,Breaking & Entering
250415,254530,3,42.885,-78.811,Robbery
250417,254532,3,42.848,-78.818,Other Sexual Offense
250433,254549,3,42.842,-78.822,Assault
250436,254552,3,42.858,-78.831,Theft
250443,254561,3,42.87,-78.846,Theft
250446,254564,3,42.851,-78.809,Robbery
250447,254565,3,42.87,-78.808,Breaking & Entering
250448,254566,3,42.87,-78.845,Assault
250458,254576,3,42.857,-78.814,Theft
250459,254577,3,42.841,-78.824,Theft
250465,254583,3,42.854,-78.808,Theft
250471,254589,3,42.869,-78.839,Assault
250485,254603,3,42.85,-78.826,Assault
250487,254605,3,42.878,-78.834,Theft
250491,254610,3,42.888,-78.808,Theft
250494,254614,3,42.851,-78.806,Breaking & Entering
250495,254615,3,42.894,-78.836,Breaking & Entering
250497,254617,3,42.872,-78.807,Assault
250498,254618,3,42.89,-78.842,Theft
250512,254632,3,42.858,-78.808,Theft
250515,254635,3,42.862,-78.819,Theft
250535,254655,3,42.842,-78.827,Assault
250538,254658,3,42.851,-78.816,Theft
250544,254664,3,42.837,-78.825,Assault
250551,254671,3,42.854,-78.821,Theft of Vehicle
250552,254672,3,42.892,-78.833,Theft of Vehicle
250555,254675,3,42.85,-78.803,Theft of Vehicle
250560,254680,3,42.84,-78.808,Sexual Assault
250563,254683,3,42.89,-78.806,Breaking & Entering
250568,254688,3,42.892,-78.835,Assault
250572,254692,3,42.856,-78.834,Robbery
250575,254695,3,42.896,-78.815,Theft
250585,254705,3,42.894,-78.826,Assault
250586,254706,3,42.881,-78.849,Robbery
250589,254709,3,42.894,-78.835,Robbery
250596,254717,3,42.841,-78.824,Theft
250606,254727,3,42.896,-78.809,Breaking & Entering
250616,254737,3,42.89,-78.808,Assault
250620,254741,3,42.858,-78.831,Theft
250634,254755,3,42.869,-78.848,Breaking & Entering
250635,254756,3,42.847,-78.838,Theft
250639,254760,3,42.89,-78.802,Assault
250640,254761,3,42.893,-78.836,Breaking & Entering
250652,254773,3,42.849,-78.803,Assault
250655,254776,3,42.862,-78.817,Theft of Vehicle
250666,254787,3,42.858,-78.831,Theft
250667,254788,3,42.899,-78.817,Assault
250671,254792,3,42.855,-78.832,Assault
250679,254800,3,42.854,-78.833,Theft
250683,254804,3,42.847,-78.814,Assault
250690,254811,3,42.852,-78.806,Robbery
250696,254818,3,42.869,-78.81,Assault
250701,254823,3,42.894,-78.809,Theft
250704,254826,3,42.896,-78.823,Theft
250726,254849,3,42.836,-78.809,Theft
250728,254851,3,42.842,-78.819,Theft
250740,254863,3,42.881,-78.831,Theft of Vehicle
250750,254873,3,42.878,-78.834,Breaking & Entering
250755,254878,3,42.882,-78.832,Breaking & Entering
250761,254884,3,42.89,-78.812,Assault
250771,254894,3,42.878,-78.835,Assault
250772,254895,3,42.854,-78.807,Theft
250780,254903,3,42.881,-78.833,Breaking & Entering
250781,254904,3,42.894,-78.841,Theft
250782,254905,3,42.898,-78.816,Breaking & Entering
250783,254906,3,42.855,-78.826,Breaking & Entering
250784,254907,3,42.869,-78.835,Assault
250785,254908,3,42.88,-78.802,Theft
250786,254909,3,42.897,-78.817,Robbery
250796,254919,3,42.876,-78.843,Assault
250802,254925,3,42.845,-78.823,Theft of Vehicle
250809,254932,3,42.879,-78.839,Breaking & Entering
250816,254939,3,42.874,-78.824,Breaking & Entering
250821,254944,3,42.86,-78.816,Theft
250825,254948,3,42.896,-78.837,Assault
250826,254949,3,42.853,-78.831,Assault
250837,254960,3,42.85,-78.803,Assault
250838,254961,3,42.881,-78.834,Theft of Vehicle
250839,254962,3,42.863,-78.815,Assault
250846,254969,3,42.895,-78.825,Assault
250853,254976,3,42.839,-78.809,Other Sexual Offense
250855,254978,3,42.893,-78.823,Homicide
250867,254990,3,42.889,-78.838,Assault
250871,254994,3,42.844,-78.825,Breaking & Entering
250873,254996,3,42.867,-78.823,Theft
250889,255012,3,42.869,-78.851,Assault
250907,255030,3,42.882,-78.849,Robbery
250920,255043,3,42.89,-78.837,Breaking & Entering
250935,255058,3,42.867,-78.847,Theft
250942,255065,3,42.888,-78.836,Assault
250968,255092,3,42.875,-78.829,Theft
250983,255108,3,42.852,-78.805,Theft
250984,255109,3,42.896,-78.816,Assault
250989,255114,3,42.886,-78.845,Theft
250993,255118,3,42.888,-78.809,Theft of Vehicle
250999,255124,3,42.883,-78.844,Theft
251000,255125,3,42.879,-78.842,Breaking & Entering
251013,255138,3,42.887,-78.837,Assault
251015,255140,3,42.889,-78.813,Theft
251016,255141,3,42.849,-78.827,Assault
251017,255142,3,42.853,-78.802,Breaking & Entering
251029,255154,3,42.891,-78.836,Breaking & Entering
251040,255165,3,42.842,-78.821,Breaking & Entering
251056,255181,3,42.877,-78.841,Theft
251060,255185,3,42.889,-78.816,Theft
251061,255186,3,42.898,-78.807,Theft
251062,255187,3,42.852,-78.822,Breaking & Entering
251064,255189,3,42.865,-78.806,Breaking & Entering
251073,255198,3,42.876,-78.827,Assault
251096,255221,3,42.839,-78.818,Breaking & Entering
251104,255229,3,42.898,-78.807,Theft
251117,255242,3,42.855,-78.82,Theft
251123,255249,3,42.853,-78.824,Theft
251125,255251,3,42.852,-78.826,Robbery
251126,255252,3,42.833,-78.819,Theft
251129,255255,3,42.86,-78.835,Assault
251139,255266,3,42.838,-78.808,Theft
251140,255267,3,42.892,-78.802,Assault
251147,255274,3,42.899,-78.818,Assault
251148,255275,3,42.856,-78.835,Assault
251160,255287,3,42.894,-78.837,Assault
251164,255291,3,42.87,-78.805,Theft
251165,255292,3,42.894,-78.83,Robbery
251173,255300,3,42.875,-78.827,Theft
251174,255301,3,42.883,-78.833,Theft
251179,255306,3,42.898,-78.836,Theft
251181,255308,3,42.867,-78.824,Theft
251184,255311,3,42.891,-78.841,Theft
251188,255315,3,42.858,-78.814,Theft
251196,255324,3,42.896,-78.818,Assault
251198,255326,3,42.89,-78.84,Theft
251200,255328,3,42.868,-78.809,Theft
251206,255335,3,42.898,-78.82,Assault
251210,255341,3,42.893,-78.819,Other Sexual Offense
251215,255346,3,42.898,-78.819,Homicide
251220,255351,3,42.891,-78.803,Assault
251224,255355,3,42.879,-78.834,Breaking & Entering
251227,255358,3,42.873,-78.841,Sexual Assault
251229,255360,3,42.885,-78.815,Robbery
251230,255361,3,42.849,-78.803,Breaking & Entering
251235,255366,3,42.862,-78.813,Breaking & Entering
251239,255371,3,42.896,-78.826,Breaking & Entering
251242,255374,3,42.897,-78.816,Theft
251250,255382,3,42.863,-78.821,Assault
251263,255395,3,42.842,-78.813,Theft
251273,255406,3,42.86,-78.812,Assault
251283,255416,3,42.892,-78.833,Theft
251287,255420,3,42.855,-78.821,Theft of Vehicle
251289,255422,3,42.89,-78.833,Theft
251292,255425,3,42.858,-78.809,Assault
251294,255427,3,42.862,-78.819,Assault
251300,255434,3,42.896,-78.82,Breaking & Entering
251303,255437,3,42.848,-78.812,Assault
251306,255440,3,42.891,-78.831,Robbery
251309,255443,3,42.872,-78.811,Assault
251313,255447,3,42.897,-78.819,Theft
251315,255449,3,42.848,-78.822,Assault
251319,255454,3,42.895,-78.827,Breaking & Entering
251320,255455,3,42.839,-78.817,Theft
251341,255476,3,42.894,-78.836,Robbery
251349,255484,3,42.899,-78.82,Assault
251353,255488,3,42.896,-78.816,Theft
251358,255493,3,42.845,-78.824,Theft
251359,255494,3,42.897,-78.817,Theft
251361,255496,3,42.892,-78.801,Theft
251364,255499,3,42.86,-78.825,Theft
251366,255501,3,42.895,-78.83,Theft
251367,255502,3,42.855,-78.824,Theft
251373,255508,3,42.847,-78.802,Other Sexual Offense
251375,255510,3,42.895,-78.806,Breaking & Entering
251380,255515,3,42.882,-78.845,Assault
251383,255518,3,42.856,-78.81,Theft
251385,255520,3,42.833,-78.821,Breaking & Entering
251391,255526,3,42.893,-78.839,Robbery
251397,255532,3,42.89,-78.811,Assault
251399,255534,3,42.843,-78.818,Theft
251409,255544,3,42.854,-78.833,Assault
251413,255548,3,42.887,-78.815,Theft
251439,255574,3,42.88,-78.834,Theft
251440,255575,3,42.897,-78.814,Theft
251442,255577,3,42.844,-78.828,Theft
251455,255590,3,42.886,-78.803,Breaking & Entering
251460,255595,3,42.896,-78.825,Theft of Vehicle
251473,255608,3,42.857,-78.859,Assault
251482,255617,3,42.852,-78.827,Assault
251485,255620,3,42.858,-78.831,Theft
251487,255622,3,42.863,-78.82,Theft of Vehicle
251490,255625,3,42.898,-78.807,Theft
251495,255630,3,42.841,-78.811,Theft of Vehicle
251513,255648,3,42.832,-78.815,Theft
251520,255655,3,42.896,-78.82,Theft
251523,255658,3,42.892,-78.842,Robbery
251524,255659,3,42.894,-78.821,Theft
251526,255661,3,42.86,-78.819,Theft
251536,255672,3,42.863,-78.813,Assault
251545,255681,3,42.869,-78.846,Theft
251546,255682,3,42.893,-78.839,Theft
251547,255683,3,42.857,-78.811,Breaking & Entering
251548,255684,3,42.896,-78.82,Theft
251549,255685,3,42.853,-78.817,Assault
251553,255689,3,42.883,-78.835,Theft
251572,255708,3,42.89,-78.808,Theft
251580,255716,3,42.849,-78.801,Theft
251582,255718,3,42.855,-78.832,Breaking & Entering
251597,255733,3,42.897,-78.837,Theft
251603,255739,3,42.845,-78.823,Theft
251605,255741,3,42.891,-78.833,Breaking & Entering
251607,255743,3,42.894,-78.821,Breaking & Entering
251610,255747,3,42.856,-78.833,Assault
251615,255752,3,42.85,-78.829,Breaking & Entering
251617,255754,3,42.879,-78.835,Assault
251621,255758,3,42.892,-78.839,Theft of Vehicle
251627,255764,3,42.896,-78.805,Robbery
251630,255767,3,42.873,-78.803,Theft
251642,255781,3,42.888,-78.807,Sexual Assault
251643,255782,3,42.862,-78.812,Breaking & Entering
251645,255784,3,42.847,-78.832,Theft of Vehicle
251646,255785,3,42.857,-78.829,Assault
251659,255799,3,42.852,-78.828,Theft
251661,255801,3,42.858,-78.811,Assault
251663,255803,3,42.893,-78.839,Theft
251672,255812,3,42.845,-78.824,Theft
251675,255815,3,42.892,-78.823,Breaking & Entering
251680,255820,3,42.893,-78.837,Robbery
251696,255836,3,42.885,-78.839,Assault
251701,255841,3,42.895,-78.82,Breaking & Entering
251703,255843,3,42.864,-78.844,Theft
251707,255847,3,42.826,-78.834,Theft
251708,255848,3,42.896,-78.82,Theft
251724,255864,3,42.889,-78.806,Theft
251740,255880,3,42.834,-78.811,Theft
251745,255885,3,42.859,-78.816,Theft of Vehicle
251754,255894,3,42.896,-78.806,Theft
251756,255897,3,42.858,-78.804,Theft
251767,255908,3,42.875,-78.833,Theft
251799,255940,3,42.887,-78.84,Theft
251808,255949,3,42.891,-78.825,Robbery
251813,255954,3,42.875,-78.843,Breaking & Entering
251821,255962,3,42.845,-78.826,Theft
251832,255973,3,42.856,-78.807,Breaking & Entering
251839,255980,3,42.877,-78.803,Theft of Vehicle
251840,255981,3,42.855,-78.816,Theft
251842,255983,3,42.878,-78.848,Breaking & Entering
251847,255988,3,42.835,-78.82,Robbery
251851,255992,3,42.848,-78.824,Assault
251854,255995,3,42.887,-78.81,Robbery
251865,256006,3,42.835,-78.813,Assault
251870,256011,3,42.89,-78.831,Robbery
251876,256017,3,42.89,-78.845,Breaking & Entering
251883,256024,3,42.897,-78.835,Robbery
251884,256025,3,42.889,-78.846,Assault
251886,256027,3,42.859,-78.826,Theft
251892,256033,3,42.856,-78.808,Assault
251896,256037,3,42.891,-78.832,Assault
251905,256046,3,42.852,-78.826,Assault
251915,256056,3,42.896,-78.824,Theft of Vehicle
251917,256058,3,42.874,-78.825,Theft
251925,256066,3,42.895,-78.83,Theft
251928,256069,3,42.872,-78.815,Assault
251945,256088,3,42.842,-78.808,Assault
251949,256092,3,42.897,-78.816,Robbery
251953,256096,3,42.848,-78.824,Breaking & Entering
251955,256098,3,42.893,-78.83,Breaking & Entering
251957,256100,3,42.878,-78.816,Assault
251959,256102,3,42.852,-78.823,Theft
251962,256105,3,42.89,-78.803,Theft
251971,256114,3,42.871,-78.831,Breaking & Entering
251976,256119,3,42.895,-78.821,Breaking & Entering
251978,256121,3,42.839,-78.824,Theft
251981,256124,3,42.846,-78.814,Assault
251983,256126,3,42.89,-78.808,Theft
251984,256127,3,42.894,-78.826,Theft
252000,256143,3,42.851,-78.823,Theft
252003,256146,3,42.896,-78.809,Theft
252004,256147,3,42.853,-78.831,Breaking & Entering
252011,256154,3,42.844,-78.826,Theft
252021,256164,3,42.894,-78.828,Assault
252023,256166,3,42.892,-78.814,Assault
252025,256168,3,42.87,-78.805,Assault
252027,256170,3,42.862,-78.82,Theft
252029,256172,3,42.889,-78.845,Theft
252033,256176,3,42.893,-78.831,Theft
252036,256179,3,42.843,-78.808,Breaking & Entering
252038,256181,3,42.898,-78.817,Breaking & Entering
252040,256183,3,42.871,-78.834,Other Sexual Offense
252045,256188,3,42.852,-78.826,Theft of Vehicle
252049,256192,3,42.888,-78.801,Assault
252056,256199,3,42.842,-78.827,Assault
252057,256200,3,42.872,-78.8,Theft
252062,256205,3,42.851,-78.832,Robbery
252068,256211,3,42.87,-78.845,Theft
252071,256214,3,42.892,-78.84,Breaking & Entering
252075,256218,3,42.837,-78.827,Breaking & Entering
252076,256219,3,42.897,-78.819,Breaking & Entering
252089,256232,3,42.895,-78.832,Theft
252090,256233,3,42.853,-78.808,Theft
252100,256243,3,42.869,-78.83,Assault
252105,256248,3,42.869,-78.83,Assault
252110,256253,3,42.859,-78.826,Breaking & Entering
252115,256258,3,42.872,-78.82,Assault
252120,256263,3,42.874,-78.808,Assault
252135,256278,3,42.896,-78.808,Theft
252147,256291,3,42.899,-78.818,Breaking & Entering
252150,256294,3,42.858,-78.831,Theft
252155,256299,3,42.884,-78.839,Theft
252163,256307,3,42.894,-78.803,Theft
252166,256310,3,42.862,-78.815,Breaking & Entering
252168,256312,3,42.865,-78.823,Theft of Vehicle
252169,256313,3,42.889,-78.808,Theft
252170,256314,3,42.836,-78.811,Theft
252187,256331,3,42.851,-78.824,Theft
252195,256339,3,42.857,-78.829,Robbery
252210,256354,3,42.851,-78.829,Theft
252218,256362,3,42.868,-78.809,Theft
252219,256363,3,42.892,-78.823,Theft of Vehicle
252229,256373,3,42.858,-78.831,Theft
252230,256374,3,42.896,-78.817,Other Sexual Offense
252232,256376,3,42.893,-78.841,Theft
252235,256379,3,42.889,-78.812,Assault
252238,256382,3,42.89,-78.806,Theft
252239,256383,3,42.889,-78.807,Assault
252254,256398,3,42.858,-78.825,Theft
252257,256401,3,42.872,-78.807,Theft
252260,256404,3,42.84,-78.801,Theft
252264,256408,3,42.871,-78.816,Theft
252265,256409,3,42.895,-78.819,Breaking & Entering
252266,256410,3,42.888,-78.839,Robbery
252268,256412,3,42.896,-78.825,Assault
252278,256422,3,42.893,-78.827,Assault
252280,256424,3,42.876,-78.83,Robbery
252282,256426,3,42.897,-78.841,Breaking & Entering
252284,256428,3,42.875,-78.802,Assault
252285,256429,3,42.898,-78.807,Theft
252301,256445,3,42.894,-78.823,Theft
252303,256447,3,42.893,-78.804,Robbery
252307,256451,3,42.892,-78.839,Breaking & Entering
252308,256452,3,42.885,-78.845,Theft
252310,256454,3,42.875,-78.827,Theft of Vehicle
252320,256464,3,42.888,-78.803,Sexual Assault
252327,256471,3,42.868,-78.846,Theft
252328,256472,3,42.871,-78.839,Robbery
252330,256474,3,42.881,-78.836,Assault
252331,256475,3,42.885,-78.84,Theft of Vehicle
252344,256488,3,42.851,-78.806,Theft
252348,256492,3,42.849,-78.819,Assault
252354,256498,3,42.876,-78.828,Theft
252357,256501,3,42.836,-78.824,Theft of Vehicle
252361,256505,3,42.894,-78.82,Theft of Vehicle
252369,256513,3,42.835,-78.818,Theft
252374,256518,3,42.887,-78.807,Theft
252386,256530,3,42.878,-78.835,Breaking & Entering
252400,256544,3,42.858,-78.831,Theft
252401,256545,3,42.856,-78.824,Theft
252406,256550,3,42.871,-78.816,Breaking & Entering
252410,256554,3,42.897,-78.818,Theft
252414,256558,3,42.854,-78.804,Theft of Vehicle
252416,256560,3,42.864,-78.816,Theft
252417,256561,3,42.895,-78.827,Theft of Vehicle
252425,256569,3,42.898,-78.814,Theft
252430,256574,3,42.893,-78.836,Breaking & Entering
252434,256578,3,42.897,-78.817,Breaking & Entering
252437,256581,3,42.897,-78.838,Theft of Vehicle
252442,256586,3,42.863,-78.815,Theft
252446,256590,3,42.88,-78.842,Theft
252459,256603,3,42.858,-78.813,Assault
252462,256606,3,42.848,-78.815,Theft of Vehicle
252466,256610,3,42.89,-78.804,Assault
252479,256623,3,42.874,-78.817,Assault
252481,256625,3,42.86,-78.81,Breaking & Entering
252486,256630,3,42.895,-78.836,Breaking & Entering
252492,256636,3,42.848,-78.817,Assault
252501,256645,3,42.844,-78.823,Theft
252505,256650,3,42.889,-78.81,Assault
252508,256653,3,42.835,-78.814,Theft
252527,256672,3,42.857,-78.829,Assault
252531,256676,3,42.832,-78.815,Theft
252532,256677,3,42.89,-78.832,Breaking & Entering
252534,256679,3,42.899,-78.816,Assault
252535,256680,3,42.892,-78.836,Theft
252539,256684,3,42.85,-78.803,Theft of Vehicle
252540,256685,3,42.868,-78.801,Theft
252545,256690,3,42.899,-78.836,Assault
252549,256694,3,42.848,-78.824,Robbery
252552,256697,3,42.893,-78.843,Robbery
252582,256729,3,42.894,-78.835,Theft
252585,256732,3,42.849,-78.825,Theft
252589,256736,3,42.867,-78.803,Assault
252599,256746,3,42.893,-78.838,Theft of Vehicle
252604,256751,3,42.876,-78.827,Assault
252605,256752,3,42.885,-78.807,Assault
252609,256756,3,42.898,-78.815,Breaking & Entering
252610,256757,3,42.866,-78.846,Breaking & Entering
252611,256758,3,42.851,-78.826,Theft
252617,256764,3,42.868,-78.808,Sexual Assault
252632,256779,3,42.86,-78.821,Theft
252634,256781,3,42.835,-78.819,Theft
252635,256782,3,42.842,-78.811,Breaking & Entering
252640,256787,3,42.856,-78.822,Theft
252641,256788,3,42.883,-78.832,Assault
252643,256790,3,42.854,-78.809,Breaking & Entering
252653,256800,3,42.894,-78.834,Theft
252659,256806,3,42.898,-78.82,Breaking & Entering
252668,256815,3,42.845,-78.824,Theft
252676,256823,3,42.882,-78.801,Theft
252698,256845,3,42.882,-78.84,Breaking & Entering
252710,256857,3,42.897,-78.816,Theft
252721,256868,3,42.894,-78.83,Theft
252733,256880,3,42.855,-78.809,Assault
252734,256881,3,42.838,-78.83,Theft
252736,256883,3,42.851,-78.825,Theft
252744,256891,3,42.888,-78.809,Breaking & Entering
252761,256908,3,42.897,-78.812,Assault
252774,256921,3,42.875,-78.843,Theft
252787,256934,3,42.896,-78.816,Assault
252789,256936,3,42.894,-78.827,Assault
252793,256940,3,42.897,-78.84,Theft
252813,256960,3,42.888,-78.807,Theft
252814,256961,3,42.868,-78.846,Breaking & Entering
252825,256973,3,42.897,-78.814,Theft
252828,256976,3,42.887,-78.816,Assault
252829,256977,3,42.845,-78.819,Theft
252831,256979,3,42.85,-78.815,Assault
252834,256982,3,42.856,-78.834,Theft
252844,256992,3,42.863,-78.821,Theft
252847,256995,3,42.853,-78.809,Theft
252851,256999,3,42.844,-78.827,Assault
252856,257004,3,42.897,-78.841,Robbery
252857,257005,3,42.859,-78.86,Assault
252870,257018,3,42.897,-78.838,Assault
252872,257020,3,42.898,-78.835,Theft
252878,257026,3,42.894,-78.841,Assault
252881,257029,3,42.853,-78.819,Theft of Vehicle
252895,257043,3,42.871,-78.849,Breaking & Entering
252904,257052,3,42.855,-78.828,Robbery
252911,257059,3,42.855,-78.809,Assault
252913,257061,3,42.856,-78.81,Assault
252929,257078,3,42.897,-78.817,Robbery
252943,257092,3,42.858,-78.823,Theft
252944,257093,3,42.851,-78.806,Breaking & Entering
252951,257101,3,42.854,-78.833,Assault
252960,257110,3,42.88,-78.834,Breaking & Entering
252964,257114,3,42.854,-78.811,Assault
252970,257120,3,42.873,-78.805,Breaking & Entering
252972,257122,3,42.885,-78.832,Theft
252973,257123,3,42.838,-78.81,Assault
252975,257125,3,42.897,-78.834,Assault
252978,257128,3,42.87,-78.836,Theft
252979,257129,3,42.857,-78.808,Assault
252984,257134,3,42.84,-78.853,Theft
252985,257135,3,42.896,-78.816,Assault
252992,257142,3,42.873,-78.81,Assault
252999,257149,3,42.878,-78.848,Assault
253011,257161,3,42.893,-78.837,Theft
253012,257162,3,42.85,-78.83,Theft
253022,257172,3,42.896,-78.817,Theft of Vehicle
253025,257175,3,42.875,-78.807,Theft
253029,257179,3,42.855,-78.806,Breaking & Entering
253030,257180,3,42.853,-78.803,Theft
253031,257181,3,42.844,-78.826,Theft
253032,257182,3,42.86,-78.805,Theft of Vehicle
253033,257183,3,42.834,-78.803,Theft
253037,257187,3,42.885,-78.806,Theft
253040,257190,3,42.89,-78.803,Theft
253044,257194,3,42.885,-78.803,Breaking & Entering
253047,257197,3,42.838,-78.804,Theft
253052,257202,3,42.883,-78.839,Assault
253055,257205,3,42.841,-78.824,Robbery
253056,257206,3,42.889,-78.838,Theft
253060,257210,3,42.885,-78.839,Theft of Vehicle
253066,257216,3,42.846,-78.823,Robbery
253067,257217,3,42.841,-78.824,Theft
253085,257235,3,42.879,-78.834,Breaking & Entering
253094,257244,3,42.878,-78.801,Robbery
253098,257248,3,42.86,-78.818,Theft
253114,257264,3,42.888,-78.814,Theft
253118,257268,3,42.853,-78.817,Theft of Vehicle
253119,257269,3,42.897,-78.838,Robbery
253130,257280,3,42.839,-78.826,Assault
253141,257292,3,42.883,-78.849,Assault
253147,257298,3,42.876,-78.85,Theft of Vehicle
253157,257308,3,42.838,-78.808,Theft
253162,257313,3,42.833,-78.824,Assault
253167,257318,3,42.879,-78.834,Theft of Vehicle
253171,257322,3,42.854,-78.809,Theft
253172,257323,3,42.887,-78.813,Theft of Vehicle
253173,257324,3,42.882,-78.848,Theft
253182,257333,3,42.875,-78.83,Theft of Vehicle
253187,257338,3,42.856,-78.818,Assault
253188,257339,3,42.887,-78.805,Robbery
253191,257342,3,42.876,-78.815,Assault
253208,257359,3,42.895,-78.809,Assault
253209,257360,3,42.896,-78.839,Assault
253237,257388,3,42.889,-78.813,Assault
253249,257400,3,42.882,-78.8,Assault
253259,257410,3,42.894,-78.821,Theft of Vehicle
253260,257411,3,42.893,-78.837,Theft
253264,257415,3,42.839,-78.818,Theft
253266,257417,3,42.897,-78.818,Assault
253270,257421,3,42.858,-78.831,Theft
253273,257424,3,42.873,-78.844,Assault
253274,257425,3,42.885,-78.807,Theft
253289,257440,3,42.885,-78.814,Breaking & Entering
253310,257462,3,42.871,-78.83,Theft
253312,257464,3,42.884,-78.834,Breaking & Entering
253319,257471,3,42.899,-78.823,Breaking & Entering
253324,257476,3,42.875,-78.805,Assault
253330,257482,3,42.856,-78.833,Assault
253338,257490,3,42.897,-78.824,Theft
253343,257495,3,42.894,-78.834,Assault
253351,257503,3,42.893,-78.83,Assault
253353,257505,3,42.857,-78.835,Theft
253360,257512,3,42.896,-78.816,Breaking & Entering
253379,257531,3,42.856,-78.808,Other Sexual Offense
253381,257533,3,42.886,-78.839,Assault
253382,257534,3,42.897,-78.818,Assault
253389,257541,3,42.834,-78.809,Breaking & Entering
253403,257555,3,42.851,-78.828,Breaking & Entering
253406,257558,3,42.857,-78.807,Theft
253413,257565,3,42.89,-78.806,Theft
253415,257567,3,42.887,-78.814,Breaking & Entering
253424,257576,3,42.896,-78.815,Theft of Vehicle
253428,257580,3,42.889,-78.839,Theft
253429,257581,3,42.857,-78.833,Breaking & Entering
253433,257585,3,42.858,-78.831,Theft
253437,257589,3,42.868,-78.81,Theft
253438,257590,3,42.879,-78.834,Theft
253439,257591,3,42.873,-78.851,Theft
253443,257595,3,42.87,-78.808,Theft
253445,257597,3,42.858,-78.831,Theft
253466,257619,3,42.845,-78.824,Theft
253467,257620,3,42.856,-78.818,Theft
253474,257627,3,42.896,-78.818,Assault
253478,257631,3,42.895,-78.833,Theft
253492,257646,3,42.884,-78.832,Assault
253542,257697,3,42.888,-78.806,Theft
253562,257717,3,42.889,-78.841,Breaking & Entering
253564,257719,3,42.888,-78.845,Assault
253572,257727,3,42.871,-78.804,Breaking & Entering
253574,257729,3,42.893,-78.833,Assault
253579,257734,3,42.898,-78.823,Robbery
253585,257740,3,42.856,-78.827,Robbery
253597,257752,3,42.857,-78.829,Theft
253603,257759,3,42.868,-78.846,Assault
253615,257771,3,42.894,-78.816,Breaking & Entering
253616,257772,3,42.85,-78.823,Assault
253619,257775,3,42.858,-78.831,Theft
253625,257781,3,42.842,-78.814,Theft
253631,257787,3,42.898,-78.837,Theft
253632,257788,3,42.862,-78.815,Theft
253634,257790,3,42.839,-78.824,Theft
253647,257803,3,42.887,-78.842,Assault
253649,257805,3,42.858,-78.825,Theft
253653,257809,3,42.889,-78.805,Theft
253663,257819,3,42.877,-78.83,Breaking & Entering
253669,257825,3,42.855,-78.806,Breaking & Entering
253673,257829,3,42.892,-78.805,Theft
253675,257831,3,42.866,-78.823,Theft of Vehicle
253677,257833,3,42.858,-78.813,Theft
253682,257839,3,42.851,-78.83,Theft
253709,257868,3,42.897,-78.823,Theft
253713,257872,3,42.89,-78.814,Assault
253724,257883,3,42.87,-78.849,Theft
253730,257889,3,42.896,-78.817,Assault
253735,257894,3,42.891,-78.808,Theft
253749,257908,3,42.899,-78.816,Assault
253751,257910,3,42.898,-78.838,Theft
253760,257919,3,42.896,-78.836,Theft
253767,257926,3,42.855,-78.81,Theft
253777,257936,3,42.842,-78.824,Theft
253782,257941,3,42.878,-78.842,Breaking & Entering
253789,257948,3,42.897,-78.825,Assault
253798,257958,3,42.896,-78.805,Theft
253807,257967,3,42.877,-78.847,Theft of Vehicle
253810,257970,3,42.896,-78.82,Assault
253811,257971,3,42.89,-78.806,Theft
253816,257977,3,42.895,-78.821,Theft
253822,257983,3,42.842,-78.822,Theft
253827,257988,3,42.884,-78.839,Theft
253834,257996,3,42.848,-78.824,Theft
253842,258004,3,42.898,-78.807,Theft
253843,258005,3,42.854,-78.812,Breaking & Entering
253861,258023,3,42.852,-78.832,Breaking & Entering
253863,258025,3,42.838,-78.808,Theft
253870,258032,3,42.849,-78.817,Breaking & Entering
253879,258041,3,42.851,-78.821,Theft
253890,258052,3,42.853,-78.827,Theft
253897,258060,3,42.851,-78.801,Theft
253907,258070,3,42.882,-78.832,Theft
253927,258090,3,42.889,-78.837,Breaking & Entering
253936,258099,3,42.896,-78.831,Other Sexual Offense
253937,258100,3,42.896,-78.817,Theft of Vehicle
253941,258104,3,42.857,-78.809,Theft
253956,258119,3,42.892,-78.838,Theft
253971,258135,3,42.885,-78.839,Robbery
253974,258138,3,42.894,-78.834,Theft
253978,258142,3,42.871,-78.804,Theft
253979,258143,3,42.882,-78.833,Theft
253985,258149,3,42.89,-78.844,Theft
253986,258150,3,42.893,-78.841,Theft
253999,258163,3,42.851,-78.811,Theft of Vehicle
254003,258167,3,42.897,-78.823,Breaking & Entering
254006,258170,3,42.876,-78.804,Theft
254014,258178,3,42.868,-78.849,Theft
254021,258185,3,42.859,-78.816,Theft
254027,258191,3,42.897,-78.819,Assault
254029,258193,3,42.878,-78.806,Theft
254054,258218,3,42.865,-78.825,Assault
254056,258220,3,42.895,-78.806,Assault
254059,258223,3,42.869,-78.83,Theft
254062,258226,3,42.885,-78.845,Breaking & Entering
254064,258228,3,42.857,-78.826,Breaking & Entering
254070,258234,3,42.868,-78.811,Breaking & Entering
254078,258242,3,42.878,-78.844,Theft of Vehicle
254092,258256,3,42.886,-78.803,Theft
254097,258261,3,42.857,-78.812,Theft
254109,258274,3,42.887,-78.815,Theft
254111,258276,3,42.885,-78.839,Assault
254120,258286,3,42.897,-78.816,Theft of Vehicle
254121,258287,3,42.889,-78.808,Theft
254134,258300,3,42.893,-78.833,Breaking & Entering
254138,258304,3,42.898,-78.815,Breaking & Entering
254149,258315,3,42.833,-78.824,Theft
254151,258317,3,42.871,-78.804,Breaking & Entering
254155,258321,3,42.869,-78.828,Sexual Assault
254158,258324,3,42.888,-78.805,Breaking & Entering
254160,258326,3,42.834,-78.815,Theft
254170,258336,3,42.886,-78.842,Assault
254181,258347,3,42.846,-78.823,Theft
254188,258354,3,42.856,-78.812,Theft
254196,258362,3,42.882,-78.849,Assault
254203,258369,3,42.899,-78.814,Theft
254208,258374,3,42.872,-78.82,Assault
254211,258377,3,42.844,-78.828,Assault
254213,258379,3,42.841,-78.824,Theft
254224,258390,3,42.889,-78.812,Theft
254230,258397,3,42.892,-78.805,Assault
254241,258408,3,42.89,-78.816,Assault
254244,258411,3,42.848,-78.815,Theft
254250,258417,3,42.833,-78.823,Breaking & Entering
254251,258418,3,42.896,-78.8,Theft
254261,258428,3,42.892,-78.831,Breaking & Entering
254263,258430,3,42.889,-78.812,Assault
254273,258440,3,42.87,-78.811,Breaking & Entering
254276,258443,3,42.838,-78.805,Theft
254279,258446,3,42.847,-78.824,Theft
254281,258448,3,42.847,-78.835,Assault
254282,258449,3,42.89,-78.8,Theft
254287,258454,3,42.837,-78.825,Theft
254295,258462,3,42.872,-78.811,Breaking & Entering
254298,258466,3,42.892,-78.844,Sexual Assault
254302,258470,3,42.893,-78.837,Assault
254309,258477,3,42.896,-78.82,Robbery
254311,258479,3,42.897,-78.832,Breaking & Entering
254313,258481,3,42.844,-78.828,Assault
254321,258489,3,42.871,-78.851,Theft of Vehicle
254330,258498,3,42.898,-78.839,Breaking & Entering
254332,258500,3,42.897,-78.817,Assault
254333,258501,3,42.869,-78.831,Other Sexual Offense
254334,258502,3,42.832,-78.815,Theft
254353,258521,3,42.866,-78.823,Theft of Vehicle
254356,258524,3,42.854,-78.814,Theft
254361,258529,3,42.877,-78.81,Theft
254366,258534,3,42.855,-78.827,Assault
254367,258535,3,42.848,-78.816,Assault
254372,258540,3,42.899,-78.81,Theft
254373,258541,3,42.898,-78.807,Theft
254379,258547,3,42.886,-78.8,Assault
254383,258551,3,42.896,-78.804,Breaking & Entering
254385,258553,3,42.871,-78.815,Theft
254390,258558,3,42.887,-78.807,Theft
254403,258571,3,42.835,-78.81,Robbery
254406,258574,3,42.879,-78.835,Assault
254410,258578,3,42.845,-78.812,Assault
254411,258579,3,42.897,-78.838,Assault
254412,258580,3,42.89,-78.815,Theft of Vehicle
254418,258586,3,42.89,-78.806,Assault
254425,258593,3,42.841,-78.824,Theft
254438,258606,3,42.841,-78.823,Robbery
254440,258608,3,42.848,-78.819,Breaking & Entering
254441,258609,3,42.86,-78.819,Theft
254443,258611,3,42.886,-78.805,Assault
254447,258615,3,42.838,-78.833,Theft
254456,258624,3,42.885,-78.84,Theft
254458,258626,3,42.853,-78.827,Breaking & Entering
254461,258629,3,42.853,-78.823,Theft of Vehicle
254472,258640,3,42.896,-78.824,Assault
254477,258645,3,42.874,-78.819,Breaking & Entering
254479,258647,3,42.885,-78.839,Theft of Vehicle
254480,258648,3,42.849,-78.816,Theft
254483,258651,3,42.892,-78.827,Breaking & Entering
254484,258652,3,42.899,-78.836,Assault
254488,258656,3,42.844,-78.828,Assault
254490,258658,3,42.886,-78.844,Assault
254491,258659,3,42.855,-78.807,Breaking & Entering
254498,258666,3,42.898,-78.803,Assault
254510,258678,3,42.854,-78.816,Theft
254513,258681,3,42.884,-78.833,Theft
254520,258688,3,42.874,-78.844,Breaking & Entering
254548,258716,3,42.874,-78.817,Breaking & Entering
254551,258719,3,42.851,-78.803,Theft
254553,258721,3,42.852,-78.819,Theft
254556,258724,3,42.88,-78.834,Theft of Vehicle
254560,258728,3,42.859,-78.825,Theft
254573,258741,3,42.894,-78.829,Theft
254576,258744,3,42.896,-78.82,Assault
254578,258746,3,42.892,-78.83,Assault
254581,258749,3,42.855,-78.812,Theft
254583,258751,3,42.898,-78.832,Breaking & Entering
254594,258762,3,42.844,-78.828,Breaking & Entering
254598,258766,3,42.857,-78.829,Robbery
254602,258770,3,42.87,-78.85,Breaking & Entering
254607,258775,3,42.847,-78.82,Theft
254621,258789,3,42.893,-78.808,Breaking & Entering
254631,258799,3,42.868,-78.848,Theft
254651,258819,3,42.857,-78.812,Theft
254654,258822,3,42.889,-78.845,Assault
254657,258825,3,42.858,-78.818,Assault
254660,258828,3,42.873,-78.852,Breaking & Entering
254663,258831,3,42.88,-78.834,Theft
254670,258838,3,42.899,-78.84,Theft
254672,258840,3,42.894,-78.834,Theft
254674,258842,3,42.848,-78.824,Theft
254681,258849,3,42.862,-78.813,Theft
254683,258851,3,42.855,-78.81,Theft
254684,258852,3,42.878,-78.836,Assault
254688,258856,3,42.892,-78.839,Breaking & Entering
254690,258858,3,42.882,-78.835,Theft
254691,258859,3,42.889,-78.816,Theft
254699,258867,3,42.895,-78.827,Breaking & Entering
254703,258871,3,42.896,-78.809,Theft
254709,258878,3,42.847,-78.825,Theft
254712,258881,3,42.843,-78.828,Theft
254714,258883,3,42.851,-78.803,Breaking & Entering
254722,258891,3,42.855,-78.83,Breaking & Entering
254730,258900,3,42.898,-78.831,Theft
254735,258905,3,42.861,-78.812,Assault
254745,258915,3,42.852,-78.803,Theft
254754,258924,3,42.896,-78.815,Theft
254757,258927,3,42.859,-78.832,Assault
254758,258928,3,42.86,-78.826,Theft
254767,258937,3,42.89,-78.814,Robbery
254775,258945,3,42.893,-78.831,Assault
254776,258946,3,42.886,-78.842,Theft
254778,258948,3,42.839,-78.824,Theft
254779,258949,3,42.867,-78.857,Theft
254800,258970,3,42.888,-78.837,Theft
254806,258977,3,42.869,-78.801,Breaking & Entering
254809,258980,3,42.873,-78.802,Sexual Assault
254810,258981,3,42.892,-78.804,Theft
254813,258984,3,42.858,-78.831,Theft
254835,259007,3,42.847,-78.833,Theft
254836,259008,3,42.856,-78.824,Theft
254843,259015,3,42.897,-78.82,Breaking & Entering
254846,259018,3,42.892,-78.827,Homicide
254865,259038,3,42.858,-78.821,Theft
254870,259043,3,42.851,-78.812,Theft
254875,259048,3,42.856,-78.833,Theft
254877,259050,3,42.88,-78.841,Theft
254881,259054,3,42.873,-78.811,Theft of Vehicle
254886,259060,3,42.866,-78.821,Assault
254889,259063,3,42.894,-78.835,Robbery
254900,259074,3,42.848,-78.822,Breaking & Entering
254901,259075,3,42.899,-78.831,Assault
254906,259080,3,42.899,-78.817,Assault
254908,259082,3,42.853,-78.828,Assault
254914,259088,3,42.896,-78.822,Robbery
254917,259091,3,42.897,-78.837,Theft of Vehicle
254922,259096,3,42.88,-78.841,Assault
254923,259097,3,42.88,-78.814,Theft of Vehicle
254924,259098,3,42.877,-78.811,Theft of Vehicle
254930,259104,3,42.898,-78.817,Breaking & Entering
254936,259110,3,42.863,-78.819,Breaking & Entering
254942,259116,3,42.857,-78.811,Assault
254950,259124,3,42.873,-78.802,Assault
254954,259128,3,42.895,-78.836,Breaking & Entering
254961,259136,3,42.889,-78.808,Theft
254969,259144,3,42.858,-78.823,Theft
254973,259148,3,42.899,-78.814,Theft
254985,259160,3,42.859,-78.814,Theft
254993,259168,3,42.89,-78.811,Breaking & Entering
255003,259178,3,42.895,-78.82,Theft
255023,259198,3,42.873,-78.814,Theft of Vehicle
255038,259214,3,42.899,-78.831,Breaking & Entering
255042,259218,3,42.87,-78.847,Assault
255050,259226,3,42.883,-78.845,Assault
255068,259244,3,42.852,-78.808,Theft
255074,259250,3,42.868,-78.846,Theft of Vehicle
255075,259251,3,42.892,-78.834,Breaking & Entering
255077,259253,3,42.896,-78.817,Theft
255093,259269,3,42.87,-78.848,Breaking & Entering
255096,259272,3,42.892,-78.84,Assault
255098,259274,3,42.878,-78.808,Theft
255107,259283,3,42.844,-78.829,Theft
255109,259285,3,42.845,-78.824,Theft
255113,259289,3,42.882,-78.841,Breaking & Entering
255116,259292,3,42.893,-78.839,Breaking & Entering
255117,259293,3,42.896,-78.821,Assault
255127,259303,3,42.856,-78.816,Theft of Vehicle
255134,259310,3,42.888,-78.815,Theft
255142,259318,3,42.893,-78.839,Theft
255144,259320,3,42.889,-78.836,Assault
255152,259328,3,42.89,-78.814,Sexual Assault
255163,259339,3,42.895,-78.829,Theft of Vehicle
255177,259353,3,42.872,-78.814,Breaking & Entering
255182,259359,3,42.848,-78.812,Assault
255185,259362,3,42.849,-78.811,Theft
255187,259364,3,42.881,-78.831,Theft of Vehicle
255206,259383,3,42.877,-78.81,Theft
255211,259388,3,42.896,-78.807,Assault
255212,259389,3,42.874,-78.817,Assault
255237,259414,3,42.852,-78.828,Theft
255249,259426,3,42.857,-78.807,Breaking & Entering
255259,259436,3,42.882,-78.84,Assault
255262,259439,3,42.894,-78.807,Breaking & Entering
255264,259441,3,42.895,-78.807,Breaking & Entering
255265,259442,3,42.896,-78.824,Theft
255272,259449,3,42.896,-78.83,Assault
255274,259451,3,42.868,-78.807,Robbery
255275,259452,3,42.861,-78.815,Theft
255279,259456,3,42.896,-78.824,Assault
255289,259466,3,42.853,-78.828,Theft
255291,259468,3,42.881,-78.84,Breaking & Entering
255292,259469,3,42.851,-78.817,Assault
255303,259480,3,42.888,-78.845,Breaking & Entering
255319,259497,3,42.857,-78.828,Assault
255321,259499,3,42.871,-78.834,Theft
255323,259501,3,42.848,-78.812,Sexual Assault
255337,259516,3,42.875,-78.804,Assault
255339,259518,3,42.887,-78.836,Assault
255352,259531,3,42.852,-78.829,Breaking & Entering
255356,259535,3,42.894,-78.828,Theft
255357,259536,3,42.855,-78.825,Theft
255361,259540,3,42.87,-78.806,Assault
255371,259550,3,42.873,-78.806,Assault
255376,259555,3,42.851,-78.805,Breaking & Entering
255378,259557,3,42.879,-78.842,Theft
255385,259564,3,42.896,-78.815,Theft
255389,259568,3,42.897,-78.804,Assault
255392,259571,3,42.871,-78.813,Assault
255395,259574,3,42.889,-78.807,Theft
255408,259587,3,42.87,-78.845,Breaking & Entering
255415,259594,3,42.878,-78.801,Theft
255416,259595,3,42.892,-78.839,Theft
255420,259599,3,42.897,-78.814,Theft
255425,259604,3,42.891,-78.803,Breaking & Entering
255426,259605,3,42.886,-78.844,Assault
255429,259608,3,42.858,-78.831,Theft
255430,259609,3,42.877,-78.829,Assault
255435,259614,3,42.84,-78.823,Breaking & Entering
255441,259621,3,42.849,-78.802,Breaking & Entering
255455,259635,3,42.897,-78.822,Breaking & Entering
255461,259641,3,42.851,-78.809,Robbery
255463,259643,3,42.857,-78.812,Assault
255474,259654,3,42.844,-78.823,Theft
255486,259666,3,42.853,-78.828,Theft
255492,259673,3,42.851,-78.827,Theft
255504,259685,3,42.847,-78.813,Theft
255507,259688,3,42.852,-78.819,Theft
255514,259696,3,42.863,-78.819,Assault
255527,259709,3,42.873,-78.806,Robbery
255529,259711,3,42.853,-78.814,Assault
255531,259713,3,42.892,-78.806,Other Sexual Offense
255534,259716,3,42.849,-78.813,Theft
255539,259721,3,42.895,-78.828,Robbery
255541,259723,3,42.897,-78.819,Robbery
255543,259725,3,42.889,-78.836,Breaking & Entering
255544,259726,3,42.894,-78.834,Theft
255550,259732,3,42.876,-78.85,Theft of Vehicle
255551,259733,3,42.874,-78.848,Theft
255558,259740,3,42.899,-78.836,Breaking & Entering
255559,259741,3,42.867,-78.809,Theft
255562,259744,3,42.851,-78.817,Assault
255563,259745,3,42.896,-78.821,Robbery
255572,259754,3,42.858,-78.815,Theft
255576,259758,3,42.848,-78.812,Theft
255583,259765,3,42.87,-78.848,Theft
255585,259767,3,42.895,-78.83,Assault
255587,259769,3,42.889,-78.808,Theft
255595,259777,3,42.872,-78.844,Assault
255601,259783,3,42.835,-78.809,Theft
255608,259790,3,42.892,-78.833,Theft
255609,259791,3,42.885,-78.811,Breaking & Entering
255612,259794,3,42.89,-78.837,Theft
255616,259798,3,42.857,-78.819,Assault
255620,259802,3,42.872,-78.802,Theft
255624,259806,3,42.879,-78.834,Theft
255625,259807,3,42.858,-78.808,Assault
255629,259811,3,42.855,-78.824,Theft
255645,259827,3,42.878,-78.835,Theft
255650,259832,3,42.862,-78.818,Theft
255655,259837,3,42.878,-78.836,Assault
255661,259844,3,42.872,-78.813,Breaking & Entering
255663,259846,3,42.897,-78.826,Theft
255666,259849,3,42.893,-78.837,Theft
255668,259851,3,42.883,-78.849,Breaking & Entering
255669,259852,3,42.871,-78.834,Theft
255696,259879,3,42.87,-78.832,Assault
255704,259887,3,42.845,-78.823,Assault
255713,259896,3,42.893,-78.837,Theft
255724,259907,3,42.858,-78.83,Theft
255728,259911,3,42.897,-78.817,Theft
255733,259916,3,42.881,-78.843,Theft
255735,259918,3,42.855,-78.809,Breaking & Entering
255738,259921,3,42.857,-78.806,Theft
255739,259922,3,42.845,-78.824,Robbery
255742,259925,3,42.857,-78.819,Theft
255746,259929,3,42.874,-78.804,Theft
255751,259934,3,42.895,-78.83,Other Sexual Offense
255762,259945,3,42.844,-78.816,Breaking & Entering
255774,259958,3,42.876,-78.827,Assault
255777,259961,3,42.892,-78.825,Theft
255779,259963,3,42.888,-78.837,Assault
255780,259964,3,42.852,-78.825,Theft
255784,259968,3,42.848,-78.823,Breaking & Entering
255789,259973,3,42.893,-78.822,Theft of Vehicle
255792,259976,3,42.894,-78.806,Breaking & Entering
255799,259983,3,42.878,-78.801,Assault
255800,259984,3,42.894,-78.843,Assault
255812,259996,3,42.897,-78.834,Theft of Vehicle
255842,260026,3,42.891,-78.834,Assault
255843,260027,3,42.896,-78.825,Breaking & Entering
255845,260029,3,42.854,-78.807,Theft
255851,260035,3,42.89,-78.808,Assault
255854,260038,3,42.852,-78.822,Theft
255870,260054,3,42.844,-78.823,Theft
255896,260080,3,42.872,-78.836,Theft
255899,260083,3,42.897,-78.835,Breaking & Entering
255900,260084,3,42.89,-78.81,Theft
255902,260086,3,42.858,-78.813,Other Sexual Offense
255904,260088,3,42.856,-78.81,Assault
255909,260093,3,42.852,-78.801,Assault
255910,260094,3,42.897,-78.83,Theft
255915,260099,3,42.851,-78.802,Theft
255918,260102,3,42.885,-78.839,Assault
255931,260115,3,42.89,-78.84,Theft of Vehicle
255934,260118,3,42.862,-78.802,Assault
255935,260119,3,42.899,-78.837,Theft
255949,260133,3,42.837,-78.82,Assault
255957,260141,3,42.837,-78.826,Breaking & Entering
255965,260149,3,42.868,-78.801,Theft
255974,260158,3,42.894,-78.835,Theft
255977,260161,3,42.858,-78.831,Theft
255980,260164,3,42.894,-78.831,Breaking & Entering
255981,260165,3,42.893,-78.824,Theft
255988,260172,3,42.849,-78.827,Theft
255995,260179,3,42.892,-78.807,Theft
255997,260181,3,42.852,-78.814,Assault
256004,260188,3,42.886,-78.8,Theft
256008,260192,3,42.897,-78.814,Theft of Vehicle
256011,260195,3,42.889,-78.808,Robbery
256021,260205,3,42.89,-78.802,Theft
256025,260209,3,42.893,-78.827,Theft
256029,260213,3,42.895,-78.826,Robbery
256043,260227,3,42.891,-78.835,Theft
256047,260231,3,42.874,-78.807,Breaking & Entering
256055,260239,3,42.893,-78.839,Theft of Vehicle
256063,260247,3,42.859,-78.826,Theft
256067,260251,3,42.851,-78.829,Breaking & Entering
256072,260257,3,42.896,-78.82,Assault
256075,260260,3,42.856,-78.832,Breaking & Entering
256079,260264,3,42.856,-78.821,Assault
256089,260276,3,42.869,-78.808,Theft
256093,260280,3,42.896,-78.804,Assault
256101,260288,3,42.894,-78.836,Breaking & Entering
256119,260306,3,42.872,-78.844,Breaking & Entering
256130,260317,3,42.897,-78.817,Theft
256137,260324,3,42.878,-78.8,Assault
256138,260325,3,42.899,-78.82,Theft of Vehicle
256142,260329,3,42.869,-78.811,Breaking & Entering
256145,260332,3,42.847,-78.832,Assault
256146,260333,3,42.888,-78.802,Theft
256156,260343,3,42.897,-78.823,Assault
256160,260347,3,42.856,-78.805,Assault
256163,260350,3,42.871,-78.8,Theft
256164,260351,3,42.895,-78.835,Breaking & Entering
256168,260355,3,42.834,-78.812,Theft of Vehicle
256173,260360,3,42.897,-78.818,Breaking & Entering
256178,260365,3,42.897,-78.84,Assault
256181,260368,3,42.858,-78.831,Theft
256186,260373,3,42.887,-78.802,Breaking & Entering
256191,260378,3,42.872,-78.816,Assault
256194,260381,3,42.884,-78.829,Theft
256196,260383,3,42.854,-78.832,Assault
256197,260384,3,42.89,-78.845,Theft
256214,260401,3,42.878,-78.816,Robbery
256220,260407,3,42.853,-78.823,Breaking & Entering
256223,260410,3,42.886,-78.839,Theft
256224,260411,3,42.893,-78.837,Breaking & Entering
256230,260417,3,42.872,-78.805,Assault
256233,260420,3,42.858,-78.807,Theft
256243,260430,3,42.894,-78.834,Theft
256250,260437,3,42.895,-78.838,Breaking & Entering
256254,260441,3,42.892,-78.838,Theft
256257,260445,3,42.87,-78.806,Theft
256269,260457,3,42.836,-78.82,Theft
256284,260472,3,42.894,-78.822,Assault
256285,260473,3,42.896,-78.823,Robbery
256294,260482,3,42.895,-78.818,Breaking & Entering
256298,260486,3,42.895,-78.83,Assault
256299,260487,3,42.882,-78.8,Theft of Vehicle
256305,260493,3,42.875,-78.804,Breaking & Entering
256306,260494,3,42.856,-78.824,Theft
256308,260496,3,42.894,-78.821,Assault
256310,260498,3,42.879,-78.832,Theft
256328,260517,3,42.893,-78.83,Theft
256331,260521,3,42.872,-78.812,Assault
256336,260526,3,42.838,-78.808,Theft
256343,260533,3,42.898,-78.818,Breaking & Entering
256347,260537,3,42.899,-78.82,Assault
256350,260541,3,42.898,-78.814,Theft
256352,260543,3,42.889,-78.836,Assault
256354,260545,3,42.888,-78.804,Breaking & Entering
256358,260549,3,42.896,-78.822,Assault
256363,260554,3,42.858,-78.827,Theft
256380,260572,3,42.834,-78.812,Theft
256390,260582,3,42.856,-78.832,Assault
256391,260583,3,42.897,-78.818,Theft
256392,260584,3,42.856,-78.807,Assault
256402,260594,3,42.879,-78.833,Theft
256410,260602,3,42.862,-78.813,Assault
256415,260607,3,42.888,-78.816,Breaking & Entering
256424,260616,3,42.855,-78.808,Theft
256427,260619,3,42.868,-78.837,Assault
256428,260620,3,42.896,-78.824,Theft of Vehicle
256435,260627,3,42.837,-78.816,Theft
256439,260631,3,42.871,-78.851,Robbery
256440,260632,3,42.888,-78.801,Assault
256442,260634,3,42.839,-78.817,Theft of Vehicle
256445,260637,3,42.877,-78.847,Robbery
256448,260640,3,42.857,-78.832,Breaking & Entering
256454,260646,3,42.843,-78.824,Theft
256464,260656,3,42.868,-78.81,Assault
256466,260658,3,42.889,-78.8,Theft
256468,260660,3,42.894,-78.82,Robbery
256470,260662,3,42.845,-78.82,Theft
256472,260664,3,42.844,-78.819,Theft
256473,260665,3,42.85,-78.831,Theft of Vehicle
256478,260670,3,42.85,-78.815,Theft
256480,260672,3,42.896,-78.832,Assault
256489,260682,3,42.869,-78.847,Assault
256501,260694,3,42.859,-78.828,Theft
256510,260703,3,42.834,-78.824,Theft
256516,260709,3,42.848,-78.824,Theft
256517,260710,3,42.855,-78.827,Assault
256519,260712,3,42.858,-78.806,Theft of Vehicle
256544,260738,3,42.863,-78.802,Theft
256547,260741,3,42.897,-78.837,Theft
256552,260747,3,42.89,-78.833,Breaking & Entering
256556,260751,3,42.845,-78.824,Theft of Vehicle
256566,260761,3,42.889,-78.808,Assault
256567,260762,3,42.866,-78.829,Theft of Vehicle
256568,260763,3,42.856,-78.828,Breaking & Entering
256570,260765,3,42.89,-78.811,Theft
256576,260771,3,42.864,-78.821,Theft
256578,260773,3,42.897,-78.817,Robbery
256585,260780,3,42.856,-78.809,Assault
256587,260782,3,42.884,-78.84,Theft
256597,260792,3,42.852,-78.825,Breaking & Entering
256618,260814,3,42.868,-78.837,Assault
256621,260817,3,42.899,-78.817,Theft of Vehicle
256627,260823,3,42.853,-78.824,Assault
256630,260826,3,42.893,-78.843,Theft
256631,260827,3,42.859,-78.814,Theft
256640,260836,3,42.893,-78.807,Theft
256649,260845,3,42.834,-78.824,Theft
256651,260847,3,42.886,-78.807,Theft
256653,260849,3,42.889,-78.811,Breaking & Entering
256655,260852,3,42.839,-78.822,Theft
256658,260855,3,42.845,-78.823,Theft of Vehicle
256668,260865,3,42.89,-78.81,Breaking & Entering
256669,260866,3,42.852,-78.818,Theft
256673,260870,3,42.885,-78.839,Assault
256689,260886,3,42.893,-78.841,Theft
256695,260893,3,42.896,-78.835,Robbery
256701,260899,3,42.895,-78.823,Breaking & Entering
256710,260908,3,42.836,-78.822,Theft
256713,260911,3,42.851,-78.822,Theft
256719,260917,3,42.857,-78.826,Theft of Vehicle
256727,260925,3,42.896,-78.82,Theft of Vehicle
256730,260928,3,42.895,-78.827,Robbery
256731,260929,3,42.835,-78.823,Assault
256736,260934,3,42.896,-78.8,Breaking & Entering
256743,260941,3,42.857,-78.808,Theft
256750,260948,3,42.848,-78.812,Assault
256766,260964,3,42.852,-78.826,Breaking & Entering
256767,260965,3,42.847,-78.824,Theft
256768,260966,3,42.885,-78.84,Assault
256774,260972,3,42.879,-78.835,Theft
256775,260973,3,42.859,-78.826,Breaking & Entering
256781,260979,3,42.896,-78.836,Assault
256783,260981,3,42.894,-78.82,Theft of Vehicle
256785,260983,3,42.855,-78.809,Theft
256794,260992,3,42.888,-78.836,Breaking & Entering
256795,260993,3,42.87,-78.834,Assault
256798,260996,3,42.873,-78.802,Homicide
256800,260999,3,42.859,-78.816,Assault
256801,261000,3,42.846,-78.802,Breaking & Entering
256803,261002,3,42.845,-78.819,Assault
256807,261006,3,42.879,-78.814,Assault
256808,261007,3,42.853,-78.824,Assault
256813,261012,3,42.872,-78.81,Theft
256820,261019,3,42.884,-78.833,Theft
256835,261034,3,42.898,-78.834,Assault
256841,261040,3,42.895,-78.826,Other Sexual Offense
256842,261041,3,42.895,-78.824,Assault
256849,261049,3,42.85,-78.803,Theft
256855,261055,3,42.873,-78.811,Theft
256864,261064,3,42.858,-78.811,Assault
256870,261070,3,42.882,-78.849,Theft
256873,261073,3,42.893,-78.806,Assault
256891,261091,3,42.89,-78.812,Theft
256894,261094,3,42.899,-78.81,Theft
256899,261099,3,42.876,-78.827,Theft
256910,261110,3,42.893,-78.803,Theft
256912,261112,3,42.891,-78.832,Theft of Vehicle
256918,261118,3,42.84,-78.802,Breaking & Entering
256927,261127,3,42.891,-78.831,Assault
256933,261133,3,42.834,-78.816,Assault
256955,261155,3,42.869,-78.831,Assault
256967,261167,3,42.856,-78.818,Assault
256975,261175,3,42.846,-78.802,Theft
256977,261177,3,42.886,-78.802,Theft
256978,261178,3,42.872,-78.827,Theft
256984,261184,3,42.857,-78.829,Assault
256989,261189,3,42.892,-78.837,Robbery
256990,261190,3,42.868,-78.807,Assault
256993,261193,3,42.887,-78.837,Robbery
256996,261196,3,42.872,-78.853,Theft of Vehicle
257010,261210,3,42.893,-78.826,Theft
257012,261212,3,42.847,-78.832,Theft
257017,261217,3,42.872,-78.836,Theft
257030,261231,3,42.897,-78.808,Theft of Vehicle
257032,261233,3,42.897,-78.814,Assault
257040,261241,3,42.883,-78.844,Theft
257043,261244,3,42.89,-78.804,Assault
257045,261246,3,42.873,-78.804,Assault
257046,261247,3,42.891,-78.837,Theft
257050,261251,3,42.859,-78.815,Theft
257053,261254,3,42.892,-78.83,Breaking & Entering
257054,261255,3,42.856,-78.821,Theft of Vehicle
257068,261269,3,42.86,-78.816,Assault
257075,261276,3,42.847,-78.815,Theft of Vehicle
257079,261280,3,42.851,-78.831,Theft
257085,261286,3,42.834,-78.824,Robbery
257089,261290,3,42.886,-78.802,Theft of Vehicle
257096,261297,3,42.897,-78.806,Breaking & Entering
257099,261300,3,42.87,-78.834,Assault
257101,261302,3,42.833,-78.824,Theft
257102,261303,3,42.877,-78.829,Theft
257109,261311,3,42.895,-78.827,Assault
257111,261313,3,42.861,-78.821,Theft of Vehicle
257114,261316,3,42.872,-78.812,Theft of Vehicle
257115,261317,3,42.889,-78.814,Assault
257121,261323,3,42.87,-78.832,Theft of Vehicle
257123,261325,3,42.849,-78.814,Theft
257128,261330,3,42.854,-78.833,Robbery
257135,261337,3,42.893,-78.837,Theft
257146,261348,3,42.856,-78.824,Robbery
257152,261354,3,42.867,-78.833,Breaking & Entering
257153,261355,3,42.848,-78.824,Sexual Assault
257154,261356,3,42.891,-78.803,Assault
257161,261363,3,42.842,-78.824,Assault
257166,261368,3,42.856,-78.826,Breaking & Entering
257174,261376,3,42.846,-78.825,Breaking & Entering
257175,261377,3,42.854,-78.808,Theft
257178,261380,3,42.882,-78.802,Theft
257182,261384,3,42.86,-78.814,Assault
257192,261394,3,42.86,-78.825,Theft
257200,261403,3,42.894,-78.835,Theft of Vehicle
257204,261407,3,42.844,-78.825,Theft
257206,261409,3,42.894,-78.841,Breaking & Entering
257230,261433,3,42.898,-78.818,Breaking & Entering
257235,261438,3,42.896,-78.814,Theft
257240,261443,3,42.872,-78.82,Theft
257241,261444,3,42.882,-78.84,Assault
257245,261448,3,42.897,-78.819,Theft of Vehicle
257246,261449,3,42.869,-78.804,Theft
257257,261460,3,42.875,-78.829,Breaking & Entering
257269,261472,3,42.836,-78.824,Theft
257275,261478,3,42.895,-78.835,Assault
257281,261484,3,42.859,-78.811,Robbery
257284,261487,3,42.86,-78.826,Theft of Vehicle
257289,261492,3,42.852,-78.823,Breaking & Entering
257296,261499,3,42.86,-78.825,Theft
257301,261504,3,42.887,-78.81,Breaking & Entering
257303,261506,3,42.859,-78.816,Breaking & Entering
257315,261518,3,42.84,-78.824,Theft
257319,261522,3,42.868,-78.802,Theft of Vehicle
257322,261525,3,42.896,-78.816,Theft
257324,261527,3,42.849,-78.803,Theft of Vehicle
257327,261530,3,42.879,-78.802,Theft
257339,261542,3,42.896,-78.822,Assault
257340,261543,3,42.855,-78.825,Breaking & Entering
257342,261545,3,42.867,-78.847,Theft
257347,261550,3,42.896,-78.827,Other Sexual Offense
257348,261551,3,42.878,-78.801,Theft
257350,261553,3,42.889,-78.844,Assault
257361,261564,3,42.897,-78.832,Theft
257364,261567,3,42.853,-78.811,Theft
257366,261569,3,42.851,-78.821,Theft
257367,261570,3,42.888,-78.809,Breaking & Entering
257373,261576,3,42.893,-78.803,Theft
257375,261578,3,42.858,-78.831,Theft
257393,261596,3,42.898,-78.807,Theft
257394,261597,3,42.886,-78.847,Assault
257399,261602,3,42.881,-78.833,Theft
257409,261612,3,42.869,-78.836,Theft
257411,261614,3,42.855,-78.806,Assault
257420,261624,3,42.881,-78.801,Robbery
257426,261630,3,42.845,-78.823,Assault
257427,261631,3,42.859,-78.818,Breaking & Entering
257428,261632,3,42.897,-78.832,Breaking & Entering
257433,261637,3,42.854,-78.826,Breaking & Entering
257439,261643,3,42.874,-78.828,Breaking & Entering
257452,261656,3,42.885,-78.808,Homicide
257454,261658,3,42.853,-78.804,Assault
257457,261661,3,42.889,-78.812,Breaking & Entering
257459,261663,3,42.897,-78.819,Breaking & Entering
257460,261664,3,42.898,-78.836,Theft
257461,261665,3,42.893,-78.837,Theft of Vehicle
257464,261668,3,42.893,-78.84,Theft
257472,261676,3,42.869,-78.832,Theft
257481,261685,3,42.856,-78.817,Assault
257488,261692,3,42.884,-78.829,Theft
257491,261695,3,42.887,-78.803,Breaking & Entering
257492,261696,3,42.855,-78.824,Theft of Vehicle
257516,261720,3,42.891,-78.836,Theft
257520,261724,3,42.893,-78.839,Theft
257523,261727,3,42.875,-78.803,Breaking & Entering
257525,261729,3,42.891,-78.83,Theft
257526,261730,3,42.873,-78.806,Assault
257535,261739,3,42.891,-78.814,Assault
257544,261748,3,42.888,-78.808,Theft of Vehicle
257545,261749,3,42.842,-78.83,Assault
257551,261755,3,42.852,-78.826,Theft
257556,261760,3,42.894,-78.838,Assault
257582,261787,3,42.85,-78.832,Assault
257596,261801,3,42.899,-78.823,Breaking & Entering
257598,261803,3,42.858,-78.813,Assault
257618,261823,3,42.893,-78.841,Robbery
257619,261825,3,42.89,-78.803,Theft
257633,261839,3,42.857,-78.826,Assault
257636,261842,3,42.858,-78.808,Assault
257639,261845,3,42.897,-78.817,Theft
257642,261848,3,42.841,-78.824,Assault
257645,261851,3,42.893,-78.833,Assault
257647,261853,3,42.877,-78.804,Theft of Vehicle
257673,261880,3,42.858,-78.813,Theft
257678,261885,3,42.852,-78.805,Theft
257679,261886,3,42.898,-78.822,Assault
257687,261894,3,42.84,-78.82,Theft
257691,261898,3,42.889,-78.803,Theft of Vehicle
257694,261901,3,42.872,-78.82,Robbery
257707,261914,3,42.89,-78.812,Theft of Vehicle
257709,261916,3,42.85,-78.801,Theft
257712,261919,3,42.89,-78.81,Theft
257716,261923,3,42.898,-78.816,Theft
257722,261929,3,42.848,-78.824,Breaking & Entering
257727,261934,3,42.87,-78.849,Theft
257730,261937,3,42.855,-78.806,Breaking & Entering
257732,261939,3,42.86,-78.819,Theft
257736,261943,3,42.856,-78.831,Theft
257746,261953,3,42.852,-78.829,Assault
257756,261963,3,42.867,-78.857,Assault
257757,261964,3,42.897,-78.819,Assault
257759,261966,3,42.87,-78.838,Breaking & Entering
257766,261973,3,42.844,-78.824,Assault
257767,261974,3,42.871,-78.843,Theft
257770,261977,3,42.844,-78.832,Theft
257772,261979,3,42.852,-78.828,Assault
257781,261988,3,42.866,-78.821,Theft of Vehicle
257786,261993,3,42.871,-78.807,Assault
257788,261995,3,42.854,-78.825,Theft
257800,262008,3,42.852,-78.823,Theft
257802,262010,3,42.892,-78.803,Assault
257803,262011,3,42.849,-78.823,Assault
257804,262012,3,42.849,-78.802,Breaking & Entering
257829,262039,3,42.844,-78.814,Theft
257830,262040,3,42.872,-78.804,Theft
257831,262041,3,42.867,-78.847,Breaking & Entering
257832,262042,3,42.839,-78.823,Breaking & Entering
257836,262046,3,42.872,-78.834,Assault
257842,262052,3,42.859,-78.808,Theft of Vehicle
257844,262054,3,42.856,-78.833,Breaking & Entering
257860,262070,3,42.889,-78.837,Theft
257874,262084,3,42.898,-78.801,Breaking & Entering
257889,262099,3,42.862,-78.816,Assault
257903,262114,3,42.87,-78.85,Breaking & Entering
257909,262120,3,42.891,-78.802,Breaking & Entering
257910,262121,3,42.888,-78.814,Robbery
257927,262138,3,42.877,-78.841,Theft
257931,262142,3,42.898,-78.814,Assault
257933,262144,3,42.876,-78.848,Theft
257937,262148,3,42.878,-78.803,Theft
257952,262164,3,42.852,-78.829,Breaking & Entering
257956,262168,3,42.897,-78.833,Other Sexual Offense
257963,262175,3,42.847,-78.824,Theft
257969,262181,3,42.893,-78.82,Theft
257970,262182,3,42.838,-78.806,Theft
257978,262190,3,42.888,-78.816,Assault
257986,262198,3,42.894,-78.83,Assault
258001,262213,3,42.884,-78.831,Theft
258002,262214,3,42.848,-78.824,Assault
258004,262216,3,42.881,-78.807,Theft of Vehicle
258006,262218,3,42.889,-78.839,Breaking & Entering
258013,262225,3,42.892,-78.832,Theft
258014,262226,3,42.891,-78.831,Breaking & Entering
258026,262238,3,42.893,-78.839,Robbery
258027,262239,3,42.89,-78.835,Breaking & Entering
258028,262240,3,42.857,-78.812,Theft
258032,262244,3,42.854,-78.832,Theft
258035,262247,3,42.85,-78.804,Robbery
258036,262248,3,42.873,-78.823,Theft
258041,262253,3,42.856,-78.826,Breaking & Entering
258047,262259,3,42.848,-78.829,Theft of Vehicle
258048,262260,3,42.894,-78.835,Robbery
258055,262267,3,42.893,-78.808,Breaking & Entering
258076,262289,3,42.897,-78.814,Theft of Vehicle
258080,262293,3,42.853,-78.826,Assault
258081,262294,3,42.879,-78.845,Breaking & Entering
258083,262296,3,42.859,-78.804,Theft
258086,262299,3,42.888,-78.84,Breaking & Entering
258088,262301,3,42.896,-78.815,Robbery
258093,262306,3,42.87,-78.805,Theft of Vehicle
258094,262307,3,42.87,-78.816,Assault
258100,262313,3,42.848,-78.824,Sexual Assault
258106,262319,3,42.855,-78.828,Breaking & Entering
258111,262324,3,42.854,-78.826,Theft
258112,262325,3,42.898,-78.807,Theft
258117,262330,3,42.892,-78.839,Theft
258126,262339,3,42.856,-78.831,Breaking & Entering
258131,262344,3,42.858,-78.831,Theft
258133,262346,3,42.841,-78.825,Theft
258139,262353,3,42.89,-78.814,Assault
258159,262373,3,42.885,-78.847,Theft
258161,262375,3,42.851,-78.818,Breaking & Entering
258162,262376,3,42.889,-78.837,Breaking & Entering
258173,262387,3,42.896,-78.836,Theft of Vehicle
258180,262394,3,42.842,-78.823,Theft of Vehicle
258185,262399,3,42.894,-78.809,Assault
258186,262400,3,42.841,-78.824,Theft
258194,262408,3,42.898,-78.819,Breaking & Entering
258197,262411,3,42.888,-78.8,Theft
258200,262414,3,42.854,-78.808,Theft
258202,262416,3,42.835,-78.832,Theft
258204,262418,3,42.87,-78.816,Breaking & Entering
258212,262426,3,42.887,-78.808,Theft of Vehicle
258214,262428,3,42.838,-78.815,Assault
258229,262443,3,42.886,-78.801,Assault
258232,262446,3,42.871,-78.813,Theft
258234,262448,3,42.871,-78.833,Other Sexual Offense
258236,262450,3,42.857,-78.821,Assault
258255,262469,3,42.844,-78.822,Breaking & Entering
258256,262470,3,42.869,-78.811,Breaking & Entering
258258,262472,3,42.893,-78.819,Theft
258259,262473,3,42.851,-78.806,Theft
258269,262483,3,42.898,-78.8,Theft
258275,262489,3,42.848,-78.812,Theft
258278,262492,3,42.86,-78.825,Theft
258288,262502,3,42.885,-78.839,Theft
258291,262505,3,42.87,-78.809,Assault
258293,262507,3,42.897,-78.813,Theft
258299,262513,3,42.895,-78.827,Theft
258305,262519,3,42.894,-78.835,Theft
258310,262524,3,42.867,-78.849,Breaking & Entering
258313,262527,3,42.893,-78.837,Breaking & Entering
258314,262528,3,42.889,-78.812,Breaking & Entering
258319,262533,3,42.896,-78.816,Breaking & Entering
258338,262552,3,42.85,-78.815,Assault
258350,262564,3,42.853,-78.822,Theft
258379,262593,3,42.86,-78.825,Theft
258380,262594,3,42.894,-78.817,Assault
258391,262605,3,42.886,-78.803,Theft of Vehicle
258400,262614,3,42.89,-78.812,Theft
258401,262615,3,42.897,-78.841,Theft
258405,262619,3,42.858,-78.83,Theft
258406,262620,3,42.897,-78.83,Assault
258407,262621,3,42.897,-78.825,Breaking & Entering
258409,262623,3,42.882,-78.848,Theft
258416,262630,3,42.866,-78.851,Theft
258417,262631,3,42.889,-78.838,Assault
258433,262647,3,42.851,-78.824,Breaking & Entering
258436,262650,3,42.869,-78.803,Robbery
258444,262658,3,42.846,-78.832,Theft
258448,262662,3,42.854,-78.81,Breaking & Entering
258449,262663,3,42.847,-78.818,Breaking & Entering
258451,262665,3,42.87,-78.807,Theft
258454,262668,3,42.834,-78.814,Theft
258457,262671,3,42.856,-78.81,Theft
258468,262682,3,42.886,-78.806,Theft
258473,262687,3,42.857,-78.812,Theft
258477,262691,3,42.875,-78.806,Theft of Vehicle
258485,262699,3,42.882,-78.831,Theft of Vehicle
258496,262710,3,42.853,-78.808,Theft
258502,262716,3,42.893,-78.839,Theft of Vehicle
258520,262734,3,42.89,-78.837,Theft
258532,262746,3,42.889,-78.807,Breaking & Entering
258550,262765,3,42.848,-78.812,Theft
258551,262766,3,42.843,-78.825,Assault
258554,262769,3,42.848,-78.815,Theft
258555,262770,3,42.897,-78.837,Theft
258557,262772,3,42.887,-78.837,Assault
258558,262773,3,42.854,-78.823,Assault
258567,262782,3,42.888,-78.841,Theft of Vehicle
258568,262783,3,42.899,-78.84,Breaking & Entering
258580,262796,3,42.859,-78.808,Theft
258591,262807,3,42.898,-78.824,Theft
258598,262814,3,42.873,-78.81,Theft
258606,262822,3,42.887,-78.814,Assault
258607,262823,3,42.871,-78.808,Assault
258609,262825,3,42.88,-78.834,Theft of Vehicle
258616,262832,3,42.897,-78.813,Theft
258632,262848,3,42.848,-78.812,Assault
258640,262856,3,42.889,-78.808,Theft
258641,262857,3,42.876,-78.828,Breaking & Entering
258655,262871,3,42.892,-78.81,Theft
258659,262875,3,42.89,-78.845,Theft of Vehicle
258670,262886,3,42.852,-78.803,Theft
258674,262890,3,42.853,-78.802,Assault
258681,262897,3,42.893,-78.839,Robbery
258686,262902,3,42.856,-78.829,Assault
258699,262915,3,42.897,-78.833,Theft
258710,262926,3,42.854,-78.827,Assault
258711,262927,3,42.835,-78.82,Breaking & Entering
258712,262928,3,42.896,-78.836,Breaking & Entering
258718,262934,3,42.852,-78.805,Robbery
258721,262937,3,42.893,-78.84,Theft
258722,262938,3,42.896,-78.802,Theft
258728,262944,3,42.85,-78.815,Theft
258732,262948,3,42.85,-78.805,Breaking & Entering
258734,262950,3,42.866,-78.847,Theft
258739,262955,3,42.844,-78.824,Assault
258752,262968,3,42.894,-78.823,Assault
258755,262971,3,42.878,-78.801,Theft
258763,262979,3,42.865,-78.825,Theft of Vehicle
258764,262980,3,42.872,-78.821,Theft
258767,262983,3,42.896,-78.821,Robbery
258776,262992,3,42.855,-78.812,Breaking & Entering
258779,262995,3,42.888,-78.808,Breaking & Entering
258792,263008,3,42.885,-78.839,Theft
258794,263010,3,42.871,-78.853,Theft
258800,263016,3,42.897,-78.814,Theft
258805,263021,3,42.894,-78.82,Assault
258808,263024,3,42.886,-78.8,Breaking & Entering
258819,263035,3,42.839,-78.833,Theft of Vehicle
258837,263054,3,42.86,-78.822,Robbery
258841,263058,3,42.868,-78.848,Breaking & Entering
258844,263061,3,42.889,-78.838,Theft
258852,263070,3,42.895,-78.836,Breaking & Entering
258857,263075,3,42.863,-78.815,Assault
258862,263081,3,42.87,-78.807,Theft
258864,263083,3,42.887,-78.809,Robbery
258876,263095,3,42.893,-78.807,Theft
258881,263100,3,42.894,-78.827,Breaking & Entering
258883,263102,3,42.86,-78.825,Theft of Vehicle
258887,263106,3,42.852,-78.801,Robbery
258888,263107,3,42.892,-78.84,Breaking & Entering
258894,263113,3,42.895,-78.806,Robbery
258897,263116,3,42.896,-78.82,Theft
258900,263119,3,42.848,-78.825,Theft
258904,263123,3,42.893,-78.837,Assault
258912,263131,3,42.85,-78.801,Theft
258928,263147,3,42.886,-78.84,Breaking & Entering
258931,263150,3,42.854,-78.812,Breaking & Entering
258946,263165,3,42.885,-78.804,Theft
258948,263167,3,42.871,-78.851,Theft
258959,263178,3,42.898,-78.816,Theft
258978,263198,3,42.895,-78.823,Breaking & Entering
258984,263204,3,42.837,-78.824,Breaking & Entering
258988,263208,3,42.881,-78.836,Breaking & Entering
258991,263211,3,42.889,-78.807,Theft
258997,263217,3,42.896,-78.826,Breaking & Entering
259006,263226,3,42.846,-78.822,Theft
259010,263230,3,42.843,-78.818,Theft
259012,263232,3,42.839,-78.857,Assault
259020,263240,3,42.896,-78.836,Theft
259041,263262,3,42.89,-78.804,Breaking & Entering
259043,263264,3,42.838,-78.808,Theft
259045,263266,3,42.873,-78.852,Assault
259046,263267,3,42.846,-78.825,Assault
259047,263268,3,42.883,-78.836,Theft of Vehicle
259048,263269,3,42.866,-78.851,Theft
259052,263273,3,42.857,-78.825,Breaking & Entering
259057,263278,3,42.858,-78.83,Theft
259058,263279,3,42.885,-78.847,Breaking & Entering
259065,263286,3,42.884,-78.839,Robbery
259069,263290,3,42.84,-78.806,Breaking & Entering
259072,263293,3,42.885,-78.808,Assault
259083,263304,3,42.894,-78.835,Assault
259084,263305,3,42.855,-78.808,Breaking & Entering
259089,263310,3,42.857,-78.821,Assault
259093,263314,3,42.889,-78.808,Theft
259102,263323,3,42.858,-78.832,Assault
259105,263326,3,42.886,-78.802,Theft
259108,263329,3,42.894,-78.824,Theft of Vehicle
259112,263333,3,42.895,-78.822,Robbery
259128,263349,3,42.898,-78.816,Assault
259130,263351,3,42.85,-78.815,Theft
259134,263355,3,42.858,-78.813,Assault
259135,263356,3,42.872,-78.82,Theft
259139,263360,3,42.858,-78.816,Assault
259141,263362,3,42.855,-78.81,Theft of Vehicle
259143,263364,3,42.894,-78.83,Theft
259146,263367,3,42.871,-78.803,Breaking & Entering
259152,263373,3,42.898,-78.816,Theft
259160,263381,3,42.857,-78.827,Breaking & Entering
259162,263383,3,42.851,-78.818,Theft
259169,263390,3,42.844,-78.83,Theft
259174,263395,3,42.895,-78.829,Theft
259175,263396,3,42.872,-78.8,Assault
259176,263397,3,42.87,-78.85,Breaking & Entering
259177,263398,3,42.878,-78.801,Theft
259184,263406,3,42.864,-78.844,Theft
259191,263413,3,42.897,-78.838,Theft
259193,263415,3,42.887,-78.808,Theft
259196,263418,3,42.853,-78.824,Theft
259201,263423,3,42.877,-78.842,Assault
259212,263434,3,42.895,-78.804,Breaking & Entering
259230,263452,3,42.895,-78.809,Assault
259243,263465,3,42.893,-78.843,Theft
259245,263467,3,42.842,-78.821,Theft
259258,263480,3,42.851,-78.805,Theft
259263,263485,3,42.892,-78.81,Theft
259266,263489,3,42.898,-78.807,Theft
259277,263500,3,42.887,-78.809,Theft
259278,263501,3,42.887,-78.808,Theft
259281,263504,3,42.852,-78.826,Breaking & Entering
259284,263507,3,42.889,-78.807,Theft
259308,263531,3,42.895,-78.827,Assault
259326,263549,3,42.893,-78.82,Theft of Vehicle
259329,263552,3,42.836,-78.803,Breaking & Entering
259335,263558,3,42.861,-78.821,Assault
259336,263559,3,42.849,-78.826,Breaking & Entering
259341,263566,3,42.838,-78.83,Theft
259353,263578,3,42.863,-78.814,Theft
259359,263584,3,42.855,-78.825,Theft of Vehicle
259363,263588,3,42.853,-78.802,Theft
259365,263590,3,42.878,-78.803,Theft
259367,263593,3,42.877,-78.847,Breaking & Entering
259372,263598,3,42.896,-78.815,Breaking & Entering
259379,263605,3,42.832,-78.811,Theft
259384,263610,3,42.895,-78.829,Theft
259387,263613,3,42.85,-78.815,Theft
259389,263615,3,42.898,-78.807,Theft
259397,263623,3,42.89,-78.837,Theft
259404,263630,3,42.855,-78.828,Breaking & Entering
259407,263633,3,42.889,-78.837,Assault
259410,263636,3,42.888,-78.814,Theft
259411,263637,3,42.858,-78.819,Breaking & Entering
259416,263642,3,42.86,-78.822,Breaking & Entering
259421,263647,3,42.865,-78.849,Assault
259436,263662,3,42.859,-78.817,Assault
259438,263664,3,42.892,-78.833,Theft
259440,263666,3,42.878,-78.834,Theft
259447,263673,3,42.838,-78.816,Assault
259448,263674,3,42.87,-78.804,Assault
259454,263680,3,42.893,-78.838,Theft
259463,263689,3,42.833,-78.823,Theft of Vehicle
259465,263691,3,42.895,-78.83,Theft
259475,263701,3,42.86,-78.814,Assault
259476,263702,3,42.848,-78.812,Assault
259478,263704,3,42.897,-78.823,Breaking & Entering
259483,263709,3,42.895,-78.83,Robbery
259488,263714,3,42.899,-78.817,Assault
259497,263723,3,42.852,-78.823,Theft
259511,263738,3,42.838,-78.807,Theft
259512,263739,3,42.887,-78.839,Theft
259513,263740,3,42.869,-78.847,Theft of Vehicle
259515,263742,3,42.897,-78.816,Breaking & Entering
259523,263750,3,42.891,-78.84,Theft
259524,263751,3,42.853,-78.812,Theft
259529,263756,3,42.849,-78.824,Breaking & Entering
259530,263757,3,42.881,-78.8,Theft
259531,263758,3,42.849,-78.817,Breaking & Entering
259539,263766,3,42.899,-78.819,Theft
259545,263772,3,42.859,-78.832,Theft
259549,263776,3,42.872,-78.813,Theft
259556,263783,3,42.871,-78.852,Breaking & Entering
259562,263789,3,42.886,-78.809,Theft
259574,263802,3,42.874,-78.844,Assault
259580,263808,3,42.838,-78.808,Theft
259582,263810,3,42.85,-78.815,Robbery
259587,263815,3,42.87,-78.803,Assault
259599,263827,3,42.898,-78.817,Homicide
259602,263830,3,42.896,-78.825,Robbery
259604,263832,3,42.896,-78.821,Theft
259605,263833,3,42.875,-78.803,Assault
259612,263840,3,42.883,-78.847,Breaking & Entering
259620,263848,3,42.896,-78.838,Assault
259627,263855,3,42.867,-78.823,Breaking & Entering
259631,263859,3,42.894,-78.809,Theft
259636,263864,3,42.881,-78.845,Theft
259639,263867,3,42.856,-78.811,Assault
259648,263876,3,42.869,-78.832,Sexual Assault
259652,263880,3,42.868,-78.85,Breaking & Entering
259653,263881,3,42.892,-78.813,Theft of Vehicle
259655,263883,3,42.847,-78.832,Assault
259663,263891,3,42.896,-78.822,Sexual Assault
259665,263893,3,42.897,-78.819,Theft
259674,263902,3,42.876,-78.842,Theft
259678,263906,3,42.886,-78.805,Theft
259688,263916,3,42.847,-78.817,Assault
259690,263918,3,42.853,-78.823,Theft of Vehicle
259697,263925,3,42.886,-78.82,Theft of Vehicle
259714,263942,3,42.878,-78.837,Robbery
259718,263947,3,42.893,-78.808,Theft
259739,263968,3,42.84,-78.826,Theft
259742,263971,3,42.895,-78.84,Assault
259757,263986,3,42.853,-78.801,Assault
259758,263987,3,42.852,-78.803,Assault
259760,263989,3,42.852,-78.804,Breaking & Entering
259767,263996,3,42.87,-78.81,Theft
259769,263998,3,42.867,-78.857,Theft of Vehicle
259779,264009,3,42.883,-78.836,Assault
259781,264011,3,42.887,-78.815,Breaking & Entering
259784,264014,3,42.868,-78.807,Assault
259804,264034,3,42.857,-78.829,Assault
259806,264036,3,42.874,-78.848,Theft of Vehicle
259809,264039,3,42.851,-78.806,Assault
259815,264045,3,42.855,-78.81,Breaking & Entering
259829,264060,3,42.896,-78.816,Theft
259838,264069,3,42.898,-78.82,Breaking & Entering
259840,264071,3,42.897,-78.834,Assault
259842,264073,3,42.857,-78.812,Assault
259843,264074,3,42.841,-78.824,Theft
259865,264097,3,42.858,-78.813,Theft of Vehicle
259869,264101,3,42.856,-78.818,Theft
259873,264106,3,42.889,-78.808,Theft
259875,264108,3,42.891,-78.813,Assault
259879,264112,3,42.898,-78.807,Breaking & Entering
259887,264120,3,42.856,-78.825,Assault
259893,264126,3,42.873,-78.841,Theft
259897,264130,3,42.893,-78.833,Theft
259927,264160,3,42.849,-78.816,Theft
259937,264170,3,42.845,-78.823,Breaking & Entering
259938,264171,3,42.833,-78.821,Theft
259947,264180,3,42.873,-78.842,Breaking & Entering
259951,264184,3,42.866,-78.821,Theft
259957,264190,3,42.893,-78.837,Robbery
259962,264195,3,42.892,-78.831,Assault
259964,264197,3,42.855,-78.809,Breaking & Entering
259982,264215,3,42.897,-78.814,Assault
259985,264218,3,42.872,-78.818,Assault
259991,264224,3,42.856,-78.809,Theft
259994,264228,3,42.893,-78.839,Robbery
259998,264232,3,42.879,-78.835,Breaking & Entering
259999,264233,3,42.892,-78.844,Theft
260001,264235,3,42.898,-78.82,Breaking & Entering
260002,264236,3,42.865,-78.85,Breaking & Entering
260015,264249,3,42.85,-78.815,Theft
260019,264253,3,42.883,-78.835,Breaking & Entering
260021,264255,3,42.876,-78.843,Assault
260022,264256,3,42.839,-78.805,Breaking & Entering
260024,264258,3,42.885,-78.84,Theft
260025,264259,3,42.88,-78.814,Theft
260037,264271,3,42.842,-78.818,Theft
260041,264275,3,42.897,-78.814,Theft of Vehicle
260058,264292,3,42.885,-78.821,Breaking & Entering
260064,264298,3,42.89,-78.813,Breaking & Entering
260080,264314,3,42.872,-78.82,Theft
260082,264316,3,42.849,-78.812,Theft of Vehicle
260084,264318,3,42.892,-78.841,Breaking & Entering
260085,264319,3,42.889,-78.815,Theft
260098,264332,3,42.878,-78.801,Theft
260109,264343,3,42.882,-78.836,Theft
260116,264351,3,42.89,-78.808,Assault
260121,264356,3,42.856,-78.815,Theft
260137,264372,3,42.858,-78.813,Assault
260142,264377,3,42.882,-78.846,Robbery
260152,264387,3,42.893,-78.838,Theft
260156,264391,3,42.867,-78.823,Theft
260159,264394,3,42.857,-78.812,Theft
260167,264402,3,42.833,-78.806,Theft
260173,264408,3,42.897,-78.818,Breaking & Entering
260178,264413,3,42.896,-78.827,Breaking & Entering
260179,264414,3,42.883,-78.847,Robbery
260180,264415,3,42.894,-78.819,Sexual Assault
260182,264417,3,42.862,-78.802,Theft of Vehicle
260183,264418,3,42.857,-78.812,Theft
260185,264420,3,42.869,-78.83,Assault
260190,264426,3,42.863,-78.818,Theft
260203,264439,3,42.892,-78.805,Assault
260204,264440,3,42.845,-78.822,Assault
260222,264459,3,42.872,-78.808,Theft
260227,264464,3,42.868,-78.848,Theft
260232,264469,3,42.896,-78.82,Theft of Vehicle
260236,264473,3,42.855,-78.808,Assault
260245,264482,3,42.85,-78.803,Assault
260249,264486,3,42.88,-78.836,Assault
260251,264488,3,42.876,-78.85,Robbery
260258,264495,3,42.85,-78.815,Theft
260262,264499,3,42.859,-78.809,Theft
260270,264508,3,42.851,-78.825,Breaking & Entering
260276,264514,3,42.893,-78.823,Assault
260278,264516,3,42.855,-78.812,Breaking & Entering
260279,264517,3,42.896,-78.82,Robbery
260285,264523,3,42.892,-78.806,Theft
260292,264532,3,42.899,-78.822,Theft
260299,264539,3,42.893,-78.842,Breaking & Entering
260302,264542,3,42.84,-78.824,Theft
260305,264545,3,42.888,-78.812,Assault
260314,264554,3,42.887,-78.802,Breaking & Entering
260327,264567,3,42.878,-78.849,Assault
260328,264568,3,42.832,-78.815,Theft
260330,264570,3,42.89,-78.845,Breaking & Entering
260336,264576,3,42.866,-78.858,Breaking & Entering
260343,264583,3,42.853,-78.815,Robbery
260345,264585,3,42.857,-78.811,Assault
260351,264591,3,42.855,-78.828,Theft
260354,264594,3,42.859,-78.81,Robbery
260360,264600,3,42.848,-78.824,Robbery
260361,264601,3,42.892,-78.84,Assault
260368,264608,3,42.857,-78.813,Theft
260385,264625,3,42.886,-78.838,Theft
260395,264635,3,42.894,-78.809,Breaking & Entering
260398,264638,3,42.897,-78.809,Breaking & Entering
260399,264639,3,42.846,-78.811,Breaking & Entering
260405,264645,3,42.878,-78.848,Theft
260406,264646,3,42.873,-78.814,Other Sexual Offense
260410,264650,3,42.899,-78.835,Robbery
260412,264652,3,42.875,-78.826,Theft of Vehicle
260414,264654,3,42.869,-78.802,Theft
260424,264664,3,42.87,-78.849,Theft
260431,264671,3,42.853,-78.811,Theft
260451,264691,3,42.893,-78.838,Assault
260454,264694,3,42.889,-78.806,Assault
260457,264697,3,42.848,-78.812,Theft
260459,264699,3,42.893,-78.842,Breaking & Entering
260461,264701,3,42.845,-78.828,Theft
260470,264710,3,42.858,-78.813,Assault
260472,264712,3,42.89,-78.836,Assault
260481,264721,3,42.874,-78.804,Breaking & Entering
260499,264739,3,42.899,-78.823,Theft of Vehicle
260500,264740,3,42.889,-78.816,Theft of Vehicle
260515,264755,3,42.873,-78.842,Theft
260516,264756,3,42.859,-78.835,Theft of Vehicle
260520,264760,3,42.851,-78.805,Theft
260528,264768,3,42.897,-78.819,Assault
260530,264770,3,42.855,-78.81,Theft
260535,264775,3,42.837,-78.824,Theft
260538,264778,3,42.86,-78.815,Assault
260547,264787,3,42.889,-78.808,Theft
260551,264791,3,42.881,-78.834,Assault
260566,264806,3,42.878,-78.801,Theft
260569,264809,3,42.893,-78.809,Theft
260575,264816,3,42.886,-78.813,Breaking & Entering
260576,264817,3,42.894,-78.821,Assault
260577,264818,3,42.89,-78.834,Theft
260578,264819,3,42.837,-78.826,Theft
260580,264821,3,42.886,-78.843,Theft of Vehicle
260586,264827,3,42.893,-78.833,Breaking & Entering
260588,264829,3,42.895,-78.838,Assault
260592,264833,3,42.894,-78.833,Theft
260608,264849,3,42.876,-78.852,Theft
260612,264853,3,42.898,-78.839,Theft
260624,264865,3,42.855,-78.833,Theft
260626,264867,3,42.896,-78.82,Assault
260632,264873,3,42.848,-78.82,Assault
260635,264876,3,42.886,-78.842,Assault
260636,264877,3,42.861,-78.802,Breaking & Entering
260639,264880,3,42.884,-78.839,Theft
260643,264884,3,42.848,-78.824,Assault
260657,264898,3,42.847,-78.801,Assault
260660,264902,3,42.886,-78.827,Theft
260663,264905,3,42.885,-78.84,Theft
260664,264906,3,42.86,-78.825,Theft
260665,264907,3,42.843,-78.818,Assault
260674,264917,3,42.898,-78.807,Theft
260675,264918,3,42.852,-78.804,Breaking & Entering
260692,264936,3,42.894,-78.82,Theft
260694,264938,3,42.854,-78.832,Homicide
260705,264949,3,42.838,-78.818,Theft
260706,264950,3,42.873,-78.806,Theft
260708,264952,3,42.854,-78.828,Theft
260709,264953,3,42.855,-78.809,Theft of Vehicle
260710,264954,3,42.848,-78.802,Theft
260712,264956,3,42.872,-78.808,Theft
260715,264959,3,42.862,-78.814,Breaking & Entering
260716,264960,3,42.841,-78.821,Theft
260717,264961,3,42.867,-78.806,Breaking & Entering
260723,264967,3,42.839,-78.803,Theft
260728,264972,3,42.873,-78.81,Theft
260731,264975,3,42.896,-78.804,Theft
260733,264977,3,42.896,-78.822,Theft of Vehicle
260734,264978,3,42.89,-78.812,Breaking & Entering
260746,264990,3,42.856,-78.823,Theft
260758,265002,3,42.888,-78.802,Assault
260762,265006,3,42.847,-78.829,Theft of Vehicle
260763,265007,3,42.872,-78.816,Assault
260766,265010,3,42.884,-78.833,Theft
260771,265015,3,42.869,-78.833,Breaking & Entering
260774,265018,3,42.893,-78.832,Breaking & Entering
260786,265030,3,42.857,-78.816,Robbery
260797,265042,3,42.859,-78.817,Assault
260799,265044,3,42.894,-78.82,Assault
260801,265046,3,42.892,-78.839,Theft
260807,265052,3,42.873,-78.808,Theft
260813,265058,3,42.837,-78.823,Breaking & Entering
260815,265060,3,42.861,-78.815,Theft of Vehicle
260823,265068,3,42.852,-78.815,Assault
260824,265069,3,42.842,-78.805,Breaking & Entering
260835,265080,3,42.891,-78.833,Theft
260839,265084,3,42.875,-78.832,Theft
260841,265086,3,42.892,-78.831,Breaking & Entering
260848,265093,3,42.833,-78.822,Assault
260850,265095,3,42.853,-78.805,Theft
260853,265098,3,42.872,-78.807,Breaking & Entering
260855,265100,3,42.842,-78.816,Breaking & Entering
260859,265104,3,42.891,-78.832,Assault
260867,265113,3,42.848,-78.832,Theft
260885,265132,3,42.894,-78.836,Breaking & Entering
260887,265134,3,42.847,-78.801,Breaking & Entering
260895,265142,3,42.892,-78.842,Robbery
260905,265153,3,42.896,-78.824,Theft
260929,265177,3,42.892,-78.838,Theft of Vehicle
260930,265178,3,42.848,-78.824,Theft
260931,265179,3,42.874,-78.827,Breaking & Entering
260933,265181,3,42.857,-78.804,Theft
260936,265184,3,42.843,-78.806,Theft
260953,265201,3,42.872,-78.807,Theft
260968,265216,3,42.873,-78.843,Theft of Vehicle
260971,265219,3,42.899,-78.818,Theft
260976,265224,3,42.854,-78.828,Theft
260986,265234,3,42.851,-78.801,Assault
260988,265236,3,42.868,-78.846,Theft
260992,265240,3,42.897,-78.808,Theft
260993,265241,3,42.862,-78.815,Theft
261010,265258,3,42.858,-78.825,Assault
261017,265265,3,42.87,-78.837,Theft
261023,265271,3,42.848,-78.824,Theft
261028,265276,3,42.896,-78.823,Robbery
261035,265283,3,42.871,-78.812,Theft
261038,265286,3,42.885,-78.839,Theft
261039,265287,3,42.894,-78.837,Theft
261040,265288,3,42.884,-78.829,Theft
261045,265293,3,42.858,-78.806,Breaking & Entering
261056,265304,3,42.897,-78.836,Robbery
261058,265306,3,42.875,-78.804,Breaking & Entering
261064,265312,3,42.877,-78.845,Breaking & Entering
261067,265315,3,42.893,-78.821,Assault
261085,265333,3,42.895,-78.83,Theft
261101,265349,3,42.885,-78.804,Breaking & Entering
261105,265353,3,42.89,-78.802,Assault
261110,265358,3,42.858,-78.831,Theft
261111,265359,3,42.894,-78.836,Assault
261116,265364,3,42.897,-78.802,Theft
261118,265366,3,42.839,-78.806,Breaking & Entering
261119,265367,3,42.853,-78.817,Breaking & Entering
261122,265370,3,42.87,-78.836,Breaking & Entering
261126,265374,3,42.857,-78.821,Assault
261138,265386,3,42.898,-78.82,Theft
261142,265390,3,42.876,-78.827,Assault
261143,265391,3,42.869,-78.846,Theft
261146,265394,3,42.849,-78.828,Assault
261149,265397,3,42.859,-78.812,Breaking & Entering
261162,265410,3,42.892,-78.844,Theft
261169,265417,3,42.849,-78.832,Assault
261172,265420,3,42.846,-78.823,Assault
261180,265428,3,42.893,-78.837,Assault
261183,265431,3,42.899,-78.834,Theft
261184,265432,3,42.899,-78.814,Theft
261187,265435,3,42.898,-78.836,Theft
261192,265440,3,42.891,-78.815,Assault
261201,265449,3,42.892,-78.84,Robbery
261213,265461,3,42.897,-78.815,Theft
261214,265462,3,42.894,-78.843,Theft of Vehicle
261216,265464,3,42.897,-78.823,Assault
261218,265467,3,42.894,-78.822,Theft
261220,265469,3,42.858,-78.831,Assault
261237,265486,3,42.835,-78.825,Theft of Vehicle
261238,265487,3,42.891,-78.836,Assault
261251,265502,3,42.836,-78.814,Theft of Vehicle
261260,265511,3,42.856,-78.833,Assault
261267,265518,3,42.896,-78.817,Robbery
261284,265535,3,42.858,-78.804,Breaking & Entering
261292,265543,3,42.898,-78.807,Theft
261299,265550,3,42.869,-78.808,Theft
261306,265557,3,42.89,-78.832,Theft of Vehicle
261307,265558,3,42.872,-78.802,Theft
261317,265569,3,42.834,-78.824,Theft
261325,265577,3,42.859,-78.806,Theft
261330,265582,3,42.843,-78.832,Theft
261334,265586,3,42.868,-78.808,Theft
261337,265589,3,42.841,-78.824,Breaking & Entering
261342,265594,3,42.891,-78.833,Assault
261348,265602,3,42.89,-78.812,Assault
261350,265604,3,42.891,-78.8,Theft
261351,265605,3,42.841,-78.806,Assault
261357,265611,3,42.854,-78.812,Breaking & Entering
261358,265612,3,42.847,-78.801,Breaking & Entering
261373,265627,3,42.889,-78.835,Assault
261382,265636,3,42.894,-78.821,Theft of Vehicle
261387,265641,3,42.847,-78.801,Assault
261389,265643,3,42.89,-78.802,Breaking & Entering
261391,265645,3,42.869,-78.855,Breaking & Entering
261395,265649,3,42.848,-78.817,Theft
261397,265651,3,42.893,-78.838,Robbery
261398,265652,3,42.857,-78.829,Robbery
261410,265664,3,42.888,-78.839,Sexual Assault
261411,265665,3,42.854,-78.808,Theft
261415,265669,3,42.893,-78.824,Assault
261417,265671,3,42.857,-78.833,Breaking & Entering
261421,265675,3,42.89,-78.844,Breaking & Entering
261437,265691,3,42.855,-78.827,Theft
261439,265693,3,42.85,-78.804,Assault
261443,265698,3,42.898,-78.822,Robbery
261452,265707,3,42.884,-78.833,Theft
261455,265710,3,42.888,-78.839,Assault
261459,265714,3,42.895,-78.839,Breaking & Entering
261463,265718,3,42.836,-78.822,Theft of Vehicle
261471,265726,3,42.881,-78.843,Assault
261472,265727,3,42.893,-78.837,Theft of Vehicle
261476,265731,3,42.859,-78.814,Theft of Vehicle
261484,265740,3,42.899,-78.82,Theft
261488,265745,3,42.887,-78.839,Breaking & Entering
261492,265749,3,42.887,-78.808,Assault
261494,265751,3,42.895,-78.839,Theft
261496,265753,3,42.895,-78.822,Theft of Vehicle
261505,265763,3,42.868,-78.808,Breaking & Entering
261515,265773,3,42.899,-78.822,Theft of Vehicle
261523,265781,3,42.885,-78.814,Theft
261535,265795,3,42.895,-78.841,Breaking & Entering
261540,265801,3,42.873,-78.811,Theft
261544,265805,3,42.879,-78.834,Breaking & Entering
261547,265808,3,42.87,-78.832,Breaking & Entering
261549,265810,3,42.892,-78.826,Breaking & Entering
261552,265813,3,42.892,-78.833,Theft
261556,265817,3,42.889,-78.814,Theft
261565,265826,3,42.854,-78.808,Assault
261573,265834,3,42.872,-78.8,Assault
261575,265836,3,42.838,-78.808,Robbery
261578,265840,3,42.86,-78.825,Theft
261583,265845,3,42.894,-78.808,Assault
261584,265846,3,42.846,-78.801,Breaking & Entering
261589,265851,3,42.896,-78.823,Assault
261594,265857,3,42.885,-78.839,Theft of Vehicle
261600,265863,3,42.899,-78.816,Theft
261606,265869,3,42.89,-78.812,Assault
261613,265876,3,42.889,-78.8,Breaking & Entering
261616,265880,3,42.849,-78.812,Theft
261620,265884,3,42.845,-78.811,Breaking & Entering
261626,265890,3,42.874,-78.804,Assault
261640,265904,3,42.878,-78.841,Breaking & Entering
261642,265906,3,42.887,-78.846,Theft of Vehicle
261645,265909,3,42.846,-78.824,Theft
261646,265910,3,42.835,-78.823,Breaking & Entering
261648,265912,3,42.85,-78.803,Theft
261650,265914,3,42.846,-78.821,Theft
261660,265924,3,42.851,-78.828,Theft of Vehicle
261663,265927,3,42.899,-78.818,Theft
261674,265938,3,42.854,-78.833,Theft
261676,265940,3,42.878,-78.851,Assault
261679,265943,3,42.852,-78.819,Breaking & Entering
261680,265944,3,42.895,-78.83,Theft
261695,265960,3,42.876,-78.827,Theft
261696,265961,3,42.856,-78.834,Theft
261697,265962,3,42.856,-78.802,Theft
261704,265969,3,42.877,-78.829,Breaking & Entering
261706,265971,3,42.861,-78.818,Assault
261717,265982,3,42.842,-78.825,Theft
261723,265988,3,42.857,-78.814,Breaking & Entering
261724,265989,3,42.845,-78.828,Theft
261730,265995,3,42.891,-78.832,Breaking & Entering
261744,266009,3,42.89,-78.834,Assault
261745,266010,3,42.872,-78.818,Theft
261750,266015,3,42.895,-78.828,Robbery
261753,266018,3,42.86,-78.815,Breaking & Entering
261755,266020,3,42.872,-78.803,Theft
261756,266021,3,42.866,-78.847,Breaking & Entering
261758,266023,3,42.853,-78.824,Assault
261764,266029,3,42.86,-78.816,Theft of Vehicle
261771,266036,3,42.88,-78.834,Assault
261777,266042,3,42.892,-78.83,Theft
261779,266044,3,42.898,-78.814,Assault
261780,266045,3,42.834,-78.817,Theft
261786,266051,3,42.853,-78.818,Breaking & Entering
261788,266053,3,42.884,-78.834,Theft
261796,266061,3,42.862,-78.818,Theft
261799,266064,3,42.871,-78.811,Assault
261801,266066,3,42.889,-78.812,Theft
261807,266072,3,42.856,-78.833,Breaking & Entering
261808,266073,3,42.836,-78.82,Theft of Vehicle
261819,266084,3,42.895,-78.817,Theft
261822,266087,3,42.861,-78.812,Assault
261826,266091,3,42.896,-78.801,Robbery
261827,266092,3,42.866,-78.823,Assault
261839,266104,3,42.87,-78.838,Theft
261848,266113,3,42.856,-78.811,Assault
261857,266122,3,42.858,-78.813,Other Sexual Offense
261859,266124,3,42.898,-78.837,Theft of Vehicle
261861,266126,3,42.875,-78.826,Theft
261864,266129,3,42.857,-78.812,Assault
261869,266134,3,42.855,-78.827,Sexual Assault
261874,266139,3,42.855,-78.827,Assault
261886,266151,3,42.889,-78.808,Theft
261894,266159,3,42.889,-78.838,Theft of Vehicle
261898,266163,3,42.89,-78.844,Sexual Assault
261905,266170,3,42.896,-78.816,Assault
261910,266175,3,42.891,-78.811,Breaking & Entering
261919,266184,3,42.887,-78.816,Robbery
261920,266185,3,42.89,-78.815,Breaking & Entering
261922,266187,3,42.856,-78.834,Breaking & Entering
261937,266203,3,42.858,-78.831,Theft
261948,266214,3,42.893,-78.834,Robbery
261949,266215,3,42.881,-78.841,Theft
261950,266216,3,42.898,-78.815,Assault
261962,266228,3,42.856,-78.828,Assault
261963,266229,3,42.897,-78.833,Assault
261972,266238,3,42.893,-78.837,Theft
261974,266240,3,42.889,-78.836,Assault
261975,266241,3,42.896,-78.82,Theft
261977,266243,3,42.869,-78.834,Breaking & Entering
261981,266247,3,42.833,-78.824,Theft
261988,266254,3,42.877,-78.804,Theft
261991,266257,3,42.897,-78.832,Theft of Vehicle
262009,266277,3,42.885,-78.824,Robbery
262012,266280,3,42.883,-78.833,Theft
262014,266282,3,42.855,-78.819,Assault
262016,266284,3,42.893,-78.832,Breaking & Entering
262028,266297,3,42.855,-78.81,Assault
262029,266298,3,42.872,-78.816,Theft
262030,266299,3,42.877,-78.827,Theft
262034,266303,3,42.89,-78.84,Assault
262039,266308,3,42.845,-78.828,Breaking & Entering
262042,266311,3,42.897,-78.82,Robbery
262051,266320,3,42.855,-78.832,Breaking & Entering
262052,266321,3,42.849,-78.822,Theft
262059,266328,3,42.897,-78.817,Robbery
262060,266329,3,42.848,-78.824,Assault
262061,266330,3,42.866,-78.821,Assault
262063,266332,3,42.866,-78.847,Assault
262064,266333,3,42.851,-78.821,Assault
262068,266337,3,42.896,-78.817,Theft
262071,266340,3,42.856,-78.813,Theft
262082,266351,3,42.87,-78.801,Theft
262092,266361,3,42.86,-78.818,Theft
262094,266363,3,42.84,-78.819,Theft
262100,266369,3,42.859,-78.811,Breaking & Entering
262108,266377,3,42.885,-78.844,Theft of Vehicle
262121,266390,3,42.88,-78.8,Sexual Assault
262123,266392,3,42.857,-78.813,Robbery
262124,266393,3,42.877,-78.847,Breaking & Entering
262125,266394,3,42.853,-78.802,Theft
262126,266395,3,42.898,-78.82,Breaking & Entering
262131,266400,3,42.895,-78.807,Assault
262132,266401,3,42.855,-78.812,Theft
262135,266404,3,42.839,-78.822,Theft
262137,266406,3,42.842,-78.824,Breaking & Entering
262147,266416,3,42.86,-78.825,Theft
262154,266423,3,42.855,-78.826,Theft
262155,266424,3,42.847,-78.855,Theft
262156,266425,3,42.868,-78.809,Assault
262163,266432,3,42.843,-78.824,Assault
262164,266433,3,42.893,-78.839,Robbery
262165,266434,3,42.849,-78.813,Assault
262166,266435,3,42.897,-78.834,Theft
262172,266441,3,42.872,-78.83,Theft
262180,266449,3,42.859,-78.819,Breaking & Entering
262186,266455,3,42.869,-78.847,Theft
262195,266464,3,42.891,-78.834,Breaking & Entering
262196,266465,3,42.892,-78.826,Theft
262200,266469,3,42.874,-78.805,Assault
262203,266473,3,42.853,-78.818,Theft
262210,266480,3,42.853,-78.807,Assault
262212,266482,3,42.883,-78.807,Assault
262222,266492,3,42.892,-78.832,Theft
262223,266493,3,42.866,-78.804,Breaking & Entering
262224,266494,3,42.869,-78.846,Assault
262225,266495,3,42.882,-78.834,Theft
262247,266518,3,42.894,-78.807,Breaking & Entering
262256,266527,3,42.863,-78.818,Breaking & Entering
262258,266529,3,42.866,-78.847,Theft
262266,266537,3,42.851,-78.806,Robbery
262276,266547,3,42.837,-78.824,Breaking & Entering
262277,266548,3,42.897,-78.814,Theft
262282,266553,3,42.855,-78.812,Assault
262288,266559,3,42.859,-78.822,Breaking & Entering
262300,266571,3,42.893,-78.839,Assault
262304,266575,3,42.856,-78.824,Theft
262309,266580,3,42.856,-78.813,Assault
262321,266592,3,42.897,-78.814,Robbery
262331,266602,3,42.866,-78.843,Theft of Vehicle
262336,266607,3,42.877,-78.845,Robbery
262339,266610,3,42.866,-78.858,Theft
262345,266616,3,42.896,-78.817,Robbery
262348,266619,3,42.86,-78.814,Theft
262359,266630,3,42.872,-78.81,Assault
262362,266633,3,42.893,-78.807,Theft
262369,266640,3,42.848,-78.824,Theft
262376,266647,3,42.867,-78.847,Breaking & Entering
262377,266648,3,42.855,-78.83,Assault
262389,266660,3,42.872,-78.811,Assault
262391,266662,3,42.865,-78.85,Breaking & Entering
262395,266666,3,42.872,-78.805,Robbery
262399,266671,3,42.853,-78.806,Theft
262405,266677,3,42.862,-78.815,Assault
262411,266683,3,42.885,-78.839,Homicide
262425,266697,3,42.885,-78.814,Theft
262426,266698,3,42.858,-78.831,Theft
262429,266701,3,42.872,-78.852,Theft
262436,266708,3,42.893,-78.838,Assault
262446,266718,3,42.848,-78.83,Theft
262448,266720,3,42.894,-78.824,Theft
262451,266723,3,42.854,-78.826,Breaking & Entering
262465,266737,3,42.891,-78.803,Theft
262466,266738,3,42.846,-78.802,Theft
262468,266740,3,42.841,-78.825,Theft of Vehicle
262470,266742,3,42.846,-78.802,Theft of Vehicle
262471,266743,3,42.84,-78.822,Theft
262473,266745,3,42.878,-78.836,Theft of Vehicle
262474,266746,3,42.868,-78.81,Theft
262479,266751,3,42.897,-78.826,Assault
262481,266753,3,42.856,-78.836,Theft of Vehicle
262494,266767,3,42.856,-78.829,Assault
262505,266778,3,42.899,-78.831,Theft of Vehicle
262507,266780,3,42.85,-78.801,Theft
262514,266787,3,42.888,-78.836,Theft
262525,266798,3,42.882,-78.841,Breaking & Entering
262528,266801,3,42.833,-78.824,Theft
262533,266806,3,42.885,-78.844,Theft of Vehicle
262537,266810,3,42.862,-78.818,Breaking & Entering
262542,266815,3,42.841,-78.809,Theft
262543,266816,3,42.855,-78.81,Theft
262552,266826,3,42.859,-78.812,Assault
262559,266833,3,42.842,-78.824,Assault
262561,266835,3,42.891,-78.807,Theft
262562,266836,3,42.899,-78.832,Theft of Vehicle
262563,266837,3,42.843,-78.847,Theft
262576,266850,3,42.895,-78.829,Breaking & Entering
262579,266853,3,42.89,-78.811,Theft
262591,266865,3,42.868,-78.838,Theft
262596,266871,3,42.846,-78.824,Theft
262597,266872,3,42.87,-78.846,Breaking & Entering
262604,266879,3,42.869,-78.803,Theft
262605,266880,3,42.867,-78.836,Assault
262606,266881,3,42.862,-78.819,Breaking & Entering
262610,266885,3,42.899,-78.84,Theft
262616,266891,3,42.883,-78.845,Assault
262619,266894,3,42.893,-78.827,Breaking & Entering
262632,266907,3,42.885,-78.81,Assault
262640,266915,3,42.845,-78.823,Breaking & Entering
262644,266919,3,42.838,-78.808,Theft
262645,266920,3,42.897,-78.816,Breaking & Entering
262649,266924,3,42.849,-78.813,Theft
262652,266927,3,42.894,-78.843,Assault
262667,266942,3,42.893,-78.839,Assault
262669,266944,3,42.855,-78.81,Assault
262672,266947,3,42.878,-78.816,Assault
262684,266959,3,42.876,-78.83,Theft
262692,266967,3,42.856,-78.834,Breaking & Entering
262693,266968,3,42.853,-78.818,Assault
262694,266969,3,42.873,-78.825,Theft of Vehicle
262701,266976,3,42.857,-78.833,Theft
262706,266981,3,42.87,-78.81,Theft
262707,266982,3,42.893,-78.815,Theft
262708,266983,3,42.854,-78.821,Theft
262723,266998,3,42.845,-78.818,Breaking & Entering
262725,267000,3,42.892,-78.833,Breaking & Entering
262734,267009,3,42.897,-78.838,Breaking & Entering
262739,267014,3,42.879,-78.843,Theft
262742,267017,3,42.898,-78.82,Theft
262744,267019,3,42.844,-78.816,Theft of Vehicle
262745,267020,3,42.853,-78.805,Assault
262752,267027,3,42.869,-78.847,Theft
262762,267037,3,42.856,-78.813,Assault
262765,267040,3,42.899,-78.839,Theft
262782,267057,3,42.897,-78.8,Theft
262789,267064,3,42.841,-78.824,Theft
262792,267067,3,42.897,-78.813,Breaking & Entering
262799,267074,3,42.854,-78.808,Theft
262800,267075,3,42.856,-78.802,Breaking & Entering
262801,267076,3,42.851,-78.827,Assault
262804,267079,3,42.841,-78.809,Theft
262805,267080,3,42.846,-78.801,Theft
262810,267085,3,42.897,-78.824,Breaking & Entering
262811,267086,3,42.843,-78.824,Assault
262817,267092,3,42.856,-78.808,Assault
262824,267099,3,42.897,-78.8,Assault
262841,267116,3,42.85,-78.801,Theft of Vehicle
262842,267118,3,42.889,-78.838,Theft
262843,267119,3,42.856,-78.826,Assault
262849,267125,3,42.886,-78.82,Theft
262850,267126,3,42.868,-78.806,Assault
262852,267128,3,42.847,-78.823,Assault
262858,267134,3,42.841,-78.824,Theft
262879,267155,3,42.887,-78.839,Breaking & Entering
262887,267164,3,42.854,-78.807,Theft
262890,267167,3,42.833,-78.822,Theft
262895,267172,3,42.877,-78.843,Theft
262901,267178,3,42.892,-78.833,Theft
262920,267197,3,42.892,-78.802,Assault
262925,267202,3,42.896,-78.82,Theft
262935,267212,3,42.887,-78.804,Theft
262944,267221,3,42.885,-78.839,Theft
262959,267236,3,42.897,-78.814,Theft of Vehicle
262964,267241,3,42.85,-78.827,Theft
262967,267244,3,42.895,-78.821,Assault
262977,267254,3,42.89,-78.838,Breaking & Entering
262980,267257,3,42.86,-78.816,Breaking & Entering
262983,267261,3,42.867,-78.823,Theft
262984,267262,3,42.897,-78.836,Theft
262985,267263,3,42.855,-78.809,Breaking & Entering
263005,267285,3,42.858,-78.831,Theft
263009,267289,3,42.899,-78.837,Assault
263014,267294,3,42.851,-78.825,Breaking & Entering
263021,267301,3,42.87,-78.846,Theft
263022,267302,3,42.89,-78.802,Assault
263032,267313,3,42.872,-78.803,Theft
263038,267319,3,42.855,-78.819,Theft of Vehicle
263042,267323,3,42.895,-78.83,Theft of Vehicle
263044,267325,3,42.885,-78.804,Breaking & Entering
263047,267328,3,42.884,-78.833,Theft
263048,267329,3,42.888,-78.801,Assault
263061,267342,3,42.845,-78.827,Sexual Assault
263068,267349,3,42.856,-78.825,Theft
263077,267358,3,42.889,-78.836,Breaking & Entering
263082,267363,3,42.844,-78.828,Breaking & Entering
263086,267367,3,42.841,-78.824,Theft
263091,267372,3,42.884,-78.839,Robbery
263102,267383,3,42.855,-78.812,Homicide
263103,267384,3,42.874,-78.803,Theft
263106,267387,3,42.837,-78.822,Theft
263113,267394,3,42.89,-78.803,Theft
263121,267402,3,42.893,-78.836,Assault
263129,267410,3,42.833,-78.819,Breaking & Entering
263132,267413,3,42.849,-78.823,Assault
263136,267417,3,42.871,-78.815,Breaking & Entering
263141,267422,3,42.848,-78.812,Assault
263143,267425,3,42.896,-78.819,Assault
263144,267426,3,42.898,-78.831,Theft
263145,267427,3,42.869,-78.83,Robbery
263157,267439,3,42.842,-78.814,Theft
263168,267450,3,42.845,-78.824,Assault
263169,267451,3,42.856,-78.806,Theft
263170,267452,3,42.897,-78.816,Breaking & Entering
263171,267453,3,42.882,-78.841,Assault
263180,267462,3,42.845,-78.808,Theft
263181,267463,3,42.871,-78.851,Breaking & Entering
263183,267465,3,42.864,-78.826,Theft of Vehicle
263187,267469,3,42.847,-78.83,Assault
263190,267472,3,42.888,-78.802,Robbery
263192,267474,3,42.892,-78.837,Robbery
263199,267481,3,42.895,-78.807,Assault
263207,267489,3,42.859,-78.812,Assault
263208,267490,3,42.897,-78.82,Breaking & Entering
263210,267492,3,42.832,-78.811,Theft
263238,267520,3,42.872,-78.811,Theft
263241,267523,3,42.878,-78.836,Assault
263251,267533,3,42.895,-78.83,Assault
263254,267536,3,42.877,-78.848,Assault
263269,267551,3,42.857,-78.829,Assault
263278,267560,3,42.888,-78.815,Breaking & Entering
263285,267567,3,42.885,-78.81,Assault
263291,267573,3,42.896,-78.833,Breaking & Entering
263293,267575,3,42.847,-78.824,Theft
263296,267578,3,42.85,-78.824,Theft
263297,267579,3,42.843,-78.832,Assault
263301,267584,3,42.895,-78.808,Theft of Vehicle
263305,267588,3,42.897,-78.814,Theft
263306,267589,3,42.855,-78.808,Theft
263310,267593,3,42.869,-78.811,Breaking & Entering
263313,267596,3,42.868,-78.846,Theft
263322,267605,3,42.859,-78.811,Theft of Vehicle
263325,267608,3,42.864,-78.815,Theft
263330,267613,3,42.893,-78.839,Theft
263339,267622,3,42.894,-78.807,Breaking & Entering
263340,267623,3,42.897,-78.814,Robbery
263342,267625,3,42.894,-78.808,Theft
263345,267628,3,42.871,-78.83,Theft
263349,267632,3,42.892,-78.83,Breaking & Entering
263350,267633,3,42.851,-78.818,Theft of Vehicle
263352,267635,3,42.899,-78.817,Theft
263354,267637,3,42.858,-78.825,Theft
263356,267639,3,42.895,-78.828,Assault
263362,267645,3,42.854,-78.828,Breaking & Entering
263368,267651,3,42.898,-78.807,Theft
263371,267654,3,42.839,-78.824,Theft
263376,267659,3,42.879,-78.832,Breaking & Entering
263377,267660,3,42.843,-78.824,Theft
263378,267661,3,42.86,-78.825,Theft
263380,267663,3,42.843,-78.824,Breaking & Entering
263384,267667,3,42.848,-78.827,Breaking & Entering
263391,267674,3,42.896,-78.835,Theft
263401,267685,3,42.893,-78.81,Breaking & Entering
263402,267686,3,42.892,-78.83,Theft
263405,267689,3,42.857,-78.837,Theft
263406,267690,3,42.875,-78.816,Theft
263414,267698,3,42.857,-78.812,Theft
263426,267711,3,42.871,-78.805,Breaking & Entering
263428,267713,3,42.871,-78.81,Breaking & Entering
263431,267716,3,42.892,-78.827,Assault
263434,267719,3,42.896,-78.841,Theft
263441,267726,3,42.894,-78.808,Assault
263458,267744,3,42.85,-78.815,Theft
263466,267752,3,42.873,-78.814,Assault
263473,267759,3,42.854,-78.816,Breaking & Entering
263477,267763,3,42.879,-78.834,Breaking & Entering
263488,267774,3,42.881,-78.8,Robbery
263492,267778,3,42.879,-78.848,Theft of Vehicle
263498,267784,3,42.86,-78.825,Theft
263501,267787,3,42.856,-78.827,Breaking & Entering
263505,267791,3,42.845,-78.824,Theft
263511,267797,3,42.851,-78.828,Assault
263523,267809,3,42.86,-78.806,Robbery
263526,267812,3,42.89,-78.815,Breaking & Entering
263541,267827,3,42.834,-78.824,Theft
263555,267841,3,42.876,-78.852,Theft
263556,267842,3,42.873,-78.85,Breaking & Entering
263558,267844,3,42.852,-78.803,Theft
263562,267849,3,42.87,-78.834,Assault
263566,267853,3,42.895,-78.839,Theft
263568,267855,3,42.871,-78.812,Theft of Vehicle
263573,267860,3,42.867,-78.838,Breaking & Entering
263578,267865,3,42.896,-78.82,Theft
263589,267876,3,42.887,-78.809,Assault
263591,267878,3,42.869,-78.808,Assault
263595,267882,3,42.86,-78.812,Theft
263603,267890,3,42.874,-78.805,Theft
263609,267896,3,42.882,-78.801,Breaking & Entering
263617,267904,3,42.851,-78.806,Theft
263618,267905,3,42.857,-78.835,Breaking & Entering
263642,267930,3,42.855,-78.825,Assault
263646,267934,3,42.844,-78.832,Theft
263648,267936,3,42.876,-78.804,Breaking & Entering
263652,267940,3,42.853,-78.804,Theft of Vehicle
263655,267943,3,42.891,-78.804,Theft
263656,267944,3,42.893,-78.839,Theft
263662,267950,3,42.859,-78.83,Theft
263671,267959,3,42.833,-78.824,Assault
263686,267974,3,42.858,-78.813,Theft of Vehicle
263687,267975,3,42.897,-78.818,Theft
263690,267978,3,42.89,-78.802,Theft
263695,267983,3,42.874,-78.827,Theft
263699,267987,3,42.89,-78.815,Theft
263700,267988,3,42.866,-78.83,Assault
263708,267997,3,42.837,-78.824,Theft
263715,268004,3,42.838,-78.808,Robbery
263730,268019,3,42.871,-78.833,Theft
263734,268023,3,42.855,-78.836,Breaking & Entering
263740,268029,3,42.85,-78.814,Theft of Vehicle
263743,268032,3,42.856,-78.833,Assault
263748,268037,3,42.883,-78.836,Theft
263761,268050,3,42.895,-78.826,Assault
263768,268057,3,42.851,-78.828,Theft
263781,268070,3,42.875,-78.803,Theft of Vehicle
263782,268071,3,42.851,-78.803,Breaking & Entering
263792,268081,3,42.848,-78.828,Theft
263798,268087,3,42.892,-78.832,Assault
263805,268094,3,42.898,-78.799,Assault
263810,268099,3,42.889,-78.801,Assault
263819,268108,3,42.893,-78.834,Theft
263828,268117,3,42.897,-78.816,Theft of Vehicle
263830,268119,3,42.877,-78.851,Robbery
263831,268120,3,42.898,-78.835,Assault
263832,268121,3,42.872,-78.811,Theft of Vehicle
263837,268128,3,42.851,-78.806,Theft
263839,268130,3,42.899,-78.822,Breaking & Entering
263843,268134,3,42.887,-78.841,Assault
263850,268141,3,42.899,-78.81,Theft
263851,268142,3,42.899,-78.822,Assault
263864,268155,3,42.868,-78.809,Assault
263868,268159,3,42.892,-78.827,Theft
263874,268165,3,42.868,-78.855,Breaking & Entering
263876,268167,3,42.87,-78.809,Breaking & Entering
263878,268169,3,42.844,-78.816,Assault
263901,268192,3,42.852,-78.815,Breaking & Entering
263911,268202,3,42.893,-78.803,Assault
263915,268206,3,42.855,-78.832,Theft
263916,268207,3,42.877,-78.811,Theft
263917,268208,3,42.859,-78.808,Theft
263920,268211,3,42.891,-78.816,Theft
263921,268212,3,42.884,-78.844,Breaking & Entering
263925,268216,3,42.851,-78.804,Theft
263926,268217,3,42.897,-78.821,Breaking & Entering
263932,268223,3,42.893,-78.839,Robbery
263934,268225,3,42.872,-78.813,Theft
263942,268233,3,42.842,-78.821,Assault
263946,268237,3,42.85,-78.817,Assault
263948,268239,3,42.854,-78.829,Assault
263951,268242,3,42.877,-78.852,Theft
263958,268250,3,42.892,-78.825,Breaking & Entering
263962,268254,3,42.886,-78.815,Breaking & Entering
263966,268258,3,42.896,-78.822,Theft
263967,268259,3,42.887,-78.809,Theft
263969,268261,3,42.858,-78.813,Theft
263970,268262,3,42.868,-78.809,Theft
263971,268263,3,42.855,-78.837,Theft of Vehicle
263973,268265,3,42.845,-78.822,Breaking & Entering
263995,268287,3,42.893,-78.839,Assault
264001,268293,3,42.869,-78.846,Breaking & Entering
264004,268296,3,42.862,-78.816,Breaking & Entering
264011,268303,3,42.854,-78.807,Theft of Vehicle
264012,268304,3,42.844,-78.824,Assault
264016,268308,3,42.886,-78.805,Assault
264022,268314,3,42.859,-78.835,Breaking & Entering
264031,268323,3,42.832,-78.811,Theft
264038,268330,3,42.848,-78.812,Theft
264043,268335,3,42.892,-78.802,Assault
264047,268339,3,42.847,-78.838,Theft
264050,268342,3,42.881,-78.836,Theft
264056,268350,3,42.844,-78.826,Theft
264067,268361,3,42.87,-78.844,Breaking & Entering
264070,268364,3,42.857,-78.828,Theft
264075,268369,3,42.897,-78.814,Robbery
264092,268386,3,42.89,-78.806,Assault
264093,268387,3,42.881,-78.832,Theft
264099,268393,3,42.897,-78.82,Assault
264101,268395,3,42.854,-78.81,Assault
264109,268403,3,42.856,-78.809,Breaking & Entering
264111,268405,3,42.889,-78.809,Theft
264125,268419,3,42.898,-78.807,Theft
264126,268420,3,42.855,-78.827,Breaking & Entering
264127,268421,3,42.886,-78.802,Breaking & Entering
264130,268424,3,42.853,-78.832,Breaking & Entering
264145,268439,3,42.856,-78.824,Assault
264150,268445,3,42.895,-78.833,Theft
264157,268452,3,42.856,-78.81,Theft
264158,268453,3,42.87,-78.834,Breaking & Entering
264164,268459,3,42.86,-78.816,Theft
264172,268469,3,42.84,-78.818,Theft
264175,268472,3,42.857,-78.829,Theft
264177,268474,3,42.871,-78.804,Theft
264179,268476,3,42.867,-78.823,Assault
264182,268479,3,42.887,-78.803,Robbery
264183,268480,3,42.861,-78.809,Assault
264191,268488,3,42.895,-78.817,Assault
264195,268492,3,42.883,-78.835,Robbery
264196,268493,3,42.856,-78.826,Assault
264208,268505,3,42.893,-78.839,Assault
264220,268517,3,42.88,-78.835,Theft
264229,268526,3,42.893,-78.835,Breaking & Entering
264232,268529,3,42.872,-78.807,Assault
264240,268537,3,42.896,-78.816,Robbery
264243,268540,3,42.853,-78.826,Assault
264254,268552,3,42.86,-78.815,Theft of Vehicle
264258,268556,3,42.854,-78.808,Theft
264275,268574,3,42.843,-78.807,Theft
264281,268580,3,42.897,-78.814,Theft of Vehicle
264283,268582,3,42.897,-78.839,Assault
264285,268584,3,42.891,-78.837,Assault
264286,268585,3,42.858,-78.831,Theft
264289,268588,3,42.866,-78.821,Theft
264295,268594,3,42.858,-78.831,Theft
264300,268599,3,42.845,-78.825,Assault
264301,268600,3,42.895,-78.831,Theft
264314,268613,3,42.853,-78.811,Theft
264320,268619,3,42.835,-78.805,Theft
264328,268627,3,42.87,-78.807,Assault
264330,268629,3,42.842,-78.824,Theft
264335,268634,3,42.874,-78.806,Theft
264336,268635,3,42.896,-78.815,Robbery
264345,268644,3,42.86,-78.814,Assault
264348,268647,3,42.898,-78.82,Assault
264357,268657,3,42.872,-78.808,Breaking & Entering
264361,268661,3,42.835,-78.823,Robbery
264368,268668,3,42.879,-78.845,Breaking & Entering
264375,268675,3,42.856,-78.817,Theft
264377,268677,3,42.851,-78.805,Theft of Vehicle
264384,268684,3,42.861,-78.817,Theft
264385,268685,3,42.899,-78.822,Assault
264388,268688,3,42.882,-78.829,Theft
264390,268690,3,42.895,-78.827,Breaking & Entering
264393,268693,3,42.893,-78.836,Theft of Vehicle
264394,268694,3,42.894,-78.836,Theft
264401,268701,3,42.867,-78.811,Theft
264405,268705,3,42.854,-78.833,Theft
264406,268706,3,42.898,-78.807,Robbery
264407,268707,3,42.857,-78.803,Breaking & Entering
264416,268716,3,42.854,-78.807,Breaking & Entering
264418,268718,3,42.87,-78.83,Breaking & Entering
264421,268721,3,42.888,-78.838,Robbery
264423,268723,3,42.873,-78.806,Breaking & Entering
264424,268724,3,42.892,-78.84,Assault
264427,268727,3,42.879,-78.835,Assault
264431,268731,3,42.867,-78.825,Breaking & Entering
264439,268739,3,42.839,-78.824,Breaking & Entering
264458,268759,3,42.852,-78.833,Theft
264467,268768,3,42.89,-78.802,Assault
264472,268773,3,42.888,-78.808,Theft
264474,268775,3,42.893,-78.839,Theft
264475,268776,3,42.889,-78.837,Breaking & Entering
264480,268781,3,42.853,-78.813,Theft of Vehicle
264483,268784,3,42.876,-78.826,Theft of Vehicle
264492,268793,3,42.845,-78.824,Theft
264494,268795,3,42.87,-78.832,Assault
264498,268799,3,42.897,-78.826,Assault
264501,268802,3,42.855,-78.831,Assault
264503,268804,3,42.892,-78.827,Breaking & Entering
264507,268808,3,42.856,-78.831,Theft
264523,268824,3,42.85,-78.83,Theft
264525,268826,3,42.857,-78.826,Theft
264532,268833,3,42.845,-78.824,Theft
264533,268834,3,42.875,-78.806,Breaking & Entering
264539,268840,3,42.874,-78.803,Theft
264541,268842,3,42.856,-78.81,Assault
264543,268844,3,42.854,-78.808,Theft
264545,268846,3,42.855,-78.827,Theft
264548,268849,3,42.893,-78.81,Theft of Vehicle
264551,268852,3,42.86,-78.815,Theft
264554,268855,3,42.889,-78.803,Breaking & Entering
264555,268856,3,42.897,-78.831,Theft
264556,268857,3,42.884,-78.829,Theft
264565,268866,3,42.844,-78.817,Theft
264577,268879,3,42.842,-78.822,Assault
264578,268880,3,42.851,-78.819,Breaking & Entering
264580,268883,3,42.896,-78.816,Assault
264587,268890,3,42.888,-78.809,Theft
264592,268895,3,42.898,-78.818,Assault
264600,268903,3,42.885,-78.804,Theft
264606,268909,3,42.842,-78.806,Breaking & Entering
264616,268919,3,42.855,-78.81,Robbery
264619,268922,3,42.84,-78.809,Breaking & Entering
264626,268929,3,42.843,-78.818,Assault
264634,268937,3,42.888,-78.814,Assault
264636,268940,3,42.879,-78.833,Breaking & Entering
264643,268947,3,42.861,-78.817,Breaking & Entering
264646,268950,3,42.894,-78.835,Assault
264648,268952,3,42.899,-78.84,Robbery
264650,268954,3,42.835,-78.82,Theft
264655,268959,3,42.891,-78.836,Breaking & Entering
264656,268960,3,42.843,-78.823,Breaking & Entering
264665,268969,3,42.87,-78.843,Theft
264667,268971,3,42.84,-78.82,Theft
264670,268974,3,42.86,-78.825,Theft of Vehicle
264673,268977,3,42.871,-78.835,Theft
264694,268999,3,42.896,-78.825,Robbery
264697,269002,3,42.844,-78.824,Assault
264700,269005,3,42.872,-78.808,Theft
264703,269008,3,42.863,-78.815,Theft
264704,269009,3,42.885,-78.809,Assault
264705,269010,3,42.887,-78.8,Theft
264714,269019,3,42.858,-78.807,Breaking & Entering
264738,269043,3,42.848,-78.822,Breaking & Entering
264740,269046,3,42.86,-78.825,Theft
264759,269065,3,42.89,-78.81,Assault
264760,269066,3,42.888,-78.837,Assault
264763,269069,3,42.886,-78.803,Theft
264765,269071,3,42.87,-78.834,Theft
264777,269083,3,42.873,-78.823,Theft
264780,269086,3,42.867,-78.805,Breaking & Entering
264783,269089,3,42.888,-78.807,Theft
264786,269092,3,42.886,-78.844,Assault
264795,269101,3,42.886,-78.805,Breaking & Entering
264797,269103,3,42.891,-78.831,Theft
264799,269105,3,42.89,-78.802,Robbery
264814,269121,3,42.869,-78.851,Assault
264828,269136,3,42.848,-78.812,Theft
264832,269140,3,42.842,-78.821,Breaking & Entering
264840,269148,3,42.884,-78.839,Theft
264847,269155,3,42.863,-78.821,Breaking & Entering
264851,269159,3,42.856,-78.809,Assault
264853,269161,3,42.855,-78.832,Assault
264855,269163,3,42.871,-78.849,Breaking & Entering
264856,269164,3,42.853,-78.803,Theft of Vehicle
264868,269176,3,42.899,-78.823,Assault
264869,269177,3,42.887,-78.807,Theft of Vehicle
264883,269191,3,42.891,-78.826,Breaking & Entering
264894,269202,3,42.873,-78.809,Assault
264915,269224,3,42.861,-78.814,Assault
264916,269225,3,42.896,-78.826,Theft
264933,269243,3,42.838,-78.831,Theft of Vehicle
264936,269246,3,42.888,-78.845,Breaking & Entering
264938,269248,3,42.847,-78.855,Theft
264949,269259,3,42.897,-78.814,Theft
264956,269266,3,42.838,-78.815,Theft
264959,269269,3,42.893,-78.805,Breaking & Entering
264960,269270,3,42.868,-78.81,Assault
264963,269273,3,42.887,-78.809,Theft
264965,269275,3,42.839,-78.824,Theft
264966,269276,3,42.897,-78.822,Theft
264968,269278,3,42.841,-78.82,Theft
264969,269279,3,42.89,-78.803,Theft
264979,269290,3,42.845,-78.832,Breaking & Entering
264988,269299,3,42.851,-78.822,Other Sexual Offense
264992,269303,3,42.878,-78.802,Theft
265004,269315,3,42.87,-78.834,Theft
265009,269320,3,42.873,-78.804,Breaking & Entering
265011,269322,3,42.886,-78.838,Breaking & Entering
265012,269323,3,42.837,-78.824,Theft of Vehicle
265016,269327,3,42.899,-78.822,Assault
265031,269342,3,42.838,-78.802,Breaking & Entering
265038,269349,3,42.884,-78.829,Theft
265041,269352,3,42.855,-78.814,Assault
265059,269370,3,42.859,-78.81,Robbery
265066,269377,3,42.897,-78.821,Assault
265069,269380,3,42.836,-78.826,Breaking & Entering
265072,269383,3,42.892,-78.811,Theft
265074,269385,3,42.888,-78.845,Assault
265079,269390,3,42.897,-78.823,Breaking & Entering
265084,269395,3,42.898,-78.807,Theft
265085,269396,3,42.847,-78.824,Theft
265091,269402,3,42.874,-78.804,Theft of Vehicle
265102,269413,3,42.887,-78.836,Breaking & Entering
265103,269414,3,42.898,-78.802,Breaking & Entering
265108,269419,3,42.837,-78.828,Theft
265112,269423,3,42.853,-78.807,Robbery
265114,269425,3,42.885,-78.839,Assault
265115,269426,3,42.888,-78.8,Breaking & Entering
265118,269429,3,42.861,-78.812,Theft
265125,269436,3,42.837,-78.824,Theft
265130,269441,3,42.839,-78.817,Assault
265136,269447,3,42.87,-78.856,Robbery
265140,269451,3,42.896,-78.824,Assault
265155,269467,3,42.857,-78.824,Theft
265161,269473,3,42.897,-78.814,Theft
265165,269477,3,42.846,-78.83,Sexual Assault
265178,269490,3,42.854,-78.828,Assault
265185,269497,3,42.893,-78.839,Theft
265190,269502,3,42.897,-78.816,Robbery
265193,269505,3,42.841,-78.809,Theft
265197,269509,3,42.88,-78.836,Breaking & Entering
265198,269510,3,42.871,-78.823,Theft
265199,269511,3,42.858,-78.814,Theft
265201,269513,3,42.894,-78.824,Assault
265202,269514,3,42.862,-78.811,Breaking & Entering
265204,269516,3,42.886,-78.803,Assault
265216,269528,3,42.889,-78.837,Breaking & Entering
265222,269534,3,42.872,-78.807,Robbery
265224,269536,3,42.858,-78.831,Theft
265233,269546,3,42.862,-78.813,Theft
265239,269552,3,42.856,-78.836,Assault
265242,269555,3,42.832,-78.811,Assault
265247,269560,3,42.896,-78.815,Theft
265252,269565,3,42.887,-78.802,Breaking & Entering
265253,269566,3,42.892,-78.833,Breaking & Entering
265254,269567,3,42.86,-78.816,Theft
265269,269582,3,42.897,-78.814,Robbery
265274,269587,3,42.859,-78.828,Theft
265275,269588,3,42.856,-78.808,Theft
265279,269593,3,42.838,-78.82,Theft
265289,269603,3,42.859,-78.807,Theft
265291,269605,3,42.856,-78.807,Theft
265302,269616,3,42.85,-78.803,Theft
265303,269617,3,42.897,-78.818,Assault
265306,269620,3,42.855,-78.817,Breaking & Entering
265307,269621,3,42.871,-78.816,Assault
265317,269631,3,42.86,-78.807,Theft
265319,269634,3,42.835,-78.824,Robbery
265322,269637,3,42.889,-78.808,Robbery
265330,269646,3,42.856,-78.805,Theft of Vehicle
265331,269647,3,42.87,-78.832,Assault
265332,269648,3,42.854,-78.812,Theft
265338,269654,3,42.863,-78.816,Breaking & Entering
265348,269664,3,42.842,-78.816,Theft
265352,269668,3,42.896,-78.824,Assault
265353,269669,3,42.866,-78.822,Assault
265360,269676,3,42.87,-78.855,Theft
265373,269689,3,42.898,-78.807,Theft
265375,269691,3,42.896,-78.817,Breaking & Entering
265376,269692,3,42.894,-78.804,Theft
265381,269697,3,42.852,-78.805,Theft
265384,269700,3,42.871,-78.834,Assault
265388,269704,3,42.893,-78.836,Breaking & Entering
265393,269709,3,42.886,-78.805,Theft
265397,269713,3,42.893,-78.82,Breaking & Entering
265402,269718,3,42.867,-78.808,Assault
265403,269719,3,42.856,-78.827,Theft
265405,269721,3,42.867,-78.847,Assault
265407,269723,3,42.853,-78.824,Theft
265412,269728,3,42.869,-78.806,Assault
265421,269737,3,42.851,-78.824,Theft
265427,269743,3,42.89,-78.808,Robbery
265434,269750,3,42.853,-78.828,Breaking & Entering
265445,269761,3,42.85,-78.803,Assault
265446,269762,3,42.849,-78.82,Breaking & Entering
265451,269767,3,42.887,-78.802,Robbery
265458,269774,3,42.872,-78.816,Breaking & Entering
265463,269779,3,42.897,-78.819,Breaking & Entering
265466,269782,3,42.847,-78.821,Theft
265471,269788,3,42.858,-78.815,Theft
265473,269790,3,42.876,-78.823,Theft
265474,269791,3,42.896,-78.838,Theft
265476,269793,3,42.842,-78.824,Breaking & Entering
265484,269801,3,42.848,-78.801,Assault
265485,269802,3,42.893,-78.814,Theft of Vehicle
265486,269803,3,42.848,-78.824,Assault
265490,269807,3,42.872,-78.815,Breaking & Entering
265502,269819,3,42.891,-78.832,Assault
265514,269831,3,42.887,-78.802,Breaking & Entering
265517,269834,3,42.843,-78.829,Theft of Vehicle
265519,269836,3,42.889,-78.832,Assault
265521,269838,3,42.851,-78.803,Theft
265523,269840,3,42.854,-78.82,Assault
265532,269849,3,42.892,-78.828,Theft
265535,269852,3,42.854,-78.832,Breaking & Entering
265540,269857,3,42.861,-78.811,Theft
265556,269873,3,42.841,-78.817,Breaking & Entering
265568,269885,3,42.85,-78.831,Breaking & Entering
265577,269894,3,42.86,-78.805,Breaking & Entering
265584,269901,3,42.87,-78.835,Assault
265588,269905,3,42.849,-78.833,Breaking & Entering
265596,269913,3,42.887,-78.841,Assault
265599,269916,3,42.879,-78.802,Theft
265603,269920,3,42.852,-78.802,Theft
265611,269928,3,42.895,-78.808,Breaking & Entering
265614,269931,3,42.855,-78.812,Robbery
265617,269934,3,42.894,-78.822,Assault
265637,269954,3,42.841,-78.824,Theft
265639,269956,3,42.871,-78.835,Theft
265640,269957,3,42.89,-78.808,Theft
265653,269971,3,42.896,-78.836,Robbery
265665,269983,3,42.854,-78.818,Theft
265666,269984,3,42.857,-78.808,Assault
265674,269993,3,42.894,-78.827,Theft
265685,270004,3,42.899,-78.81,Theft
265686,270005,3,42.895,-78.805,Assault
265700,270019,3,42.846,-78.802,Theft
265705,270024,3,42.857,-78.829,Theft
265707,270026,3,42.89,-78.833,Robbery
265709,270028,3,42.872,-78.824,Theft
265713,270032,3,42.89,-78.837,Theft of Vehicle
265716,270035,3,42.876,-78.83,Assault
265717,270036,3,42.892,-78.806,Sexual Assault
265723,270042,3,42.897,-78.833,Breaking & Entering
265724,270043,3,42.866,-78.822,Theft
265726,270045,3,42.887,-78.81,Theft
265729,270048,3,42.846,-78.822,Assault
265739,270058,3,42.844,-78.827,Theft
265751,270071,3,42.87,-78.846,Assault
265758,270078,3,42.896,-78.836,Theft
265773,270093,3,42.836,-78.809,Theft
265787,270110,3,42.833,-78.822,Theft
265793,270116,3,42.894,-78.836,Theft of Vehicle
265816,270139,3,42.889,-78.838,Theft
265821,270144,3,42.857,-78.833,Assault
265826,270149,3,42.848,-78.821,Assault
265836,270160,3,42.891,-78.806,Theft
265839,270163,3,42.857,-78.812,Theft
265842,270166,3,42.833,-78.819,Breaking & Entering
265846,270171,3,42.858,-78.831,Theft
265854,270179,3,42.847,-78.824,Theft
265857,270182,3,42.849,-78.816,Theft of Vehicle
265858,270183,3,42.856,-78.81,Assault
265862,270188,3,42.877,-78.842,Theft
265864,270190,3,42.852,-78.817,Theft
265872,270198,3,42.852,-78.826,Assault
265873,270199,3,42.897,-78.819,Assault
265874,270200,3,42.898,-78.82,Assault
265879,270205,3,42.828,-78.824,Theft
265882,270208,3,42.896,-78.82,Robbery
265884,270210,3,42.891,-78.832,Breaking & Entering
265889,270215,3,42.894,-78.826,Other Sexual Offense
265890,270216,3,42.847,-78.801,Theft
265892,270218,3,42.872,-78.81,Theft
265905,270231,3,42.897,-78.838,Theft
265907,270233,3,42.838,-78.808,Theft
265909,270235,3,42.881,-78.801,Theft
265915,270241,3,42.871,-78.81,Theft
265928,270254,3,42.861,-78.814,Robbery
265934,270260,3,42.892,-78.834,Assault
265936,270262,3,42.852,-78.829,Theft
265941,270267,3,42.837,-78.814,Theft
265942,270268,3,42.876,-78.828,Theft of Vehicle
265944,270270,3,42.896,-78.835,Theft
265949,270275,3,42.884,-78.829,Assault
265950,270276,3,42.844,-78.827,Assault
265952,270278,3,42.865,-78.822,Theft
265957,270284,3,42.893,-78.826,Theft
265959,270286,3,42.897,-78.811,Theft
265964,270291,3,42.89,-78.834,Theft of Vehicle
265969,270297,3,42.848,-78.823,Theft
265984,270312,3,42.854,-78.809,Theft
265987,270315,3,42.884,-78.845,Theft of Vehicle
266014,270343,3,42.854,-78.808,Theft
266021,270350,3,42.896,-78.821,Sexual Assault
266023,270352,3,42.858,-78.813,Breaking & Entering
266030,270359,3,42.893,-78.839,Robbery
266034,270363,3,42.856,-78.832,Assault
266042,270371,3,42.895,-78.82,Breaking & Entering
266045,270374,3,42.868,-78.81,Theft
266046,270375,3,42.891,-78.805,Theft
266048,270377,3,42.881,-78.807,Theft of Vehicle
266050,270379,3,42.848,-78.832,Robbery
266056,270385,3,42.857,-78.824,Theft
266064,270393,3,42.853,-78.807,Robbery
266067,270396,3,42.895,-78.82,Breaking & Entering
266069,270398,3,42.885,-78.814,Theft
266072,270401,3,42.894,-78.804,Theft of Vehicle
266079,270408,3,42.853,-78.803,Other Sexual Offense
266081,270410,3,42.891,-78.838,Theft
266100,270429,3,42.842,-78.808,Theft
266102,270431,3,42.888,-78.812,Robbery
266103,270432,3,42.869,-78.81,Breaking & Entering
266111,270440,3,42.894,-78.84,Breaking & Entering
266141,270470,3,42.852,-78.825,Theft
266146,270475,3,42.879,-78.843,Assault
266155,270484,3,42.858,-78.813,Theft
266156,270485,3,42.858,-78.816,Assault
266173,270502,3,42.854,-78.808,Assault
266174,270503,3,42.852,-78.816,Assault
266175,270504,3,42.842,-78.823,Theft
266177,270506,3,42.877,-78.804,Breaking & Entering
266178,270507,3,42.869,-78.832,Theft
266179,270508,3,42.894,-78.826,Assault
266181,270510,3,42.877,-78.814,Breaking & Entering
266186,270515,3,42.886,-78.807,Theft
266187,270516,3,42.891,-78.834,Theft
266210,270539,3,42.881,-78.834,Theft
266218,270547,3,42.895,-78.808,Theft
266220,270549,3,42.892,-78.814,Sexual Assault
266221,270550,3,42.869,-78.806,Assault
266223,270552,3,42.86,-78.813,Breaking & Entering
266231,270560,3,42.839,-78.817,Theft
266237,270566,3,42.863,-78.802,Theft
266238,270567,3,42.888,-78.807,Theft
266257,270586,3,42.871,-78.831,Theft
266258,270587,3,42.891,-78.831,Assault
266262,270592,3,42.856,-78.81,Theft
266270,270602,3,42.832,-78.821,Theft of Vehicle
266282,270614,3,42.852,-78.832,Breaking & Entering
266284,270616,3,42.898,-78.807,Theft
266287,270620,3,42.853,-78.824,Assault
266290,270623,3,42.895,-78.828,Assault
266295,270628,3,42.873,-78.804,Theft
266296,270629,3,42.878,-78.801,Theft
266298,270631,3,42.894,-78.819,Theft
266308,270641,3,42.842,-78.811,Theft
266323,270657,3,42.856,-78.812,Robbery
266330,270664,3,42.852,-78.826,Theft
266331,270665,3,42.889,-78.811,Breaking & Entering
266334,270668,3,42.845,-78.821,Theft of Vehicle
266347,270682,3,42.897,-78.811,Assault
266351,270686,3,42.868,-78.837,Breaking & Entering
266363,270699,3,42.853,-78.819,Breaking & Entering
266365,270701,3,42.859,-78.81,Assault
266368,270704,3,42.865,-78.825,Theft
266375,270712,3,42.894,-78.804,Theft of Vehicle
266383,270720,3,42.857,-78.812,Theft
266384,270721,3,42.89,-78.804,Assault
266389,270727,3,42.841,-78.831,Breaking & Entering
266390,270728,3,42.858,-78.83,Robbery
266394,270732,3,42.898,-78.807,Theft
266400,270738,3,42.858,-78.807,Theft
266404,270742,3,42.887,-78.842,Assault
266409,270747,3,42.894,-78.836,Breaking & Entering
266412,270750,3,42.859,-78.825,Theft
266418,270756,3,42.872,-78.83,Theft of Vehicle
266420,270758,3,42.848,-78.812,Assault
266427,270765,3,42.856,-78.809,Theft of Vehicle
266429,270767,3,42.852,-78.826,Breaking & Entering
266431,270769,3,42.872,-78.838,Theft of Vehicle
266436,270774,3,42.857,-78.829,Theft
266442,270780,3,42.889,-78.808,Theft
266452,270790,3,42.875,-78.802,Theft
266454,270792,3,42.857,-78.824,Theft
266470,270808,3,42.895,-78.835,Assault
266471,270809,3,42.888,-78.809,Assault
266479,270817,3,42.886,-78.846,Theft
266482,270821,3,42.855,-78.809,Assault
266499,270839,3,42.853,-78.807,Theft
266501,270841,3,42.833,-78.816,Theft
266503,270843,3,42.871,-78.81,Theft of Vehicle
266506,270846,3,42.852,-78.802,Breaking & Entering
266511,270851,3,42.887,-78.844,Assault
266538,270878,3,42.893,-78.839,Assault
266550,270890,3,42.885,-78.814,Theft
266561,270902,3,42.896,-78.8,Theft
266566,270907,3,42.896,-78.816,Assault
266580,270921,3,42.871,-78.843,Theft
266583,270924,3,42.846,-78.828,Theft of Vehicle
266584,270925,3,42.866,-78.851,Theft
266588,270929,3,42.871,-78.831,Assault
266594,270935,3,42.868,-78.809,Theft
266601,270942,3,42.895,-78.823,Theft
266607,270948,3,42.898,-78.816,Breaking & Entering
266612,270953,3,42.885,-78.806,Assault
266613,270954,3,42.858,-78.81,Breaking & Entering
266616,270957,3,42.855,-78.834,Assault
266624,270965,3,42.878,-78.801,Theft
266625,270966,3,42.894,-78.842,Theft of Vehicle
266626,270967,3,42.854,-78.82,Assault
266628,270969,3,42.858,-78.817,Assault
266632,270973,3,42.845,-78.813,Breaking & Entering
266633,270974,3,42.864,-78.823,Theft
266634,270975,3,42.858,-78.83,Theft
266635,270976,3,42.887,-78.804,Theft
266642,270983,3,42.899,-78.817,Theft
266643,270984,3,42.894,-78.842,Breaking & Entering
266648,270990,3,42.888,-78.807,Theft
266654,270996,3,42.896,-78.824,Robbery
266662,271004,3,42.871,-78.837,Theft
266665,271007,3,42.868,-78.807,Breaking & Entering
266668,271010,3,42.856,-78.836,Theft
266669,271011,3,42.841,-78.824,Theft
266670,271012,3,42.879,-78.836,Assault
266671,271013,3,42.894,-78.842,Theft
266673,271015,3,42.849,-78.831,Assault
266681,271023,3,42.895,-78.822,Breaking & Entering
266683,271025,3,42.891,-78.838,Robbery
266687,271029,3,42.895,-78.825,Breaking & Entering
266690,271032,3,42.858,-78.831,Theft
266691,271033,3,42.872,-78.808,Breaking & Entering
266699,271041,3,42.899,-78.819,Breaking & Entering
266705,271047,3,42.855,-78.812,Assault
266708,271050,3,42.881,-78.842,Theft
266711,271053,3,42.886,-78.84,Assault
266714,271056,3,42.837,-78.809,Breaking & Entering
266727,271069,3,42.873,-78.829,Theft of Vehicle
266730,271073,3,42.896,-78.8,Theft
266750,271093,3,42.859,-78.808,Breaking & Entering
266759,271102,3,42.848,-78.824,Assault
266761,271104,3,42.892,-78.833,Assault
266763,271106,3,42.859,-78.81,Assault
266768,271111,3,42.891,-78.83,Assault
266774,271117,3,42.896,-78.836,Theft
266779,271122,3,42.868,-78.808,Theft of Vehicle
266780,271123,3,42.878,-78.847,Assault
266781,271124,3,42.896,-78.823,Theft
266783,271126,3,42.897,-78.814,Assault
266791,271135,3,42.874,-78.804,Breaking & Entering
266793,271137,3,42.857,-78.833,Assault
266795,271139,3,42.854,-78.825,Assault
266798,271142,3,42.894,-78.838,Breaking & Entering
266799,271143,3,42.864,-78.844,Theft
266801,271145,3,42.848,-78.824,Sexual Assault
266809,271153,3,42.898,-78.83,Breaking & Entering
266821,271165,3,42.896,-78.801,Theft
266826,271170,3,42.872,-78.831,Breaking & Entering
266830,271174,3,42.86,-78.825,Robbery
266832,271176,3,42.866,-78.826,Theft
266833,271177,3,42.837,-78.811,Theft
266838,271182,3,42.895,-78.83,Assault
266839,271183,3,42.896,-78.824,Assault
266845,271189,3,42.891,-78.836,Assault
266852,271196,3,42.897,-78.831,Breaking & Entering
266853,271197,3,42.852,-78.822,Breaking & Entering
266865,271209,3,42.883,-78.836,Theft of Vehicle
266869,271213,3,42.893,-78.841,Theft
266881,271225,3,42.857,-78.813,Theft
266886,271230,3,42.898,-78.835,Theft
266895,271239,3,42.89,-78.804,Assault
266899,271243,3,42.851,-78.814,Theft
266900,271244,3,42.889,-78.808,Theft
266908,271252,3,42.893,-78.839,Assault
266909,271253,3,42.87,-78.839,Theft of Vehicle
266918,271262,3,42.872,-78.831,Theft
266920,271264,3,42.848,-78.801,Assault
266921,271265,3,42.885,-78.804,Breaking & Entering
266922,271266,3,42.895,-78.838,Assault
266928,271272,3,42.892,-78.835,Breaking & Entering
266937,271281,3,42.889,-78.838,Theft
266941,271285,3,42.844,-78.829,Assault
266947,271292,3,42.895,-78.822,Breaking & Entering
266950,271295,3,42.876,-78.85,Robbery
266959,271304,3,42.868,-78.849,Assault
266962,271307,3,42.877,-78.805,Theft
266969,271314,3,42.84,-78.824,Theft
266975,271320,3,42.891,-78.807,Breaking & Entering
266985,271330,3,42.888,-78.805,Breaking & Entering
266989,271334,3,42.889,-78.815,Assault
266995,271340,3,42.846,-78.828,Theft
267012,271357,3,42.887,-78.803,Breaking & Entering
267028,271373,3,42.895,-78.842,Breaking & Entering
267033,271378,3,42.896,-78.825,Robbery
267034,271379,3,42.858,-78.81,Theft of Vehicle
267042,271387,3,42.895,-78.82,Assault
267046,271391,3,42.848,-78.812,Theft
267075,271420,3,42.833,-78.824,Theft
267084,271429,3,42.873,-78.805,Breaking & Entering
267087,271432,3,42.892,-78.844,Breaking & Entering
267089,271434,3,42.892,-78.835,Theft of Vehicle
267094,271439,3,42.852,-78.827,Breaking & Entering
267098,271443,3,42.897,-78.814,Theft
267102,271447,3,42.887,-78.81,Theft
267103,271448,3,42.892,-78.823,Assault
267104,271449,3,42.899,-78.816,Robbery
267107,271452,3,42.844,-78.824,Theft
267109,271454,3,42.847,-78.818,Theft
267111,271456,3,42.883,-78.845,Breaking & Entering
267127,271472,3,42.847,-78.832,Breaking & Entering
267129,271474,3,42.851,-78.81,Theft of Vehicle
267132,271477,3,42.871,-78.831,Theft of Vehicle
267135,271480,3,42.899,-78.817,Assault
267143,271489,3,42.872,-78.811,Assault
267147,271493,3,42.882,-78.831,Assault
267150,271496,3,42.846,-78.832,Theft
267151,271498,3,42.895,-78.827,Breaking & Entering
267155,271502,3,42.871,-78.832,Theft
267157,271504,3,42.899,-78.823,Theft
267160,271507,3,42.87,-78.812,Theft
267163,271511,3,42.899,-78.822,Assault
267177,271525,3,42.866,-78.802,Assault
267182,271530,3,42.846,-78.825,Other Sexual Offense
267184,271532,3,42.878,-78.84,Theft of Vehicle
267197,271545,3,42.853,-78.823,Assault
267198,271546,3,42.893,-78.839,Theft of Vehicle
267208,271557,3,42.845,-78.813,Assault
267215,271564,3,42.857,-78.821,Assault
267217,271566,3,42.859,-78.825,Assault
267220,271569,3,42.889,-78.839,Assault
267226,271575,3,42.848,-78.812,Theft
267228,271577,3,42.891,-78.809,Theft
267258,271609,3,42.893,-78.831,Robbery
267259,271610,3,42.897,-78.818,Robbery
267260,271611,3,42.895,-78.809,Assault
267262,271613,3,42.872,-78.843,Assault
267264,271615,3,42.842,-78.823,Breaking & Entering
267266,271617,3,42.887,-78.815,Theft of Vehicle
267268,271619,3,42.853,-78.808,Theft
267272,271623,3,42.895,-78.804,Breaking & Entering
267281,271632,3,42.877,-78.851,Theft
267284,271635,3,42.878,-78.834,Theft
267293,271644,3,42.856,-78.836,Theft
267295,271646,3,42.876,-78.828,Theft
267306,271657,3,42.887,-78.84,Assault
267308,271659,3,42.895,-78.839,Assault
267316,271667,3,42.85,-78.827,Theft
267321,271673,3,42.898,-78.817,Theft
267326,271678,3,42.892,-78.814,Theft of Vehicle
267332,271685,3,42.866,-78.805,Theft
267336,271689,3,42.851,-78.829,Assault
267340,271693,3,42.893,-78.829,Breaking & Entering
267344,271697,3,42.888,-78.815,Breaking & Entering
267362,271715,3,42.889,-78.838,Assault
267364,271717,3,42.857,-78.823,Theft
267380,271734,3,42.887,-78.84,Breaking & Entering
267381,271735,3,42.835,-78.809,Robbery
267391,271745,3,42.873,-78.842,Theft
267396,271750,3,42.851,-78.822,Theft
267398,271752,3,42.858,-78.819,Assault
267405,271759,3,42.848,-78.812,Theft of Vehicle
267406,271760,3,42.89,-78.801,Theft
267409,271763,3,42.897,-78.814,Theft
267416,271770,3,42.842,-78.824,Breaking & Entering
267420,271774,3,42.847,-78.801,Assault
267424,271778,3,42.895,-78.809,Breaking & Entering
267428,271782,3,42.848,-78.824,Assault
267431,271785,3,42.893,-78.837,Theft
267470,271824,3,42.87,-78.804,Breaking & Entering
267472,271826,3,42.869,-78.812,Assault
267473,271827,3,42.854,-78.828,Theft of Vehicle
267482,271836,3,42.837,-78.825,Breaking & Entering
267496,271851,3,42.849,-78.818,Breaking & Entering
267501,271856,3,42.864,-78.802,Theft
267506,271861,3,42.854,-78.829,Theft
267512,271867,3,42.894,-78.827,Theft
267518,271873,3,42.838,-78.824,Theft
267519,271874,3,42.878,-78.834,Breaking & Entering
267520,271875,3,42.883,-78.832,Theft
267523,271878,3,42.858,-78.831,Theft
267531,271886,3,42.853,-78.828,Assault
267536,271891,3,42.856,-78.817,Theft
267539,271894,3,42.897,-78.806,Breaking & Entering
267544,271899,3,42.898,-78.806,Breaking & Entering
267577,271932,3,42.859,-78.827,Assault
267580,271936,3,42.848,-78.824,Theft
267596,271952,3,42.854,-78.825,Theft
267602,271958,3,42.871,-78.81,Theft
267604,271960,3,42.88,-78.84,Assault
267614,271971,3,42.876,-78.827,Breaking & Entering
267615,271972,3,42.855,-78.827,Assault
267618,271975,3,42.889,-78.811,Assault
267619,271976,3,42.871,-78.851,Theft
267629,271986,3,42.888,-78.838,Assault
267632,271989,3,42.872,-78.801,Theft
267634,271991,3,42.855,-78.824,Theft of Vehicle
267644,272001,3,42.849,-78.803,Theft
267649,272006,3,42.89,-78.844,Assault
267651,272008,3,42.889,-78.813,Assault
267668,272025,3,42.88,-78.846,Robbery
267673,272030,3,42.89,-78.803,Theft
267677,272034,3,42.888,-78.837,Assault
267679,272036,3,42.875,-78.806,Breaking & Entering
267682,272039,3,42.888,-78.846,Breaking & Entering
267684,272041,3,42.894,-78.841,Theft of Vehicle
267686,272043,3,42.848,-78.823,Breaking & Entering
267687,272044,3,42.837,-78.801,Breaking & Entering
267691,272048,3,42.883,-78.845,Assault
267693,272050,3,42.89,-78.806,Breaking & Entering
267695,272052,3,42.892,-78.84,Theft
267704,272061,3,42.851,-78.827,Theft
267705,272062,3,42.85,-78.826,Theft
267715,272073,3,42.872,-78.82,Theft
267720,272078,3,42.899,-78.815,Assault
267733,272091,3,42.848,-78.812,Theft
267755,272115,3,42.893,-78.827,Breaking & Entering
267757,272117,3,42.897,-78.816,Theft of Vehicle
267760,272120,3,42.858,-78.831,Breaking & Entering
267762,272122,3,42.846,-78.832,Assault
267764,272124,3,42.893,-78.831,Theft
267772,272132,3,42.892,-78.836,Breaking & Entering
267773,272133,3,42.893,-78.839,Theft
267788,272148,3,42.854,-78.808,Theft
267789,272149,3,42.894,-78.822,Theft
267791,272151,3,42.856,-78.823,Theft
267794,272154,3,42.869,-78.81,Assault
267804,272164,3,42.858,-78.831,Theft
267810,272170,3,42.85,-78.803,Theft
267812,272172,3,42.885,-78.81,Breaking & Entering
267819,272179,3,42.837,-78.82,Theft
267823,272183,3,42.893,-78.839,Breaking & Entering
267827,272187,3,42.892,-78.827,Breaking & Entering
267834,272194,3,42.891,-78.831,Theft
267842,272202,3,42.892,-78.837,Robbery
267844,272204,3,42.867,-78.849,Theft
267852,272212,3,42.845,-78.825,Other Sexual Offense
267854,272214,3,42.888,-78.809,Assault
267858,272218,3,42.872,-78.807,Sexual Assault
267859,272219,3,42.854,-78.828,Robbery
267868,272228,3,42.847,-78.836,Theft of Vehicle
267877,272237,3,42.872,-78.812,Robbery
267893,272253,3,42.851,-78.806,Assault
267898,272258,3,42.897,-78.818,Assault
267901,272261,3,42.836,-78.807,Theft of Vehicle
267904,272264,3,42.894,-78.807,Theft
267914,272275,3,42.897,-78.837,Theft of Vehicle
267916,272277,3,42.875,-78.809,Breaking & Entering
267921,272282,3,42.847,-78.855,Theft
267925,272286,3,42.892,-78.84,Sexual Assault
267927,272288,3,42.872,-78.842,Theft
267934,272295,3,42.895,-78.828,Breaking & Entering
267936,272297,3,42.895,-78.823,Theft
267938,272299,3,42.885,-78.846,Theft
267946,272307,3,42.899,-78.82,Breaking & Entering
267956,272317,3,42.865,-78.825,Theft of Vehicle
267958,272319,3,42.85,-78.815,Theft
267961,272322,3,42.894,-78.824,Assault
267973,272334,3,42.89,-78.814,Assault
267979,272340,3,42.887,-78.838,Assault
267982,272343,3,42.896,-78.842,Assault
267985,272346,3,42.858,-78.821,Theft
267986,272347,3,42.862,-78.816,Breaking & Entering
267987,272349,3,42.87,-78.801,Theft
267993,272355,3,42.881,-78.801,Breaking & Entering
267996,272358,3,42.849,-78.823,Theft
268003,272366,3,42.855,-78.809,Theft of Vehicle
268011,272375,3,42.848,-78.812,Assault
268020,272384,3,42.896,-78.816,Theft
268021,272385,3,42.898,-78.832,Theft
268029,272393,3,42.887,-78.844,Theft
268040,272404,3,42.888,-78.816,Assault
268041,272405,3,42.848,-78.824,Theft
268059,272423,3,42.893,-78.837,Theft
268063,272427,3,42.858,-78.812,Breaking & Entering
268065,272429,3,42.893,-78.841,Theft
268069,272433,3,42.872,-78.82,Breaking & Entering
268086,272450,3,42.847,-78.801,Breaking & Entering
268091,272455,3,42.896,-78.818,Theft
268102,272466,3,42.866,-78.849,Theft
268103,272467,3,42.889,-78.81,Theft
268108,272472,3,42.897,-78.825,Breaking & Entering
268111,272475,3,42.897,-78.817,Theft of Vehicle
268112,272476,3,42.886,-78.843,Sexual Offense
268115,272479,3,42.874,-78.826,Theft
268134,272500,3,42.894,-78.82,Breaking & Entering
268139,272505,3,42.858,-78.827,Breaking & Entering
268143,272509,3,42.856,-78.81,Theft
268144,272510,3,42.873,-78.849,Assault
268160,272526,3,42.898,-78.807,Theft
268185,272551,3,42.891,-78.837,Assault
268197,272563,3,42.896,-78.825,Assault
268198,272564,3,42.826,-78.834,Theft
268210,272576,3,42.855,-78.818,Theft
268212,272578,3,42.891,-78.801,Other Sexual Offense
268215,272581,3,42.893,-78.839,Assault
268217,272583,3,42.892,-78.835,Theft
268222,272588,3,42.866,-78.829,Theft
268223,272589,3,42.842,-78.806,Theft
268231,272597,3,42.897,-78.84,Assault
268238,272604,3,42.846,-78.821,Breaking & Entering
268239,272605,3,42.848,-78.812,Theft
268240,272606,3,42.896,-78.824,Robbery
268243,272609,3,42.856,-78.836,Breaking & Entering
268244,272610,3,42.894,-78.839,Theft
268256,272622,3,42.894,-78.835,Theft
268262,272628,3,42.895,-78.826,Assault
268263,272629,3,42.87,-78.806,Assault
268266,272632,3,42.855,-78.831,Theft
268267,272633,3,42.886,-78.814,Breaking & Entering
268268,272634,3,42.896,-78.817,Theft
268269,272635,3,42.865,-78.825,Theft
268277,272643,3,42.884,-78.836,Theft
268284,272650,3,42.889,-78.808,Assault
268285,272651,3,42.868,-78.847,Assault
268287,272653,3,42.89,-78.832,Theft
268293,272659,3,42.893,-78.837,Theft
268294,272660,3,42.897,-78.814,Assault
268311,272677,3,42.852,-78.82,Theft
268314,272680,3,42.845,-78.829,Assault
268318,272684,3,42.848,-78.817,Breaking & Entering
268323,272689,3,42.859,-78.834,Theft
268325,272691,3,42.865,-78.824,Theft
268337,272704,3,42.873,-78.812,Assault
268345,272712,3,42.857,-78.806,Theft
268346,272713,3,42.885,-78.832,Robbery
268347,272714,3,42.881,-78.833,Breaking & Entering
268354,272721,3,42.889,-78.813,Breaking & Entering
268356,272723,3,42.879,-78.807,Theft
268359,272726,3,42.892,-78.838,Theft
268362,272729,3,42.86,-78.825,Theft
268374,272741,3,42.858,-78.805,Theft
268377,272744,3,42.871,-78.834,Assault
268382,272749,3,42.835,-78.824,Assault
268383,272750,3,42.851,-78.81,Theft
268390,272757,3,42.868,-78.85,Breaking & Entering
268395,272762,3,42.89,-78.803,Breaking & Entering
268402,272769,3,42.898,-78.822,Breaking & Entering
268407,272774,3,42.87,-78.849,Assault
268418,272785,3,42.898,-78.836,Assault
268421,272788,3,42.89,-78.835,Theft
268430,272797,3,42.87,-78.826,Breaking & Entering
268431,272798,3,42.871,-78.804,Assault
268448,272815,3,42.86,-78.814,Breaking & Entering
268453,272820,3,42.851,-78.801,Assault
268456,272823,3,42.87,-78.81,Breaking & Entering
268457,272824,3,42.854,-78.824,Theft
268463,272830,3,42.847,-78.824,Theft
268467,272834,3,42.886,-78.813,Breaking & Entering
268471,272838,3,42.897,-78.82,Breaking & Entering
268480,272847,3,42.858,-78.831,Theft
268481,272848,3,42.868,-78.809,Theft
268491,272858,3,42.895,-78.822,Assault
268513,272880,3,42.896,-78.833,Breaking & Entering
268516,272883,3,42.858,-78.814,Theft
268519,272886,3,42.898,-78.818,Assault
268522,272889,3,42.861,-78.81,Theft
268529,272896,3,42.897,-78.815,Assault
268537,272904,3,42.893,-78.833,Theft
268538,272905,3,42.894,-78.835,Theft
268543,272910,3,42.858,-78.808,Breaking & Entering
268544,272911,3,42.857,-78.812,Theft
268547,272914,3,42.853,-78.824,Breaking & Entering
268548,272915,3,42.892,-78.839,Theft
268555,272923,3,42.858,-78.83,Theft
268559,272927,3,42.889,-78.837,Assault
268565,272933,3,42.896,-78.832,Breaking & Entering
268572,272941,3,42.876,-78.829,Theft
268597,272966,3,42.842,-78.827,Breaking & Entering
268610,272979,3,42.881,-78.84,Assault
268615,272984,3,42.887,-78.802,Theft
268623,272992,3,42.85,-78.823,Theft
268626,272995,3,42.897,-78.838,Theft
268629,272998,3,42.877,-78.847,Theft
268632,273001,3,42.891,-78.838,Theft of Vehicle
268634,273003,3,42.866,-78.848,Theft
268662,273032,3,42.896,-78.815,Theft
268668,273038,3,42.896,-78.805,Breaking & Entering
268669,273039,3,42.867,-78.808,Theft
268678,273048,3,42.857,-78.812,Theft
268681,273051,3,42.855,-78.826,Theft
268687,273057,3,42.891,-78.841,Theft
268712,273082,3,42.895,-78.822,Assault
268724,273094,3,42.882,-78.845,Breaking & Entering
268734,273104,3,42.897,-78.83,Theft of Vehicle
268741,273111,3,42.868,-78.81,Assault
268756,273126,3,42.897,-78.804,Theft
268759,273129,3,42.899,-78.814,Breaking & Entering
268780,273150,3,42.896,-78.819,Theft
268784,273155,3,42.835,-78.81,Theft of Vehicle
268787,273158,3,42.882,-78.829,Theft
268788,273159,3,42.894,-78.824,Breaking & Entering
268793,273164,3,42.857,-78.826,Assault
268798,273169,3,42.893,-78.841,Assault
268807,273178,3,42.895,-78.826,Theft
268810,273181,3,42.895,-78.836,Theft of Vehicle
268814,273185,3,42.858,-78.831,Theft
268823,273194,3,42.872,-78.801,Theft of Vehicle
268836,273207,3,42.855,-78.806,Breaking & Entering
268842,273213,3,42.871,-78.836,Sexual Assault
268844,273215,3,42.866,-78.823,Theft
268860,273231,3,42.857,-78.829,Robbery
268865,273236,3,42.898,-78.801,Theft
268869,273240,3,42.894,-78.834,Robbery
268870,273241,3,42.848,-78.823,Breaking & Entering
268871,273242,3,42.896,-78.824,Theft
268874,273245,3,42.895,-78.829,Theft of Vehicle
268887,273258,3,42.897,-78.837,Assault
268889,273260,3,42.855,-78.816,Theft
268892,273263,3,42.843,-78.823,Assault
268894,273265,3,42.853,-78.826,Theft
268897,273268,3,42.895,-78.829,Theft
268901,273272,3,42.891,-78.836,Theft
268904,273275,3,42.835,-78.823,Breaking & Entering
268915,273286,3,42.844,-78.828,Assault
268919,273290,3,42.887,-78.837,Other Sexual Offense
268920,273291,3,42.853,-78.832,Breaking & Entering
268954,273327,3,42.896,-78.815,Robbery
268973,273346,3,42.873,-78.826,Theft
268974,273347,3,42.858,-78.821,Theft of Vehicle
268999,273373,3,42.854,-78.821,Theft
269002,273376,3,42.87,-78.832,Assault
269009,273383,3,42.855,-78.827,Theft of Vehicle
269020,273394,3,42.842,-78.809,Theft
269027,273401,3,42.841,-78.804,Breaking & Entering
269041,273415,3,42.897,-78.816,Theft of Vehicle
269044,273418,3,42.855,-78.809,Theft of Vehicle
269049,273424,3,42.878,-78.801,Breaking & Entering
269052,273427,3,42.875,-78.81,Theft
269056,273431,3,42.863,-78.821,Assault
269059,273434,3,42.896,-78.808,Theft
269077,273452,3,42.89,-78.837,Theft
269081,273456,3,42.841,-78.822,Breaking & Entering
269087,273462,3,42.86,-78.806,Theft
269089,273464,3,42.886,-78.837,Theft
269091,273466,3,42.859,-78.812,Breaking & Entering
269102,273478,3,42.845,-78.813,Assault
269103,273479,3,42.844,-78.813,Theft
269106,273482,3,42.841,-78.807,Theft
269112,273488,3,42.851,-78.802,Assault
269113,273489,3,42.894,-78.83,Breaking & Entering
269115,273491,3,42.869,-78.827,Theft
269124,273500,3,42.896,-78.836,Assault
269147,273523,3,42.857,-78.807,Theft
269151,273527,3,42.872,-78.822,Theft
269157,273533,3,42.874,-78.806,Breaking & Entering
269159,273535,3,42.887,-78.815,Breaking & Entering
269162,273538,3,42.88,-78.839,Theft
269170,273546,3,42.895,-78.828,Robbery
269177,273553,3,42.848,-78.824,Theft
269186,273562,3,42.855,-78.808,Breaking & Entering
269188,273564,3,42.848,-78.816,Theft
269190,273566,3,42.855,-78.807,Theft
269192,273568,3,42.845,-78.824,Theft
269197,273573,3,42.877,-78.848,Theft
269198,273574,3,42.887,-78.803,Theft
269199,273575,3,42.832,-78.811,Theft
269200,273576,3,42.897,-78.826,Assault
269203,273579,3,42.898,-78.8,Theft
269216,273592,3,42.887,-78.81,Breaking & Entering
269219,273595,3,42.897,-78.818,Assault
269226,273602,3,42.894,-78.82,Theft
269227,273603,3,42.872,-78.81,Theft
269231,273607,3,42.852,-78.805,Theft
269237,273614,3,42.897,-78.841,Robbery
269239,273616,3,42.885,-78.83,Theft of Vehicle
269244,273621,3,42.895,-78.827,Assault
269246,273623,3,42.887,-78.837,Theft of Vehicle
269248,273625,3,42.841,-78.819,Breaking & Entering
269249,273626,3,42.859,-78.812,Theft
269262,273639,3,42.891,-78.837,Breaking & Entering
269264,273641,3,42.89,-78.841,Robbery
269266,273643,3,42.87,-78.807,Assault
269269,273646,3,42.896,-78.818,Breaking & Entering
269278,273655,3,42.89,-78.802,Theft
269280,273657,3,42.847,-78.821,Breaking & Entering
269288,273665,3,42.869,-78.828,Assault
269289,273666,3,42.871,-78.834,Theft
269294,273671,3,42.889,-78.807,Theft
269296,273673,3,42.898,-78.832,Breaking & Entering
269300,273677,3,42.853,-78.821,Assault
269306,273684,3,42.859,-78.812,Theft of Vehicle
269316,273694,3,42.875,-78.845,Assault
269318,273696,3,42.837,-78.809,Theft
269333,273711,3,42.851,-78.813,Theft
269337,273715,3,42.893,-78.826,Theft
269339,273717,3,42.892,-78.842,Assault
269357,273735,3,42.882,-78.833,Theft
269361,273739,3,42.88,-78.814,Theft
269365,273743,3,42.853,-78.808,Theft
269375,273753,3,42.845,-78.824,Theft
269378,273756,3,42.855,-78.809,Assault
269380,273758,3,42.894,-78.819,Theft
269387,273765,3,42.897,-78.814,Theft
269391,273769,3,42.893,-78.839,Theft
269395,273773,3,42.878,-78.833,Theft of Vehicle
269397,273775,3,42.85,-78.83,Breaking & Entering
269399,273777,3,42.836,-78.816,Theft
269401,273780,3,42.879,-78.846,Breaking & Entering
269407,273786,3,42.883,-78.827,Theft
269409,273788,3,42.857,-78.816,Assault
269418,273797,3,42.892,-78.832,Theft
269419,273798,3,42.847,-78.814,Theft
269422,273801,3,42.833,-78.821,Assault
269423,273802,3,42.885,-78.835,Breaking & Entering
269425,273804,3,42.853,-78.811,Breaking & Entering
269426,273805,3,42.873,-78.804,Breaking & Entering
269432,273811,3,42.895,-78.815,Breaking & Entering
269442,273821,3,42.848,-78.812,Theft
269454,273833,3,42.898,-78.818,Breaking & Entering
269455,273834,3,42.878,-78.833,Breaking & Entering
269458,273837,3,42.87,-78.833,Theft
269460,273839,3,42.897,-78.811,Theft
269465,273844,3,42.892,-78.833,Theft of Vehicle
269478,273857,3,42.873,-78.844,Breaking & Entering
269479,273858,3,42.892,-78.844,Theft
269480,273859,3,42.898,-78.807,Theft
269486,273865,3,42.898,-78.801,Breaking & Entering
269488,273867,3,42.889,-78.837,Theft
269492,273871,3,42.842,-78.823,Theft
269494,273873,3,42.846,-78.823,Assault
269499,273878,3,42.837,-78.82,Theft of Vehicle
269501,273880,3,42.893,-78.807,Assault
269516,273896,3,42.851,-78.809,Assault
269517,273897,3,42.848,-78.827,Theft
269525,273905,3,42.886,-78.84,Breaking & Entering
269531,273911,3,42.852,-78.829,Theft
269537,273918,3,42.884,-78.837,Breaking & Entering
269543,273924,3,42.847,-78.814,Assault
269545,273926,3,42.88,-78.835,Theft
269548,273929,3,42.87,-78.834,Assault
269559,273940,3,42.869,-78.806,Breaking & Entering
269562,273943,3,42.837,-78.806,Assault
269564,273945,3,42.877,-78.814,Theft
269567,273948,3,42.847,-78.855,Theft
269571,273952,3,42.872,-78.807,Robbery
269579,273960,3,42.889,-78.808,Theft of Vehicle
269589,273970,3,42.871,-78.815,Theft
269594,273975,3,42.836,-78.816,Theft
269606,273987,3,42.842,-78.83,Breaking & Entering
269610,273992,3,42.857,-78.831,Theft
269612,273994,3,42.894,-78.82,Assault
269618,274000,3,42.894,-78.832,Theft
269620,274002,3,42.854,-78.807,Breaking & Entering
269628,274010,3,42.868,-78.809,Breaking & Entering
269630,274012,3,42.858,-78.813,Breaking & Entering
269643,274025,3,42.88,-78.843,Assault
269649,274032,3,42.897,-78.823,Assault
269656,274039,3,42.867,-78.804,Assault
269658,274041,3,42.898,-78.807,Theft
269659,274042,3,42.853,-78.808,Breaking & Entering
269662,274045,3,42.855,-78.808,Breaking & Entering
269663,274046,3,42.853,-78.801,Robbery
269665,274048,3,42.868,-78.802,Breaking & Entering
269668,274051,3,42.869,-78.811,Theft
269681,274064,3,42.868,-78.846,Assault
269692,274075,3,42.835,-78.824,Assault
269696,274079,3,42.872,-78.811,Theft
269717,274100,3,42.844,-78.832,Assault
269718,274101,3,42.863,-78.821,Theft
269720,274103,3,42.89,-78.8,Theft of Vehicle
269721,274104,3,42.851,-78.81,Theft
269723,274106,3,42.896,-78.831,Breaking & Entering
269730,274114,3,42.894,-78.834,Robbery
269733,274117,3,42.895,-78.83,Robbery
269741,274125,3,42.872,-78.82,Robbery
269771,274156,3,42.888,-78.814,Theft
269775,274160,3,42.891,-78.816,Theft
269777,274162,3,42.898,-78.811,Theft
269781,274167,3,42.873,-78.808,Theft
269792,274178,3,42.838,-78.823,Theft
269797,274183,3,42.87,-78.803,Theft of Vehicle
269816,274202,3,42.876,-78.852,Breaking & Entering
269818,274204,3,42.858,-78.815,Theft
269824,274210,3,42.889,-78.814,Robbery
269834,274221,3,42.898,-78.807,Theft
269840,274227,3,42.874,-78.817,Theft
269844,274231,3,42.893,-78.839,Assault
269848,274235,3,42.894,-78.836,Theft
269853,274240,3,42.896,-78.833,Theft
269863,274250,3,42.898,-78.807,Assault
269864,274251,3,42.871,-78.811,Assault
269873,274260,3,42.833,-78.821,Breaking & Entering
269875,274262,3,42.858,-78.83,Assault
269890,274277,3,42.899,-78.831,Theft of Vehicle
269898,274285,3,42.852,-78.813,Theft
269918,274305,3,42.894,-78.804,Theft
269929,274316,3,42.857,-78.829,Sexual Assault
269935,274322,3,42.888,-78.802,Assault
269943,274330,3,42.87,-78.836,Assault
269950,274337,3,42.875,-78.806,Breaking & Entering
269954,274341,3,42.887,-78.802,Breaking & Entering
269955,274342,3,42.872,-78.805,Breaking & Entering
269958,274345,3,42.851,-78.803,Assault
269959,274346,3,42.898,-78.807,Theft
269965,274352,3,42.869,-78.811,Theft
269968,274355,3,42.857,-78.805,Theft
269978,274365,3,42.855,-78.829,Theft of Vehicle
269982,274369,3,42.881,-78.836,Breaking & Entering
269983,274370,3,42.893,-78.807,Breaking & Entering
269984,274371,3,42.858,-78.831,Theft
269993,274380,3,42.893,-78.818,Robbery
269995,274382,3,42.858,-78.825,Theft
270006,274394,3,42.891,-78.8,Other Sexual Offense
270007,274395,3,42.871,-78.833,Robbery
270008,274396,3,42.853,-78.828,Breaking & Entering
270032,274420,3,42.894,-78.834,Theft
270037,274425,3,42.854,-78.809,Theft of Vehicle
270040,274428,3,42.843,-78.815,Theft
270041,274429,3,42.856,-78.824,Theft
270042,274430,3,42.852,-78.806,Other Sexual Offense
270049,274437,3,42.856,-78.818,Theft
270064,274452,3,42.847,-78.832,Breaking & Entering
270072,274460,3,42.884,-78.839,Theft
270077,274465,3,42.862,-78.811,Theft
270082,274470,3,42.884,-78.839,Theft of Vehicle
270083,274471,3,42.857,-78.809,Breaking & Entering
270092,274480,3,42.897,-78.837,Assault
270102,274490,3,42.89,-78.815,Theft of Vehicle
270106,274494,3,42.892,-78.814,Breaking & Entering
270110,274498,3,42.889,-78.803,Breaking & Entering
270114,274502,3,42.858,-78.813,Assault
270124,274512,3,42.846,-78.824,Assault
270126,274514,3,42.849,-78.813,Assault
270127,274515,3,42.849,-78.814,Theft
270132,274520,3,42.87,-78.832,Theft
270134,274522,3,42.846,-78.802,Theft
270136,274524,3,42.872,-78.81,Theft
270142,274530,3,42.856,-78.809,Assault
270146,274534,3,42.861,-78.816,Theft
270147,274535,3,42.852,-78.801,Theft
270148,274536,3,42.837,-78.822,Theft
270151,274539,3,42.896,-78.82,Theft
270152,274540,3,42.886,-78.839,Theft
270158,274546,3,42.855,-78.81,Breaking & Entering
270163,274551,3,42.894,-78.83,Theft
270164,274552,3,42.851,-78.821,Assault
270168,274556,3,42.871,-78.807,Assault
270184,274572,3,42.842,-78.826,Theft
270190,274578,3,42.854,-78.808,Theft
270198,274586,3,42.843,-78.824,Theft
270199,274587,3,42.841,-78.823,Theft
270200,274588,3,42.855,-78.815,Breaking & Entering
270203,274591,3,42.845,-78.836,Theft
270204,274592,3,42.882,-78.84,Theft
270207,274595,3,42.877,-78.851,Theft
270208,274596,3,42.842,-78.818,Breaking & Entering
270214,274602,3,42.895,-78.838,Breaking & Entering
270218,274606,3,42.897,-78.833,Robbery
270223,274611,3,42.843,-78.822,Breaking & Entering
270250,274638,3,42.874,-78.81,Assault
270265,274653,3,42.845,-78.812,Theft
270266,274654,3,42.886,-78.839,Theft
270270,274658,3,42.848,-78.824,Theft
270280,274668,3,42.858,-78.81,Assault
270282,274670,3,42.896,-78.814,Assault
270283,274671,3,42.854,-78.831,Assault
270285,274673,3,42.857,-78.829,Theft
270289,274677,3,42.893,-78.829,Theft
270296,274684,3,42.875,-78.804,Breaking & Entering
270302,274690,3,42.896,-78.832,Breaking & Entering
270303,274691,3,42.837,-78.826,Breaking & Entering
270306,274694,3,42.896,-78.836,Robbery
270314,274702,3,42.87,-78.835,Assault
270318,274706,3,42.854,-78.808,Assault
270325,274713,3,42.882,-78.848,Theft
270327,274715,3,42.856,-78.826,Robbery
270330,274718,3,42.895,-78.806,Breaking & Entering
270331,274719,3,42.872,-78.807,Assault
270342,274730,3,42.859,-78.825,Assault
270347,274735,3,42.843,-78.826,Assault
270352,274740,3,42.879,-78.838,Theft
270353,274741,3,42.895,-78.807,Theft
270356,274744,3,42.893,-78.821,Assault
270357,274745,3,42.856,-78.807,Assault
270362,274750,3,42.854,-78.825,Theft
270368,274756,3,42.854,-78.809,Theft of Vehicle
270371,274759,3,42.873,-78.805,Theft
270377,274765,3,42.859,-78.814,Robbery
270386,274774,3,42.842,-78.829,Breaking & Entering
270394,274782,3,42.853,-78.828,Theft of Vehicle
270401,274790,3,42.871,-78.802,Other Sexual Offense
270404,274793,3,42.899,-78.837,Theft
270407,274796,3,42.859,-78.811,Theft
270421,274810,3,42.866,-78.83,Theft
270425,274814,3,42.896,-78.817,Theft
270434,274823,3,42.85,-78.804,Theft
270444,274833,3,42.869,-78.83,Theft
270446,274835,3,42.891,-78.833,Other Sexual Offense
270457,274847,3,42.856,-78.82,Theft
270461,274851,3,42.843,-78.819,Theft
270462,274852,3,42.867,-78.857,Theft
270473,274863,3,42.88,-78.84,Breaking & Entering
270479,274869,3,42.855,-78.824,Assault
270486,274876,3,42.896,-78.835,Breaking & Entering
270494,274884,3,42.872,-78.81,Theft
270503,274893,3,42.887,-78.802,Theft
270508,274898,3,42.848,-78.824,Assault
270521,274911,3,42.886,-78.827,Theft
270523,274913,3,42.897,-78.819,Assault
270531,274921,3,42.887,-78.816,Theft of Vehicle
270536,274926,3,42.87,-78.856,Theft of Vehicle
270555,274945,3,42.871,-78.851,Breaking & Entering
270572,274963,3,42.86,-78.821,Breaking & Entering
270573,274964,3,42.857,-78.816,Theft
270574,274965,3,42.896,-78.823,Assault
270579,274970,3,42.893,-78.84,Assault
270582,274973,3,42.874,-78.809,Breaking & Entering
270584,274975,3,42.835,-78.818,Theft
270588,274979,3,42.896,-78.8,Breaking & Entering
270596,274988,3,42.858,-78.807,Theft of Vehicle
270607,274999,3,42.872,-78.833,Theft
270612,275004,3,42.89,-78.814,Assault
270613,275005,3,42.87,-78.808,Breaking & Entering
270625,275017,3,42.872,-78.813,Robbery
270632,275024,3,42.855,-78.806,Breaking & Entering
270633,275025,3,42.888,-78.816,Theft
270640,275033,3,42.896,-78.818,Theft
270646,275040,3,42.861,-78.81,Breaking & Entering
270648,275042,3,42.842,-78.805,Theft
270650,275044,3,42.881,-78.832,Theft
270655,275049,3,42.891,-78.809,Theft
270661,275055,3,42.87,-78.808,Assault
270673,275068,3,42.86,-78.816,Robbery
270674,275069,3,42.894,-78.838,Robbery
270682,275077,3,42.852,-78.833,Assault
270689,275084,3,42.896,-78.817,Theft
270692,275087,3,42.885,-78.814,Breaking & Entering
270694,275089,3,42.89,-78.809,Assault
270713,275108,3,42.856,-78.823,Theft of Vehicle
270714,275109,3,42.892,-78.834,Assault
270725,275120,3,42.896,-78.826,Assault
270743,275138,3,42.855,-78.824,Assault
270745,275140,3,42.869,-78.808,Breaking & Entering
270748,275144,3,42.895,-78.809,Theft
270752,275148,3,42.873,-78.81,Assault
270754,275150,3,42.894,-78.836,Breaking & Entering
270755,275151,3,42.844,-78.828,Assault
270757,275153,3,42.897,-78.836,Assault
270763,275159,3,42.896,-78.836,Theft
270764,275160,3,42.89,-78.814,Theft
270766,275162,3,42.854,-78.832,Theft
270768,275164,3,42.896,-78.82,Assault
270774,275170,3,42.879,-78.833,Breaking & Entering
270777,275173,3,42.854,-78.825,Theft
270778,275174,3,42.898,-78.841,Assault
270781,275177,3,42.885,-78.804,Breaking & Entering
270799,275195,3,42.879,-78.832,Theft of Vehicle
270801,275197,3,42.874,-78.807,Theft
270817,275213,3,42.899,-78.819,Theft of Vehicle
270819,275215,3,42.894,-78.807,Breaking & Entering
270820,275216,3,42.849,-78.818,Breaking & Entering
270825,275221,3,42.898,-78.834,Breaking & Entering
270829,275225,3,42.886,-78.805,Theft
270837,275234,3,42.897,-78.824,Robbery
270845,275242,3,42.888,-78.804,Theft
270857,275255,3,42.891,-78.81,Theft
270867,275265,3,42.897,-78.816,Assault
270870,275268,3,42.854,-78.83,Assault
270871,275269,3,42.885,-78.803,Theft
270874,275272,3,42.856,-78.823,Theft
270883,275281,3,42.872,-78.82,Theft
270885,275283,3,42.896,-78.834,Theft
270886,275284,3,42.878,-78.801,Theft
270889,275287,3,42.855,-78.81,Theft
270893,275291,3,42.887,-78.841,Breaking & Entering
270895,275293,3,42.89,-78.803,Theft
270906,275305,3,42.887,-78.813,Theft
270909,275308,3,42.889,-78.812,Breaking & Entering
270911,275310,3,42.889,-78.808,Theft
270920,275320,3,42.891,-78.801,Theft
270922,275322,3,42.869,-78.801,Theft
270925,275325,3,42.855,-78.864,Breaking & Entering
270929,275329,3,42.837,-78.822,Theft
270942,275342,3,42.875,-78.826,Assault
270944,275344,3,42.892,-78.83,Assault
270945,275345,3,42.859,-78.814,Theft
270947,275347,3,42.854,-78.807,Breaking & Entering
270951,275351,3,42.842,-78.829,Assault
270958,275358,3,42.854,-78.83,Theft
270960,275360,3,42.852,-78.808,Assault
270975,275375,3,42.834,-78.824,Theft
270987,275389,3,42.892,-78.828,Breaking & Entering
270993,275395,3,42.895,-78.827,Theft
270999,275401,3,42.859,-78.815,Theft
271006,275408,3,42.841,-78.819,Theft
271009,275411,3,42.87,-78.836,Breaking & Entering
271015,275417,3,42.838,-78.816,Theft
271022,275424,3,42.841,-78.82,Theft
271024,275426,3,42.833,-78.805,Breaking & Entering
271025,275427,3,42.856,-78.824,Theft
271035,275437,3,42.871,-78.834,Theft
271038,275440,3,42.898,-78.836,Theft of Vehicle
271048,275450,3,42.877,-78.828,Breaking & Entering
271050,275452,3,42.888,-78.803,Theft
271060,275462,3,42.894,-78.825,Theft
271062,275464,3,42.896,-78.829,Theft
271063,275465,3,42.875,-78.844,Theft
271073,275475,3,42.857,-78.809,Theft
271075,275477,3,42.89,-78.804,Assault
271079,275482,3,42.876,-78.843,Breaking & Entering
271082,275485,3,42.895,-78.827,Robbery
271094,275497,3,42.863,-78.821,Other Sexual Offense
271100,275503,3,42.856,-78.822,Theft
271105,275508,3,42.89,-78.836,Sexual Assault
271108,275511,3,42.899,-78.818,Assault
271115,275518,3,42.853,-78.806,Theft
271118,275521,3,42.898,-78.84,Theft
271129,275532,3,42.855,-78.808,Breaking & Entering
271131,275534,3,42.841,-78.824,Robbery
271143,275547,3,42.858,-78.826,Theft
271144,275548,3,42.859,-78.835,Theft
271146,275550,3,42.87,-78.805,Theft
271149,275553,3,42.894,-78.826,Robbery
271150,275554,3,42.871,-78.852,Breaking & Entering
271151,275555,3,42.836,-78.824,Assault
271152,275556,3,42.892,-78.826,Breaking & Entering
271159,275563,3,42.898,-78.807,Theft
271161,275566,3,42.877,-78.845,Breaking & Entering
271163,275568,3,42.889,-78.831,Theft of Vehicle
271167,275572,3,42.858,-78.809,Robbery
271176,275581,3,42.893,-78.827,Breaking & Entering
271178,275583,3,42.896,-78.836,Assault
271184,275589,3,42.837,-78.824,Theft
271192,275597,3,42.842,-78.816,Theft
271193,275598,3,42.893,-78.841,Theft
271194,275599,3,42.837,-78.808,Theft
271199,275604,3,42.842,-78.832,Theft
271207,275612,3,42.891,-78.837,Assault
271208,275613,3,42.89,-78.804,Assault
271220,275625,3,42.855,-78.826,Theft of Vehicle
271222,275627,3,42.865,-78.823,Assault
271227,275632,3,42.856,-78.818,Assault
271238,275643,3,42.899,-78.84,Breaking & Entering
271260,275666,3,42.886,-78.838,Breaking & Entering
271270,275676,3,42.879,-78.843,Assault
271272,275678,3,42.889,-78.808,Theft
271274,275680,3,42.878,-78.801,Theft
271282,275688,3,42.853,-78.823,Assault
271289,275695,3,42.898,-78.841,Assault
271294,275700,3,42.887,-78.803,Theft
271302,275708,3,42.891,-78.814,Breaking & Entering
271309,275715,3,42.895,-78.839,Theft
271313,275719,3,42.895,-78.827,Theft
271320,275726,3,42.836,-78.831,Theft
271323,275729,3,42.871,-78.834,Breaking & Entering
271324,275730,3,42.883,-78.836,Assault
271331,275737,3,42.855,-78.828,Breaking & Entering
271339,275745,3,42.855,-78.833,Theft
271345,275751,3,42.89,-78.802,Robbery
271346,275752,3,42.852,-78.817,Theft
271347,275753,3,42.851,-78.822,Breaking & Entering
271349,275755,3,42.884,-78.827,Robbery
271351,275757,3,42.838,-78.824,Assault
271363,275769,3,42.894,-78.807,Theft
271389,275795,3,42.873,-78.806,Breaking & Entering
271394,275800,3,42.842,-78.821,Breaking & Entering
271396,275802,3,42.86,-78.815,Sexual Assault
271397,275803,3,42.848,-78.823,Breaking & Entering
271399,275805,3,42.88,-78.814,Breaking & Entering
271401,275807,3,42.852,-78.83,Theft
271403,275809,3,42.843,-78.824,Robbery
271412,275818,3,42.852,-78.827,Assault
271428,275834,3,42.851,-78.825,Theft
271432,275838,3,42.89,-78.84,Assault
271433,275839,3,42.888,-78.809,Assault
271443,275849,3,42.883,-78.849,Assault
271444,275850,3,42.875,-78.818,Theft
271455,275862,3,42.873,-78.802,Assault
271458,275865,3,42.892,-78.838,Theft
271459,275867,3,42.856,-78.813,Breaking & Entering
271463,275871,3,42.888,-78.8,Theft of Vehicle
271464,275872,3,42.88,-78.802,Theft
271467,275875,3,42.898,-78.832,Breaking & Entering
271468,275876,3,42.846,-78.815,Breaking & Entering
271480,275888,3,42.853,-78.803,Robbery
271488,275896,3,42.839,-78.822,Theft
271494,275902,3,42.889,-78.803,Theft
271500,275908,3,42.875,-78.805,Theft of Vehicle
271504,275912,3,42.892,-78.83,Theft
271515,275923,3,42.858,-78.831,Breaking & Entering
271526,275934,3,42.896,-78.832,Theft
271527,275935,3,42.878,-78.829,Assault
271539,275947,3,42.867,-78.83,Theft
271540,275948,3,42.848,-78.813,Theft
271543,275951,3,42.89,-78.805,Breaking & Entering
271546,275954,3,42.855,-78.828,Robbery
271558,275966,3,42.888,-78.802,Theft
271561,275969,3,42.858,-78.811,Theft
271567,275975,3,42.849,-78.801,Assault
271570,275978,3,42.892,-78.825,Assault
271581,275990,3,42.848,-78.824,Theft
271595,276004,3,42.888,-78.8,Theft of Vehicle
271596,276005,3,42.873,-78.806,Theft
271598,276007,3,42.879,-78.845,Assault
271602,276011,3,42.845,-78.823,Theft
271609,276018,3,42.862,-78.819,Theft of Vehicle
271611,276020,3,42.895,-78.804,Assault
271613,276022,3,42.898,-78.836,Theft
271621,276030,3,42.88,-78.843,Assault
271625,276034,3,42.846,-78.824,Assault
271629,276038,3,42.851,-78.829,Theft
271634,276043,3,42.885,-78.806,Theft
271637,276046,3,42.894,-78.835,Sexual Assault
271649,276058,3,42.896,-78.823,Breaking & Entering
271653,276062,3,42.872,-78.811,Theft
271654,276063,3,42.858,-78.813,Assault
271656,276065,3,42.85,-78.827,Breaking & Entering
271657,276067,3,42.855,-78.812,Breaking & Entering
271672,276082,3,42.871,-78.813,Theft of Vehicle
271678,276088,3,42.891,-78.83,Assault
271697,276108,3,42.836,-78.802,Breaking & Entering
271707,276118,3,42.881,-78.835,Breaking & Entering
271715,276126,3,42.884,-78.841,Breaking & Entering
271721,276132,3,42.839,-78.806,Theft
271725,276136,3,42.895,-78.806,Assault
271726,276137,3,42.855,-78.827,Breaking & Entering
271728,276139,3,42.887,-78.836,Robbery
271729,276140,3,42.833,-78.822,Theft of Vehicle
271734,276145,3,42.893,-78.834,Theft
271740,276151,3,42.848,-78.823,Theft
271741,276152,3,42.898,-78.822,Theft of Vehicle
271742,276153,3,42.888,-78.806,Breaking & Entering
271743,276154,3,42.845,-78.809,Assault
271750,276162,3,42.832,-78.811,Theft
271753,276165,3,42.834,-78.816,Theft
271757,276169,3,42.873,-78.851,Assault
271764,276176,3,42.892,-78.835,Breaking & Entering
271769,276181,3,42.889,-78.809,Assault
271777,276189,3,42.873,-78.807,Theft
271778,276190,3,42.856,-78.808,Assault
271779,276191,3,42.893,-78.839,Theft
271781,276193,3,42.889,-78.835,Theft
271782,276194,3,42.844,-78.825,Assault
271783,276195,3,42.869,-78.849,Theft
271784,276196,3,42.879,-78.844,Assault
271787,276199,3,42.843,-78.827,Theft
271793,276205,3,42.842,-78.825,Theft
271797,276209,3,42.879,-78.836,Theft
271800,276212,3,42.848,-78.812,Assault
271807,276219,3,42.847,-78.824,Theft
271809,276221,3,42.872,-78.808,Assault
271810,276222,3,42.877,-78.825,Breaking & Entering
271818,276230,3,42.871,-78.839,Theft
271821,276233,3,42.873,-78.809,Breaking & Entering
271822,276234,3,42.863,-78.814,Breaking & Entering
271841,276253,3,42.848,-78.824,Assault
271842,276254,3,42.882,-78.845,Theft
271847,276259,3,42.867,-78.846,Breaking & Entering
271851,276263,3,42.897,-78.813,Breaking & Entering
271858,276270,3,42.886,-78.839,Theft of Vehicle
271859,276271,3,42.889,-78.804,Theft of Vehicle
271864,276276,3,42.895,-78.827,Assault
271866,276278,3,42.889,-78.808,Theft
271875,276287,3,42.855,-78.81,Assault
271876,276288,3,42.88,-78.834,Theft
271883,276295,3,42.891,-78.832,Theft
271885,276297,3,42.857,-78.833,Assault
271886,276298,3,42.895,-78.838,Robbery
271898,276310,3,42.849,-78.863,Theft
271904,276316,3,42.865,-78.849,Sexual Assault
271906,276318,3,42.886,-78.839,Breaking & Entering
271907,276319,3,42.856,-78.807,Theft
271914,276326,3,42.895,-78.823,Robbery
271915,276327,3,42.857,-78.824,Theft
271923,276335,3,42.899,-78.815,Other Sexual Offense
271925,276337,3,42.892,-78.831,Assault
271926,276338,3,42.887,-78.81,Assault
271933,276345,3,42.896,-78.836,Assault
271935,276347,3,42.836,-78.822,Assault
271937,276349,3,42.853,-78.807,Assault
271944,276356,3,42.857,-78.812,Assault
271946,276358,3,42.889,-78.814,Theft of Vehicle
271958,276370,3,42.896,-78.815,Theft of Vehicle
271960,276372,3,42.886,-78.839,Assault
271969,276381,3,42.858,-78.831,Theft
271971,276383,3,42.848,-78.802,Theft
271975,276387,3,42.89,-78.808,Breaking & Entering
271980,276392,3,42.843,-78.824,Assault
271982,276394,3,42.876,-78.827,Assault
271991,276403,3,42.897,-78.837,Assault
271992,276404,3,42.832,-78.815,Theft
271996,276408,3,42.858,-78.831,Theft
272015,276427,3,42.849,-78.822,Assault
272019,276431,3,42.877,-78.805,Theft
272022,276434,3,42.85,-78.829,Theft
272024,276436,3,42.855,-78.807,Theft
272040,276452,3,42.89,-78.803,Theft
272041,276453,3,42.854,-78.81,Assault
272042,276454,3,42.835,-78.816,Theft
272046,276458,3,42.844,-78.824,Assault
272047,276459,3,42.844,-78.824,Theft
272048,276460,3,42.896,-78.82,Theft
272060,276472,3,42.852,-78.824,Breaking & Entering
272063,276475,3,42.858,-78.831,Theft
272072,276485,3,42.843,-78.81,Theft
272073,276486,3,42.848,-78.812,Assault
272074,276487,3,42.872,-78.812,Assault
272079,276492,3,42.889,-78.838,Theft
272082,276495,3,42.853,-78.826,Robbery
272088,276501,3,42.892,-78.832,Assault
272092,276505,3,42.854,-78.808,Theft
272093,276506,3,42.894,-78.824,Assault
272096,276509,3,42.849,-78.818,Assault
272107,276520,3,42.871,-78.837,Theft
272108,276521,3,42.895,-78.828,Assault
272135,276548,3,42.858,-78.822,Breaking & Entering
272153,276568,3,42.868,-78.851,Theft
272155,276570,3,42.852,-78.823,Assault
272168,276583,3,42.887,-78.839,Assault
272170,276585,3,42.845,-78.832,Theft
272176,276591,3,42.869,-78.8,Theft
272180,276595,3,42.893,-78.839,Assault
272188,276603,3,42.857,-78.808,Assault
272196,276611,3,42.869,-78.809,Theft
272208,276624,3,42.86,-78.814,Theft
272209,276625,3,42.857,-78.812,Theft
272216,276632,3,42.896,-78.823,Theft of Vehicle
272226,276642,3,42.849,-78.812,Breaking & Entering
272231,276647,3,42.885,-78.823,Theft
272237,276653,3,42.887,-78.807,Theft
272243,276659,3,42.89,-78.812,Theft
272248,276665,3,42.878,-78.801,Theft of Vehicle
272249,276666,3,42.899,-78.818,Theft
272252,276669,3,42.872,-78.843,Theft
272253,276670,3,42.846,-78.816,Theft
272257,276674,3,42.892,-78.83,Breaking & Entering
272275,276692,3,42.872,-78.816,Assault
272293,276710,3,42.887,-78.813,Assault
272296,276713,3,42.86,-78.822,Theft
272301,276718,3,42.853,-78.82,Breaking & Entering
272302,276719,3,42.894,-78.82,Breaking & Entering
272303,276720,3,42.898,-78.833,Theft
272316,276734,3,42.85,-78.831,Theft
272325,276743,3,42.896,-78.817,Theft
272334,276752,3,42.859,-78.815,Breaking & Entering
272355,276773,3,42.891,-78.844,Theft
272358,276776,3,42.852,-78.83,Breaking & Entering
272362,276780,3,42.881,-78.836,Robbery
272378,276796,3,42.896,-78.815,Theft
272384,276802,3,42.897,-78.819,Assault
272388,276806,3,42.889,-78.8,Theft
272390,276808,3,42.847,-78.831,Assault
272401,276819,3,42.893,-78.832,Breaking & Entering
272403,276821,3,42.896,-78.816,Assault
272413,276831,3,42.889,-78.808,Theft
272424,276843,3,42.884,-78.818,Robbery
272428,276847,3,42.832,-78.806,Theft
272430,276849,3,42.857,-78.813,Theft
272435,276854,3,42.887,-78.843,Breaking & Entering
272444,276863,3,42.886,-78.802,Robbery
272447,276866,3,42.868,-78.848,Theft
272451,276870,3,42.896,-78.8,Robbery
272460,276879,3,42.895,-78.822,Theft
272463,276882,3,42.841,-78.824,Theft of Vehicle
272467,276886,3,42.897,-78.834,Breaking & Entering
272472,276891,3,42.847,-78.832,Theft
272473,276892,3,42.858,-78.834,Assault
272476,276895,3,42.866,-78.822,Breaking & Entering
272480,276899,3,42.856,-78.827,Breaking & Entering
272488,276908,3,42.885,-78.843,Assault
272491,276911,3,42.854,-78.802,Theft
272502,276922,3,42.893,-78.837,Assault
272504,276924,3,42.89,-78.807,Assault
272506,276926,3,42.899,-78.816,Theft
272507,276927,3,42.848,-78.824,Assault
272509,276929,3,42.891,-78.808,Theft
272513,276933,3,42.894,-78.835,Robbery
272514,276934,3,42.842,-78.805,Theft
272516,276936,3,42.891,-78.803,Sexual Assault
272532,276952,3,42.836,-78.824,Theft
272541,276961,3,42.852,-78.817,Theft
272554,276974,3,42.854,-78.837,Theft
272560,276980,3,42.852,-78.827,Theft
272561,276981,3,42.886,-78.84,Theft
272571,276991,3,42.852,-78.807,Breaking & Entering
272572,276992,3,42.855,-78.81,Theft
272589,277010,3,42.848,-78.812,Theft of Vehicle
272590,277011,3,42.888,-78.814,Theft
272593,277014,3,42.897,-78.819,Theft of Vehicle
272604,277025,3,42.872,-78.845,Assault
272614,277035,3,42.896,-78.815,Theft
272616,277037,3,42.892,-78.833,Robbery
272621,277042,3,42.853,-78.834,Theft
272630,277051,3,42.868,-78.81,Breaking & Entering
272644,277065,3,42.897,-78.841,Breaking & Entering
272648,277069,3,42.897,-78.818,Theft
272649,277070,3,42.895,-78.819,Theft
272650,277071,3,42.897,-78.831,Assault
272656,277077,3,42.857,-78.816,Theft
272657,277078,3,42.855,-78.809,Breaking & Entering
272658,277079,3,42.899,-78.836,Robbery
272663,277084,3,42.853,-78.81,Theft of Vehicle
272671,277093,3,42.855,-78.824,Assault
272678,277100,3,42.895,-78.821,Assault
272679,277101,3,42.891,-78.813,Assault
272680,277102,3,42.856,-78.834,Theft of Vehicle
272681,277103,3,42.858,-78.813,Theft
272684,277106,3,42.856,-78.823,Theft
272687,277109,3,42.852,-78.825,Assault
272689,277111,3,42.888,-78.803,Theft
272700,277122,3,42.885,-78.841,Assault
272710,277132,3,42.842,-78.813,Other Sexual Offense
272711,277133,3,42.856,-78.824,Theft
272724,277146,3,42.865,-78.827,Theft
272726,277148,3,42.883,-78.831,Assault
272735,277157,3,42.85,-78.803,Theft
272736,277158,3,42.867,-78.851,Other Sexual Offense
272739,277161,3,42.896,-78.835,Theft
272741,277163,3,42.878,-78.836,Theft
272745,277167,3,42.892,-78.84,Robbery
272750,277172,3,42.888,-78.841,Assault
272752,277174,3,42.842,-78.831,Theft
272754,277176,3,42.847,-78.815,Assault
272758,277180,3,42.855,-78.836,Theft
272767,277189,3,42.885,-78.815,Theft
272781,277203,3,42.89,-78.802,Breaking & Entering
272786,277208,3,42.874,-78.806,Breaking & Entering
272788,277210,3,42.89,-78.845,Assault
272789,277211,3,42.856,-78.824,Robbery
272791,277213,3,42.882,-78.836,Assault
272795,277217,3,42.863,-78.815,Theft
272799,277221,3,42.885,-78.843,Assault
272800,277222,3,42.846,-78.821,Assault
272802,277224,3,42.874,-78.819,Assault
272809,277231,3,42.865,-78.825,Theft
272823,277245,3,42.891,-78.809,Theft
272839,277262,3,42.888,-78.836,Assault
272842,277265,3,42.871,-78.815,Theft of Vehicle
272844,277267,3,42.842,-78.83,Breaking & Entering
272858,277282,3,42.894,-78.835,Theft
272860,277284,3,42.893,-78.837,Theft
272861,277285,3,42.881,-78.834,Breaking & Entering
272869,277294,3,42.892,-78.824,Theft
272879,277304,3,42.877,-78.845,Breaking & Entering
272890,277315,3,42.895,-78.827,Theft
272896,277321,3,42.895,-78.83,Theft
272904,277329,3,42.851,-78.806,Theft
272905,277330,3,42.894,-78.834,Robbery
272912,277337,3,42.886,-78.8,Breaking & Entering
272913,277338,3,42.893,-78.839,Theft
272916,277341,3,42.89,-78.8,Assault
272918,277343,3,42.889,-78.839,Assault
272922,277348,3,42.866,-78.826,Theft
272925,277351,3,42.888,-78.814,Assault
272932,277358,3,42.897,-78.814,Assault
272935,277361,3,42.848,-78.812,Assault
272941,277367,3,42.87,-78.828,Theft
272950,277376,3,42.892,-78.803,Theft
272952,277378,3,42.886,-78.802,Breaking & Entering
272955,277381,3,42.897,-78.814,Robbery
272958,277384,3,42.886,-78.839,Breaking & Entering
272969,277395,3,42.881,-78.841,Assault
272972,277398,3,42.899,-78.837,Theft
272978,277404,3,42.835,-78.817,Assault
272982,277408,3,42.836,-78.821,Theft
272985,277411,3,42.851,-78.828,Other Sexual Offense
272996,277422,3,42.888,-78.805,Breaking & Entering
272998,277424,3,42.88,-78.84,Assault
272999,277425,3,42.899,-78.831,Theft
273003,277429,3,42.847,-78.814,Other Sexual Offense
273004,277430,3,42.858,-78.831,Theft
273010,277436,3,42.854,-78.824,Theft
273017,277443,3,42.899,-78.84,Breaking & Entering
273019,277445,3,42.896,-78.82,Assault
273025,277451,3,42.862,-78.814,Breaking & Entering
273026,277452,3,42.878,-78.814,Breaking & Entering
273029,277455,3,42.87,-78.832,Theft
273035,277461,3,42.896,-78.821,Assault
273042,277468,3,42.897,-78.809,Breaking & Entering
273046,277472,3,42.855,-78.827,Theft
273050,277476,3,42.838,-78.807,Theft
273058,277484,3,42.898,-78.831,Theft
273060,277486,3,42.871,-78.829,Assault
273071,277497,3,42.899,-78.834,Assault
273077,277503,3,42.897,-78.824,Theft
273079,277505,3,42.837,-78.824,Assault
273082,277508,3,42.889,-78.836,Breaking & Entering
273086,277512,3,42.886,-78.827,Theft
273092,277518,3,42.888,-78.836,Breaking & Entering
273096,277522,3,42.851,-78.813,Breaking & Entering
273101,277527,3,42.889,-78.813,Breaking & Entering
273116,277542,3,42.835,-78.802,Theft
273118,277544,3,42.832,-78.822,Theft
273120,277546,3,42.879,-78.801,Assault
273123,277549,3,42.837,-78.826,Breaking & Entering
273126,277552,3,42.889,-78.808,Robbery
273137,277563,3,42.871,-78.843,Theft
273140,277566,3,42.872,-78.831,Breaking & Entering
273143,277569,3,42.876,-78.804,Theft
273152,277578,3,42.876,-78.827,Assault
273159,277585,3,42.855,-78.812,Assault
273163,277589,3,42.894,-78.83,Theft
273172,277598,3,42.844,-78.824,Theft of Vehicle
273180,277606,3,42.892,-78.814,Assault
273182,277608,3,42.887,-78.815,Theft
273186,277612,3,42.859,-78.817,Theft
273192,277618,3,42.888,-78.809,Assault
273193,277619,3,42.848,-78.818,Theft
273194,277620,3,42.89,-78.806,Breaking & Entering
273198,277624,3,42.872,-78.833,Breaking & Entering
273208,277634,3,42.895,-78.822,Breaking & Entering
273216,277642,3,42.853,-78.821,Theft of Vehicle
273220,277646,3,42.851,-78.803,Theft
273225,277652,3,42.875,-78.804,Theft of Vehicle
273226,277653,3,42.869,-78.846,Theft
273233,277660,3,42.892,-78.838,Theft
273237,277664,3,42.835,-78.81,Theft
273239,277666,3,42.894,-78.827,Breaking & Entering
273246,277673,3,42.854,-78.805,Theft
273249,277676,3,42.876,-78.804,Assault
273252,277679,3,42.88,-78.841,Assault
273255,277682,3,42.883,-78.834,Breaking & Entering
273256,277684,3,42.859,-78.834,Breaking & Entering
273270,277698,3,42.882,-78.841,Breaking & Entering
273274,277702,3,42.88,-78.841,Theft of Vehicle
273277,277705,3,42.897,-78.814,Theft
273279,277707,3,42.889,-78.814,Theft of Vehicle
273281,277709,3,42.894,-78.835,Robbery
273291,277719,3,42.878,-78.836,Theft
273292,277720,3,42.895,-78.821,Theft
273297,277725,3,42.871,-78.829,Theft of Vehicle
273298,277726,3,42.888,-78.8,Theft
273299,277727,3,42.885,-78.807,Theft
273301,277729,3,42.867,-78.847,Assault
273305,277734,3,42.833,-78.824,Robbery
273306,277735,3,42.879,-78.844,Theft
273307,277736,3,42.873,-78.81,Assault
273318,277747,3,42.895,-78.806,Breaking & Entering
273324,277753,3,42.89,-78.809,Theft
273332,277762,3,42.893,-78.839,Theft of Vehicle
273333,277763,3,42.881,-78.841,Theft
273337,277768,3,42.852,-78.803,Breaking & Entering
273341,277772,3,42.855,-78.819,Assault
273345,277776,3,42.852,-78.823,Assault
273352,277783,3,42.839,-78.857,Assault
273359,277790,3,42.883,-78.849,Theft of Vehicle
273362,277793,3,42.895,-78.82,Assault
273367,277798,3,42.871,-78.83,Theft of Vehicle
273371,277802,3,42.882,-78.846,Robbery
273398,277830,3,42.884,-78.824,Robbery
273400,277832,3,42.842,-78.812,Assault
273401,277833,3,42.879,-78.835,Assault
273416,277848,3,42.851,-78.824,Breaking & Entering
273418,277850,3,42.868,-78.802,Theft
273424,277856,3,42.862,-78.819,Theft
273426,277858,3,42.87,-78.834,Assault
273433,277865,3,42.842,-78.818,Theft of Vehicle
273444,277876,3,42.851,-78.804,Assault
273445,277877,3,42.856,-78.832,Breaking & Entering
273447,277879,3,42.884,-78.829,Assault
273459,277892,3,42.896,-78.825,Assault
273470,277903,3,42.853,-78.82,Theft
273482,277915,3,42.896,-78.817,Assault
273491,277924,3,42.845,-78.825,Robbery
273492,277925,3,42.896,-78.817,Theft of Vehicle
273494,277927,3,42.842,-78.808,Theft
273501,277934,3,42.871,-78.815,Assault
273502,277935,3,42.889,-78.839,Theft
273505,277938,3,42.873,-78.811,Theft
273512,277945,3,42.897,-78.804,Breaking & Entering
273514,277947,3,42.857,-78.812,Theft
273518,277951,3,42.871,-78.83,Assault
273531,277964,3,42.854,-78.808,Assault
273537,277970,3,42.836,-78.807,Theft of Vehicle
273540,277973,3,42.891,-78.833,Breaking & Entering
273541,277974,3,42.891,-78.831,Breaking & Entering
273543,277976,3,42.894,-78.838,Theft
273545,277978,3,42.863,-78.814,Theft
273562,277995,3,42.87,-78.805,Breaking & Entering
273575,278008,3,42.881,-78.801,Theft
273578,278011,3,42.869,-78.853,Assault
273585,278018,3,42.893,-78.837,Theft
273590,278024,3,42.868,-78.807,Breaking & Entering
273595,278029,3,42.893,-78.84,Assault
273597,278031,3,42.888,-78.808,Theft
273610,278044,3,42.841,-78.816,Theft
273616,278050,3,42.853,-78.827,Breaking & Entering
273631,278065,3,42.86,-78.822,Assault
273638,278072,3,42.843,-78.818,Assault
273642,278076,3,42.895,-78.827,Assault
273645,278079,3,42.836,-78.805,Assault
273647,278081,3,42.849,-78.822,Assault
273652,278086,3,42.893,-78.84,Theft of Vehicle
273655,278089,3,42.851,-78.812,Theft of Vehicle
273660,278094,3,42.897,-78.815,Theft
273661,278095,3,42.854,-78.82,Theft
273664,278098,3,42.884,-78.836,Assault
273678,278112,3,42.871,-78.808,Theft
273684,278118,3,42.857,-78.821,Assault
273685,278119,3,42.845,-78.824,Assault
273686,278120,3,42.854,-78.809,Theft
273687,278121,3,42.886,-78.847,Breaking & Entering
273690,278124,3,42.873,-78.824,Breaking & Entering
273695,278129,3,42.896,-78.825,Theft
273703,278137,3,42.855,-78.81,Theft of Vehicle
273705,278139,3,42.858,-78.81,Assault
273710,278145,3,42.896,-78.838,Breaking & Entering
273729,278164,3,42.879,-78.832,Assault
273731,278167,3,42.895,-78.819,Assault
273732,278168,3,42.887,-78.815,Assault
273733,278169,3,42.898,-78.803,Theft
273734,278170,3,42.87,-78.846,Theft
273738,278174,3,42.85,-78.831,Theft
273740,278176,3,42.867,-78.812,Robbery
273744,278180,3,42.853,-78.823,Breaking & Entering
273758,278194,3,42.896,-78.832,Other Sexual Offense
273766,278202,3,42.851,-78.802,Breaking & Entering
273775,278211,3,42.856,-78.813,Assault
273776,278212,3,42.881,-78.836,Theft of Vehicle
273781,278218,3,42.885,-78.804,Assault
273782,278219,3,42.873,-78.81,Theft
273787,278224,3,42.875,-78.85,Theft
273791,278228,3,42.859,-78.826,Theft
273798,278235,3,42.894,-78.837,Theft
273805,278242,3,42.857,-78.829,Assault
273807,278244,3,42.872,-78.821,Breaking & Entering
273809,278246,3,42.857,-78.824,Theft
273823,278260,3,42.844,-78.828,Breaking & Entering
273835,278272,3,42.896,-78.808,Theft
273843,278280,3,42.868,-78.804,Theft
273844,278281,3,42.842,-78.815,Theft
273846,278283,3,42.84,-78.817,Other Sexual Offense
273848,278285,3,42.897,-78.814,Assault
273851,278288,3,42.899,-78.823,Breaking & Entering
273860,278297,3,42.856,-78.809,Theft
273861,278298,3,42.872,-78.806,Theft
273880,278318,3,42.873,-78.805,Breaking & Entering
273886,278324,3,42.887,-78.805,Theft
273893,278331,3,42.842,-78.819,Theft
273896,278334,3,42.855,-78.827,Assault
273897,278335,3,42.883,-78.804,Theft
273899,278337,3,42.849,-78.831,Theft
273912,278350,3,42.857,-78.812,Assault
273916,278354,3,42.872,-78.83,Breaking & Entering
273918,278356,3,42.878,-78.834,Robbery
273919,278357,3,42.882,-78.833,Theft
273936,278374,3,42.898,-78.831,Breaking & Entering
273937,278375,3,42.885,-78.839,Robbery
273939,278377,3,42.847,-78.803,Theft
273942,278380,3,42.895,-78.842,Assault
273960,278398,3,42.898,-78.839,Theft
273962,278400,3,42.892,-78.83,Breaking & Entering
273964,278402,3,42.869,-78.85,Assault
273966,278404,3,42.895,-78.833,Breaking & Entering
273972,278410,3,42.889,-78.816,Assault
273976,278414,3,42.873,-78.814,Assault
273978,278416,3,42.88,-78.835,Theft of Vehicle
273980,278418,3,42.889,-78.81,Assault
273982,278420,3,42.884,-78.839,Assault
273987,278425,3,42.86,-78.825,Theft
273993,278431,3,42.894,-78.834,Homicide
274003,278441,3,42.857,-78.815,Theft of Vehicle
274006,278444,3,42.891,-78.838,Sexual Assault
274021,278459,3,42.856,-78.817,Breaking & Entering
274023,278461,3,42.888,-78.839,Robbery
274034,278472,3,42.863,-78.821,Assault
274035,278473,3,42.845,-78.81,Theft
274040,278478,3,42.892,-78.827,Assault
274041,278479,3,42.836,-78.812,Breaking & Entering
274047,278485,3,42.898,-78.837,Robbery
274048,278486,3,42.844,-78.824,Theft
274053,278491,3,42.888,-78.816,Theft
274062,278500,3,42.853,-78.817,Assault
274072,278510,3,42.894,-78.835,Theft
274085,278523,3,42.884,-78.828,Theft
274097,278535,3,42.847,-78.801,Theft
274101,278539,3,42.897,-78.832,Theft
274108,278546,3,42.889,-78.808,Assault
274119,278557,3,42.882,-78.834,Robbery
274126,278564,3,42.871,-78.812,Theft
274130,278568,3,42.854,-78.82,Theft of Vehicle
274134,278572,3,42.875,-78.804,Breaking & Entering
274138,278576,3,42.878,-78.801,Theft
274146,278584,3,42.888,-78.802,Theft
274151,278589,3,42.893,-78.839,Breaking & Entering
274152,278590,3,42.847,-78.855,Theft
274153,278591,3,42.884,-78.844,Theft of Vehicle
274156,278594,3,42.834,-78.823,Breaking & Entering
274163,278601,3,42.87,-78.833,Assault
274166,278604,3,42.852,-78.817,Theft
274170,278608,3,42.898,-78.807,Theft
274200,278638,3,42.892,-78.81,Theft
274204,278642,3,42.898,-78.816,Breaking & Entering
274208,278646,3,42.839,-78.806,Theft
274213,278651,3,42.894,-78.821,Assault
274227,278665,3,42.861,-78.839,Breaking & Entering
274231,278669,3,42.848,-78.823,Assault
274244,278682,3,42.879,-78.844,Assault
274256,278694,3,42.873,-78.806,Theft
274260,278698,3,42.867,-78.834,Assault
274261,278699,3,42.846,-78.827,Breaking & Entering
274263,278701,3,42.873,-78.851,Theft
274275,278713,3,42.895,-78.842,Theft
274279,278717,3,42.887,-78.804,Theft
274280,278718,3,42.86,-78.81,Theft of Vehicle
274291,278729,3,42.869,-78.817,Theft
274308,278746,3,42.888,-78.809,Theft
274311,278749,3,42.882,-78.836,Theft
274312,278750,3,42.897,-78.84,Breaking & Entering
274318,278756,3,42.897,-78.819,Theft
274324,278762,3,42.851,-78.804,Assault
274341,278779,3,42.853,-78.824,Assault
274345,278783,3,42.898,-78.807,Theft
274349,278787,3,42.887,-78.84,Breaking & Entering
274350,278788,3,42.893,-78.839,Breaking & Entering
274352,278790,3,42.847,-78.832,Theft
274354,278792,3,42.898,-78.824,Theft
274355,278793,3,42.857,-78.815,Theft
274357,278795,3,42.893,-78.837,Theft
274358,278796,3,42.896,-78.824,Theft
274360,278798,3,42.858,-78.813,Theft
274367,278805,3,42.889,-78.806,Theft
274371,278809,3,42.893,-78.841,Assault
274373,278811,3,42.85,-78.816,Breaking & Entering
274383,278821,3,42.884,-78.829,Assault
274390,278828,3,42.851,-78.825,Theft
274391,278829,3,42.893,-78.841,Theft
274405,278844,3,42.891,-78.841,Assault
274411,278850,3,42.893,-78.834,Theft of Vehicle
274412,278851,3,42.833,-78.822,Breaking & Entering
274417,278856,3,42.858,-78.832,Assault
274420,278859,3,42.848,-78.824,Assault
274421,278860,3,42.896,-78.835,Breaking & Entering
274422,278861,3,42.848,-78.818,Assault
274431,278870,3,42.841,-78.821,Theft
274434,278873,3,42.895,-78.83,Robbery
274436,278875,3,42.849,-78.819,Theft
274442,278881,3,42.856,-78.825,Other Sexual Offense
274446,278885,3,42.851,-78.823,Theft of Vehicle
274456,278895,3,42.892,-78.84,Breaking & Entering
274459,278898,3,42.883,-78.836,Theft
274464,278903,3,42.874,-78.826,Theft of Vehicle
274488,278927,3,42.893,-78.834,Theft
274489,278928,3,42.841,-78.824,Theft
274492,278931,3,42.869,-78.85,Assault
274497,278936,3,42.889,-78.809,Robbery
274502,278941,3,42.873,-78.81,Assault
274504,278943,3,42.854,-78.833,Theft
274505,278944,3,42.845,-78.809,Theft
274520,278959,3,42.858,-78.808,Theft
274525,278964,3,42.844,-78.825,Theft
274531,278970,3,42.893,-78.839,Assault
274533,278972,3,42.884,-78.848,Theft
274539,278978,3,42.881,-78.836,Assault
274541,278980,3,42.854,-78.831,Theft
274543,278982,3,42.89,-78.804,Theft
274549,278988,3,42.878,-78.808,Theft
274560,279000,3,42.873,-78.808,Theft
274565,279005,3,42.891,-78.814,Assault
274586,279027,3,42.835,-78.807,Theft
274591,279032,3,42.855,-78.828,Theft
274592,279033,3,42.858,-78.815,Assault
274593,279034,3,42.865,-78.825,Breaking & Entering
274596,279037,3,42.889,-78.808,Theft
274600,279041,3,42.865,-78.849,Robbery
274603,279044,3,42.875,-78.844,Assault
274604,279045,3,42.896,-78.841,Assault
274606,279047,3,42.852,-78.823,Assault
274608,279049,3,42.857,-78.806,Homicide
274630,279071,3,42.877,-78.846,Theft
274631,279072,3,42.89,-78.837,Breaking & Entering
274633,279074,3,42.886,-78.845,Assault
274647,279088,3,42.843,-78.809,Assault
274651,279092,3,42.859,-78.819,Breaking & Entering
274661,279102,3,42.837,-78.829,Theft
274669,279110,3,42.856,-78.806,Assault
274673,279114,3,42.888,-78.815,Theft
274676,279118,3,42.899,-78.817,Theft of Vehicle
274681,279123,3,42.895,-78.805,Breaking & Entering
274682,279124,3,42.875,-78.833,Breaking & Entering
274684,279126,3,42.896,-78.819,Breaking & Entering
274689,279131,3,42.873,-78.809,Theft
274694,279136,3,42.898,-78.815,Assault
274700,279142,3,42.832,-78.814,Theft
274702,279144,3,42.87,-78.848,Breaking & Entering
274706,279148,3,42.853,-78.807,Assault
274712,279155,3,42.858,-78.823,Theft
274714,279157,3,42.872,-78.851,Theft
274718,279161,3,42.84,-78.822,Theft of Vehicle
274722,279165,3,42.898,-78.816,Assault
274728,279171,3,42.859,-78.811,Theft
274729,279172,3,42.858,-78.833,Robbery
274731,279174,3,42.855,-78.834,Breaking & Entering
274737,279180,3,42.877,-78.805,Theft
274743,279187,3,42.878,-78.801,Theft
274750,279194,3,42.896,-78.815,Theft
274759,279203,3,42.896,-78.817,Theft
274770,279214,3,42.887,-78.81,Theft
274775,279219,3,42.88,-78.845,Breaking & Entering
274780,279224,3,42.892,-78.812,Theft
274781,279225,3,42.89,-78.839,Robbery
274785,279229,3,42.848,-78.824,Assault
274786,279230,3,42.879,-78.834,Breaking & Entering
274787,279231,3,42.882,-78.832,Breaking & Entering
274789,279233,3,42.862,-78.815,Theft
274790,279234,3,42.867,-78.808,Theft
274791,279235,3,42.874,-78.817,Theft
274794,279238,3,42.894,-78.82,Breaking & Entering
274806,279250,3,42.895,-78.835,Assault
274812,279256,3,42.84,-78.82,Theft
274839,279283,3,42.865,-78.858,Breaking & Entering
274847,279291,3,42.891,-78.841,Breaking & Entering
274849,279293,3,42.889,-78.808,Assault
274865,279310,3,42.859,-78.82,Theft of Vehicle
274873,279318,3,42.891,-78.844,Breaking & Entering
274877,279322,3,42.896,-78.818,Assault
274887,279333,3,42.852,-78.823,Homicide
274903,279349,3,42.847,-78.801,Theft
274909,279355,3,42.896,-78.835,Theft
274914,279360,3,42.847,-78.824,Theft
274916,279362,3,42.85,-78.803,Theft
274923,279369,3,42.848,-78.824,Theft
274925,279371,3,42.892,-78.83,Theft
274928,279374,3,42.855,-78.812,Other Sexual Offense
274930,279376,3,42.891,-78.812,Breaking & Entering
274931,279377,3,42.848,-78.824,Theft
274932,279378,3,42.899,-78.836,Breaking & Entering
274933,279379,3,42.89,-78.804,Homicide
274941,279387,3,42.891,-78.841,Assault
274942,279388,3,42.843,-78.826,Theft
274943,279389,3,42.848,-78.824,Assault
274946,279392,3,42.896,-78.818,Theft of Vehicle
274948,279394,3,42.894,-78.828,Theft of Vehicle
274949,279395,3,42.861,-78.812,Theft
274954,279400,3,42.86,-78.806,Assault
274955,279401,3,42.898,-78.807,Theft
274960,279406,3,42.858,-78.817,Theft of Vehicle
274965,279411,3,42.892,-78.835,Breaking & Entering
274971,279417,3,42.892,-78.83,Theft
274994,279441,3,42.893,-78.841,Assault
274999,279446,3,42.864,-78.844,Breaking & Entering
275001,279448,3,42.848,-78.824,Breaking & Entering
275002,279449,3,42.895,-78.83,Theft
275003,279450,3,42.858,-78.831,Theft
275012,279460,3,42.867,-78.823,Breaking & Entering
275014,279462,3,42.892,-78.824,Assault
275015,279463,3,42.856,-78.833,Assault
275023,279471,3,42.87,-78.822,Theft
275029,279477,3,42.896,-78.822,Theft
275030,279478,3,42.896,-78.836,Breaking & Entering
275031,279479,3,42.888,-78.808,Assault
275035,279483,3,42.861,-78.819,Theft
275046,279495,3,42.87,-78.848,Breaking & Entering
275049,279498,3,42.87,-78.836,Theft
275053,279502,3,42.886,-78.803,Theft
275064,279513,3,42.848,-78.824,Assault
275065,279514,3,42.893,-78.841,Theft of Vehicle
275070,279519,3,42.832,-78.805,Theft
275075,279524,3,42.857,-78.826,Robbery
275079,279528,3,42.871,-78.852,Assault
275086,279536,3,42.848,-78.812,Assault
275087,279537,3,42.898,-78.802,Theft of Vehicle
275088,279538,3,42.898,-78.807,Theft
275089,279539,3,42.882,-78.835,Breaking & Entering
275094,279544,3,42.893,-78.839,Theft
275095,279545,3,42.848,-78.812,Assault
275097,279548,3,42.88,-78.844,Breaking & Entering
275100,279551,3,42.856,-78.832,Assault
275104,279556,3,42.85,-78.803,Breaking & Entering
275111,279563,3,42.852,-78.808,Breaking & Entering
275114,279566,3,42.881,-78.834,Theft
275116,279568,3,42.848,-78.824,Assault
275118,279570,3,42.861,-78.817,Theft
275124,279577,3,42.85,-78.834,Theft of Vehicle
275127,279580,3,42.85,-78.803,Robbery
275128,279581,3,42.892,-78.827,Breaking & Entering
275135,279588,3,42.869,-78.831,Theft
275143,279596,3,42.844,-78.825,Theft
275146,279599,3,42.856,-78.827,Theft
275148,279601,3,42.845,-78.821,Theft
275149,279602,3,42.87,-78.85,Assault
275150,279603,3,42.851,-78.827,Theft
275159,279613,3,42.847,-78.816,Theft
275174,279629,3,42.895,-78.837,Theft
275180,279635,3,42.848,-78.824,Theft
275187,279642,3,42.896,-78.817,Assault
275189,279644,3,42.886,-78.802,Theft
275190,279645,3,42.889,-78.839,Theft
275204,279659,3,42.869,-78.846,Theft
275219,279674,3,42.846,-78.816,Robbery
275220,279675,3,42.865,-78.822,Breaking & Entering
275224,279679,3,42.89,-78.81,Theft
275225,279680,3,42.89,-78.806,Theft
275230,279686,3,42.897,-78.838,Theft of Vehicle
275242,279698,3,42.872,-78.82,Theft
275255,279711,3,42.892,-78.813,Breaking & Entering
275268,279724,3,42.896,-78.817,Robbery
275277,279733,3,42.837,-78.824,Robbery
275279,279735,3,42.89,-78.837,Breaking & Entering
275283,279739,3,42.841,-78.834,Breaking & Entering
275284,279740,3,42.892,-78.824,Assault
275286,279742,3,42.845,-78.823,Theft
275287,279743,3,42.89,-78.845,Robbery
275289,279745,3,42.849,-78.801,Theft
275291,279747,3,42.867,-78.806,Theft
275299,279755,3,42.881,-78.836,Breaking & Entering
275300,279756,3,42.898,-78.84,Theft
275301,279757,3,42.839,-78.824,Theft
275312,279768,3,42.856,-78.836,Theft
275313,279769,3,42.891,-78.834,Theft of Vehicle
275322,279778,3,42.853,-78.819,Theft
275324,279780,3,42.858,-78.825,Breaking & Entering
275328,279784,3,42.892,-78.806,Theft
275338,279794,3,42.857,-78.807,Breaking & Entering
275353,279809,3,42.87,-78.803,Theft
275371,279830,3,42.888,-78.835,Theft of Vehicle
275379,279838,3,42.882,-78.836,Theft
275381,279840,3,42.868,-78.808,Breaking & Entering
275396,279855,3,42.894,-78.838,Breaking & Entering
275401,279860,3,42.848,-78.824,Assault
275404,279863,3,42.863,-78.814,Theft
275407,279866,3,42.875,-78.828,Breaking & Entering
275413,279872,3,42.891,-78.804,Theft
275418,279878,3,42.842,-78.822,Assault
275419,279879,3,42.869,-78.828,Robbery
275421,279881,3,42.852,-78.83,Breaking & Entering
275422,279882,3,42.849,-78.83,Theft
275424,279884,3,42.895,-78.823,Breaking & Entering
275425,279885,3,42.893,-78.837,Theft
275426,279886,3,42.896,-78.82,Assault
275429,279889,3,42.892,-78.835,Assault
275444,279904,3,42.87,-78.836,Theft
275446,279906,3,42.858,-78.808,Assault
275457,279917,3,42.893,-78.836,Theft of Vehicle
275459,279919,3,42.858,-78.831,Theft
275461,279921,3,42.891,-78.84,Breaking & Entering
275464,279924,3,42.893,-78.837,Robbery
275467,279927,3,42.837,-78.81,Theft
275478,279938,3,42.854,-78.809,Theft
275481,279941,3,42.854,-78.807,Theft
275483,279943,3,42.893,-78.841,Theft
275486,279946,3,42.871,-78.81,Breaking & Entering
275497,279958,3,42.849,-78.823,Theft
275498,279959,3,42.897,-78.832,Theft
275500,279961,3,42.858,-78.813,Theft
275505,279966,3,42.893,-78.83,Assault
275508,279969,3,42.89,-78.803,Theft
275530,279991,3,42.896,-78.819,Robbery
275532,279993,3,42.873,-78.809,Assault
275534,279995,3,42.89,-78.835,Theft
275536,279997,3,42.894,-78.827,Assault
275543,280004,3,42.863,-78.805,Breaking & Entering
275552,280015,3,42.889,-78.801,Breaking & Entering
275555,280018,3,42.89,-78.809,Theft
275556,280019,3,42.889,-78.84,Breaking & Entering
275561,280024,3,42.874,-78.806,Theft
275578,280041,3,42.869,-78.849,Theft
275585,280048,3,42.848,-78.812,Assault
275598,280061,3,42.87,-78.808,Theft
275601,280064,3,42.895,-78.837,Breaking & Entering
275608,280071,3,42.888,-78.836,Homicide
275630,280094,3,42.854,-78.829,Theft
275636,280100,3,42.874,-78.827,Theft
275639,280103,3,42.884,-78.839,Assault
275640,280104,3,42.866,-78.848,Breaking & Entering
275651,280115,3,42.851,-78.802,Breaking & Entering
275653,280117,3,42.871,-78.833,Assault
275654,280118,3,42.873,-78.825,Theft
275657,280121,3,42.891,-78.836,Theft
275671,280135,3,42.884,-78.848,Theft
275679,280143,3,42.841,-78.819,Theft of Vehicle
275681,280145,3,42.888,-78.839,Breaking & Entering
275684,280148,3,42.858,-78.831,Assault
275686,280150,3,42.87,-78.834,Assault
275695,280159,3,42.872,-78.812,Robbery
275702,280166,3,42.863,-78.82,Theft
275707,280171,3,42.842,-78.824,Assault
275713,280177,3,42.882,-78.807,Theft
275715,280179,3,42.893,-78.831,Robbery
275720,280184,3,42.892,-78.844,Breaking & Entering
275724,280188,3,42.87,-78.81,Theft
275742,280206,3,42.85,-78.801,Breaking & Entering
275743,280207,3,42.898,-78.807,Theft
275744,280208,3,42.841,-78.821,Assault
275748,280212,3,42.892,-78.841,Theft
275758,280222,3,42.87,-78.833,Breaking & Entering
275764,280228,3,42.897,-78.814,Theft
275765,280229,3,42.895,-78.827,Theft of Vehicle
275775,280239,3,42.886,-78.838,Breaking & Entering
275782,280246,3,42.847,-78.814,Theft of Vehicle
275789,280253,3,42.881,-78.833,Breaking & Entering
275799,280263,3,42.893,-78.833,Robbery
275801,280265,3,42.89,-78.811,Theft
275805,280269,3,42.876,-78.816,Breaking & Entering
275838,280302,3,42.844,-78.824,Theft of Vehicle
275839,280303,3,42.855,-78.809,Assault
275844,280308,3,42.837,-78.822,Breaking & Entering
275845,280309,3,42.871,-78.808,Breaking & Entering
275849,280313,3,42.86,-78.815,Theft
275864,280328,3,42.857,-78.812,Breaking & Entering
275866,280330,3,42.891,-78.832,Assault
275867,280331,3,42.839,-78.81,Theft
275870,280334,3,42.869,-78.808,Breaking & Entering
275871,280335,3,42.889,-78.807,Assault
275883,280347,3,42.868,-78.848,Breaking & Entering
275886,280350,3,42.873,-78.825,Theft
275888,280352,3,42.845,-78.824,Theft
275892,280356,3,42.895,-78.839,Theft
275899,280363,3,42.845,-78.823,Theft
275905,280369,3,42.88,-78.845,Assault
275916,280380,3,42.872,-78.843,Assault
275919,280383,3,42.898,-78.831,Robbery
275920,280384,3,42.887,-78.845,Breaking & Entering
275923,280387,3,42.849,-78.813,Theft
275929,280393,3,42.87,-78.812,Theft
275934,280398,3,42.848,-78.812,Assault
275935,280399,3,42.87,-78.823,Theft
275940,280404,3,42.893,-78.828,Assault
275951,280415,3,42.863,-78.828,Breaking & Entering
275954,280418,3,42.878,-78.848,Theft
275962,280426,3,42.848,-78.824,Theft
275963,280427,3,42.883,-78.834,Assault
275964,280428,3,42.847,-78.832,Breaking & Entering
275972,280436,3,42.845,-78.813,Theft
275978,280442,3,42.844,-78.827,Breaking & Entering
275985,280449,3,42.89,-78.831,Theft
275987,280451,3,42.898,-78.82,Breaking & Entering
275993,280457,3,42.854,-78.827,Theft
275994,280458,3,42.846,-78.818,Assault
275997,280461,3,42.851,-78.829,Theft
276000,280464,3,42.868,-78.848,Assault
276002,280466,3,42.893,-78.839,Theft
276005,280469,3,42.89,-78.8,Theft
276011,280475,3,42.872,-78.834,Robbery
276020,280484,3,42.854,-78.824,Assault
276026,280490,3,42.891,-78.815,Breaking & Entering
276030,280494,3,42.837,-78.83,Theft
276031,280495,3,42.894,-78.83,Theft
276032,280496,3,42.845,-78.821,Theft
276034,280498,3,42.873,-78.804,Assault
276043,280507,3,42.869,-78.855,Breaking & Entering
276047,280511,3,42.861,-78.812,Assault
276061,280525,3,42.854,-78.803,Theft
276062,280526,3,42.85,-78.811,Breaking & Entering
276063,280527,3,42.893,-78.805,Theft
276064,280528,3,42.897,-78.82,Assault
276074,280538,3,42.893,-78.831,Theft
276078,280542,3,42.875,-78.804,Breaking & Entering
276079,280543,3,42.889,-78.84,Theft
276083,280547,3,42.89,-78.809,Theft
